Pedestrian -1 -1 -1.8788 1677.2759 781.2892 1768.4565 964.7245 1.8079 0.7040 0.7010 8.0660 3.5103 15.8632 -1.3625 0.7174
Pedestrian -1 -1 1.1770 497.3620 778.8422 592.2884 983.0056 1.6476 0.6083 0.6169 -3.6635 3.0457 13.1501 0.8883 0.6205
Pedestrian -1 -1 0.3356 360.9002 794.1790 472.1089 1012.2567 1.6952 0.6179 0.7148 -4.5222 3.1406 12.4471 -0.0379 0.5671
Pedestrian -1 -1 -2.8268 557.2203 800.4875 620.7296 970.1877 1.6849 0.4972 0.5195 -3.8936 3.5547 15.6598 -3.0790 0.3366
Pedestrian -1 -1 0.4566 1454.8020 813.9567 1495.6011 906.0651 1.7494 0.6043 0.5730 10.4903 5.6610 30.5255 0.8122 0.2006
Pedestrian -1 -1 1.2226 1569.8965 795.5707 1604.8560 877.5253 1.5700 0.4865 0.6079 12.6857 5.0658 30.3092 1.6459 0.1897
Pedestrian -1 -1 -1.2614 842.4940 822.9971 906.5534 990.2299 1.6385 0.4924 0.6939 -0.9220 3.8100 15.9941 -1.3120 0.1835
Pedestrian -1 -1 -0.2490 1699.9254 838.2652 1794.0471 936.8978 1.1279 0.6367 0.9714 10.1967 3.9632 19.4339 0.2738 0.1493
Pedestrian -1 -1 3.6351 130.0239 891.1887 210.7598 1057.6383 1.6734 0.6602 0.5415 -8.6807 4.6584 16.4312 3.1321 0.1449
Pedestrian -1 -1 2.0396 641.1830 794.8759 677.6226 871.9362 1.7726 0.6739 0.5924 -7.3533 5.9573 36.4399 1.8474 0.1331
Pedestrian -1 -1 -2.6547 161.5225 889.3602 227.3882 1014.1971 1.6252 0.5508 0.6379 -10.7207 5.3737 20.9195 -3.1367 0.1154
Pedestrian -1 -1 0.8822 599.1345 807.0434 658.1789 968.4167 1.6442 0.4588 0.4280 -3.6143 3.6621 16.2548 0.6577 0.1063
Pedestrian -1 -1 -1.8707 1765.6553 795.1182 1839.1858 955.4951 1.5808 0.5465 0.6051 8.9192 3.4289 15.8732 -1.3107 0.1007
Cyclist -1 -1 -1.3105 1344.5001 773.3896 1473.6139 1003.2087 1.8656 0.7553 1.4881 4.2211 3.3418 14.0385 -0.9801 0.1443
Car -1 -1 -1.4559 902.9372 743.2812 1301.6766 1132.3820 1.5466 1.8688 3.9804 1.1131 2.4639 9.4242 -1.3105 0.2866
