Pedestrian -1 -1 -2.6397 305.2156 797.4694 413.7039 1004.7972 1.6398 0.6479 0.6326 -5.1268 3.1536 12.7663 -3.0481 0.6292
Pedestrian -1 -1 -1.9232 1595.9807 779.5635 1685.7404 956.4706 1.8032 0.7008 0.7441 7.4271 3.5388 16.3707 -1.4547 0.5998
Pedestrian -1 -1 0.5189 432.1258 786.9745 526.7971 985.4882 1.6726 0.5861 0.6072 -4.3446 3.1739 13.5077 0.1887 0.4350
Pedestrian -1 -1 0.3678 475.4282 785.2673 545.6293 963.0405 1.7783 0.5069 0.5653 -4.7322 3.4930 15.7187 0.0632 0.2774
Pedestrian -1 -1 1.7867 628.3588 772.8047 680.8284 899.8696 1.8536 0.6805 0.5426 -4.6578 4.1296 22.7357 1.5856 0.1866
Pedestrian -1 -1 3.2737 100.6290 856.9554 172.8853 1030.0997 1.7503 0.7314 0.6314 -9.2536 4.4289 16.8037 2.7524 0.1724
Pedestrian -1 -1 -1.6340 1239.0533 728.5884 1342.4926 1054.1995 1.8603 0.6022 0.8738 2.0467 2.5418 9.3415 -1.3751 0.1696
Pedestrian -1 -1 3.2833 474.8572 778.9478 531.5177 936.3377 1.6993 0.5085 0.5549 -5.2089 3.4835 17.0234 2.9758 0.1458
Pedestrian -1 -1 3.4052 521.8546 804.8743 585.5905 965.0127 1.6588 0.5008 0.5628 -4.4407 3.6528 16.3145 3.1305 0.1339
Cyclist -1 -1 -1.6682 1189.8068 754.7266 1287.5372 994.1317 1.7236 0.6931 1.9177 2.3483 2.9240 12.8347 -1.4569 0.2726
Car -1 -1 -1.4521 889.3229 748.1976 1300.0627 1154.9724 1.5786 1.8933 4.0672 1.0707 2.5317 9.3513 -1.3107 0.1571
