Pedestrian -1 -1 0.5802 505.0182 782.8497 607.1324 981.3918 1.6033 0.5839 0.6481 -3.5288 3.0209 13.0468 0.2994 0.6715
Pedestrian -1 -1 -1.9063 1686.4889 775.6956 1783.2739 962.3892 1.8294 0.7242 0.7480 8.1549 3.4656 15.7915 -1.3831 0.5843
Pedestrian -1 -1 -1.2565 885.3121 797.6926 957.7032 975.1630 1.7474 0.5659 0.7509 -0.4195 3.6503 16.0268 -1.2733 0.4877
Pedestrian -1 -1 0.2716 375.0090 769.7698 487.2853 993.6110 1.7182 0.6709 0.7301 -4.3547 2.9477 12.3235 -0.0936 0.4877
Pedestrian -1 -1 -2.5132 161.6600 909.2312 236.0936 1041.7288 1.6902 0.5913 0.7169 -10.6527 5.7311 20.9074 -2.9917 0.4579
Pedestrian -1 -1 0.1453 556.4353 791.5001 616.0027 962.0295 1.6560 0.5015 0.5297 -3.8427 3.3964 15.3442 -0.1097 0.4079
Pedestrian -1 -1 -1.2440 961.9658 796.3080 1022.7795 948.0455 1.6320 0.5278 0.6212 0.3645 3.6629 17.3351 -1.2098 0.3008
Pedestrian -1 -1 0.7930 1704.4531 840.4263 1797.9564 928.6871 0.9498 0.5215 1.0187 10.2223 3.8230 19.3778 1.3185 0.2527
Pedestrian -1 -1 1.2818 1639.8533 793.7333 1681.4904 893.7817 1.7151 0.5487 0.6018 12.6901 4.8186 27.1444 1.7491 0.2235
Pedestrian -1 -1 1.2516 1591.0563 796.7072 1626.3231 879.0474 1.5511 0.4835 0.6451 12.9724 5.0349 29.9745 1.6875 0.1407
Pedestrian -1 -1 -1.1914 909.2996 804.0281 965.0316 942.0856 1.6006 0.5250 0.5450 -0.2968 3.8698 18.5945 -1.1967 0.1405
Pedestrian -1 -1 2.4895 1473.9670 809.7892 1517.3618 900.5751 1.7212 0.5976 0.5869 10.7978 5.5038 30.2253 2.8577 0.1330
Pedestrian -1 -1 0.4392 601.8021 791.4888 657.3293 950.4717 1.6019 0.4548 0.4247 -3.5227 3.4026 15.8964 0.2144 0.1131
Pedestrian -1 -1 -1.4985 1374.5699 777.4011 1472.3735 1016.7464 1.8074 0.6749 1.0922 3.9491 3.1713 12.7390 -1.1559 0.1085
Pedestrian -1 -1 -2.4304 263.4857 801.0555 427.1678 1026.7908 1.4648 0.6726 0.8672 -4.4549 2.7944 10.8428 -2.8567 0.1060
Pedestrian -1 -1 -2.6683 605.5977 786.2769 685.7278 975.3887 1.5573 0.4887 0.5258 -2.7673 3.0073 13.1342 -2.8871 0.1013
Cyclist -1 -1 -1.3816 1382.2775 770.0066 1498.6747 998.8976 1.8553 0.7326 1.3876 4.4694 3.2800 13.8985 -1.0303 0.1575
Cyclist -1 -1 -1.4320 1310.4156 729.6150 1473.9867 1070.9662 1.7961 0.6992 1.4177 2.6606 2.4917 9.1439 -1.0949 0.1009
Car -1 -1 -1.6092 882.6188 753.8376 1245.0266 1118.4314 1.4688 1.8176 4.0307 0.5974 2.4674 9.5290 -1.5277 0.1895
Car -1 -1 -1.8881 1504.5884 799.1070 1615.6746 873.9232 1.4775 1.7433 4.0637 16.5014 6.5449 41.4019 -1.4866 0.1438
