Pedestrian -1 -1 -1.9872 1627.4855 777.8674 1723.1766 956.3065 1.8032 0.7160 0.7335 7.7109 3.4978 16.1754 -1.4983 0.7732
Pedestrian -1 -1 -2.6074 333.2110 788.7545 445.7271 1003.3948 1.6860 0.6633 0.6514 -4.8433 3.1180 12.6945 -2.9974 0.6424
Pedestrian -1 -1 0.8239 464.8687 787.7736 565.8376 991.4620 1.6797 0.6208 0.6075 -3.9987 3.1875 13.4238 0.5171 0.5860
Pedestrian -1 -1 0.4567 500.5580 794.0636 571.0588 967.4167 1.7171 0.5068 0.5460 -4.4578 3.5249 15.6855 0.1688 0.3082
Pedestrian -1 -1 -1.5417 131.7966 890.1906 179.3151 1025.0497 1.6169 0.5687 1.2179 -11.4352 5.5048 21.2443 -2.0438 0.2438
Pedestrian -1 -1 1.1644 574.8694 800.6229 629.2767 960.4553 1.6367 0.4282 0.4604 -3.9196 3.5905 16.3144 0.9215 0.1712
Pedestrian -1 -1 2.0132 614.8424 776.6480 650.7752 855.4487 1.8358 0.6911 0.5392 -8.0142 5.5741 36.4982 1.8030 0.1375
Pedestrian -1 -1 -1.6269 1252.6829 722.6387 1356.3884 1056.8824 1.8549 0.5849 0.8923 2.0789 2.4815 9.0887 -1.3564 0.1256
Pedestrian -1 -1 -1.6005 247.1878 832.3495 341.9456 1024.8610 1.2904 0.6207 0.7961 -5.1743 2.9673 11.5915 -2.0549 0.1230
Pedestrian -1 -1 -0.2458 1915.7327 775.4797 1936.0000 1126.8322 1.2192 0.6414 1.0374 4.5802 1.8962 6.1866 0.5235 0.1141
Pedestrian -1 -1 3.3500 121.1878 872.4280 192.8429 1036.4952 1.6583 0.6847 0.5885 -9.0144 4.5044 16.7802 2.8398 0.1086
Cyclist -1 -1 -1.5563 134.8573 884.7692 179.6204 1016.6707 1.5614 0.5452 1.3478 -11.4319 5.3841 21.2751 -2.0580 0.2673
Cyclist -1 -1 -1.6045 1216.2697 751.4651 1304.8073 988.5853 1.7226 0.6936 1.8030 2.5640 2.8891 12.8317 -1.3753 0.2055
Cyclist -1 -1 -0.2458 1915.7327 775.4797 1936.0000 1126.8322 1.2192 0.6414 1.0374 4.5802 1.8962 6.1866 0.5235 0.1014
Car -1 -1 -1.4293 927.6496 743.4951 1350.1732 1151.4154 1.6046 1.8756 4.0591 1.3473 2.5257 9.3941 -1.2551 0.2283
Car -1 -1 1.2810 1419.6621 802.8308 1518.0062 872.7102 1.5104 1.7826 4.0264 15.1631 7.0950 44.8759 1.6272 0.1608
