Pedestrian -1 -1 1.0746 470.7747 779.8146 573.8591 983.8517 1.6526 0.6461 0.6390 -3.8908 3.0729 13.2566 0.7713 0.6428
Pedestrian -1 -1 0.5334 336.4003 776.3473 454.0058 996.0548 1.7213 0.6623 0.6932 -4.7645 3.0373 12.6158 0.1464 0.5998
Pedestrian -1 -1 -1.9148 1642.2678 784.6690 1735.0641 966.1882 1.8034 0.6994 0.7705 7.7959 3.5651 16.0555 -1.4182 0.5575
Pedestrian -1 -1 0.7014 1426.6311 810.9333 1473.1877 905.0686 1.8071 0.6542 0.6420 10.0943 5.7060 30.8988 1.0410 0.4333
Pedestrian -1 -1 3.3006 526.0812 794.5206 584.7672 970.6588 1.7419 0.5181 0.5207 -4.2362 3.5474 15.6304 3.0258 0.4058
Pedestrian -1 -1 -1.6933 1354.3387 774.5803 1432.6145 1005.2432 1.9315 0.6152 0.8307 3.9172 3.3391 13.5962 -1.3747 0.2408
Pedestrian -1 -1 -1.7071 231.0142 820.2743 347.0274 1034.8997 1.4257 0.6755 0.8500 -5.1582 2.9937 11.4608 -2.1652 0.1199
Pedestrian -1 -1 -1.5728 1252.4302 725.4460 1361.6954 1061.1794 1.8271 0.5980 1.0018 2.1047 2.4727 9.0390 -1.2975 0.1038
Pedestrian -1 -1 0.4464 1668.9445 835.8604 1765.9637 934.7005 1.1006 0.5790 0.9803 9.9239 3.9513 19.6409 0.9531 0.1006
Cyclist -1 -1 -1.5481 1234.6919 758.4717 1332.0154 999.0012 1.7737 0.7278 1.7314 2.8225 3.0175 12.9937 -1.3008 0.2322
Cyclist -1 -1 -1.5459 1337.1577 774.0272 1421.8346 999.6004 1.8680 0.6876 1.1886 3.9140 3.3264 13.9503 -1.2354 0.1118
Car -1 -1 -1.3943 916.1124 742.6099 1363.2451 1140.2804 1.5446 1.8912 4.0819 1.3563 2.4592 9.3775 -1.2186 0.2173
Car -1 -1 -1.7877 1257.8652 784.0211 1533.2771 1032.9960 1.5472 1.7424 4.1010 3.9063 3.2756 14.1232 -1.4815 0.1259
