Pedestrian -1 -1 0.3892 564.2818 777.7495 670.8739 983.3754 1.6349 0.5964 0.7172 -2.9232 2.9744 12.7569 0.1501 0.6366
Pedestrian -1 -1 -2.0395 1745.7743 771.9849 1858.3400 962.2088 1.8244 0.7297 0.8630 8.7093 3.3966 15.5218 -1.4792 0.5801
Pedestrian -1 -1 0.4100 419.1006 779.4128 544.0874 995.9615 1.6160 0.6708 0.7615 -3.8499 2.8978 12.0424 0.0766 0.5769
Pedestrian -1 -1 -1.4356 930.1161 798.5057 991.2443 972.7208 1.7001 0.5510 0.6556 -0.0004 3.5634 15.6852 -1.4242 0.5015
Pedestrian -1 -1 -1.6378 1470.6127 792.8661 1550.4843 1018.7401 1.8190 0.6470 0.8522 4.8738 3.3705 13.3059 -1.2422 0.3807
Pedestrian -1 -1 -2.7455 586.2121 798.3009 654.1235 980.2151 1.7199 0.5158 0.5065 -3.4162 3.4933 14.9985 -2.9776 0.3378
Pedestrian -1 -1 1.2663 1655.1351 790.1821 1690.9546 877.0410 1.6092 0.4875 0.6083 13.9623 4.8901 29.3440 1.7393 0.3312
Pedestrian -1 -1 -1.2640 982.5303 801.8607 1040.3127 956.0842 1.6388 0.4999 0.5871 0.5765 3.7033 17.0843 -1.2160 0.2765
Pedestrian -1 -1 0.3996 1746.6721 802.9863 1848.3032 920.6989 1.3235 0.5538 0.9904 10.6632 3.6634 19.0845 0.9508 0.1663
Pedestrian -1 -1 -0.0195 206.0889 911.9244 258.8928 1046.5103 1.6683 0.5460 0.6392 -10.0358 5.6951 20.5902 -0.4802 0.1662
Pedestrian -1 -1 2.3606 1536.8927 815.3549 1583.0386 914.0577 1.8119 0.5878 0.6000 11.7328 5.5940 29.3136 2.7679 0.1513
Pedestrian -1 -1 -1.3101 917.7527 824.0169 986.4612 1014.9341 1.7431 0.5430 0.5711 -0.0856 3.7498 14.7243 -1.3048 0.1083
Cyclist -1 -1 -2.4757 241.7289 810.3475 513.8097 1064.9158 1.5291 0.8785 1.5668 -4.0847 2.9114 10.5207 -2.8816 0.1575
Cyclist -1 -1 3.3973 418.6982 776.5048 554.1849 993.0759 1.6241 0.6756 0.9137 -3.8264 2.8887 12.1040 3.0676 0.1292
Cyclist -1 -1 0.3848 555.1902 771.4030 673.4438 978.7344 1.6489 0.6153 0.8159 -2.9527 2.9354 12.7691 0.1434 0.1205
Car -1 -1 -1.5706 1009.3432 741.2023 1394.0358 1137.9606 1.5455 1.8465 3.9835 1.5440 2.4283 9.2146 -1.3685 0.2100
