Pedestrian -1 -1 -1.9247 1589.5222 791.8203 1675.5466 963.5280 1.7604 0.6874 0.6781 7.3664 3.6367 16.4351 -1.4613 0.7160
Pedestrian -1 -1 0.3539 435.9663 799.4631 517.6791 1001.9092 1.7508 0.5283 0.5680 -4.4215 3.3782 13.6706 0.0232 0.4304
Pedestrian -1 -1 1.2852 286.4218 811.3020 381.2772 1038.7126 1.7738 0.5930 0.5948 -5.3587 3.4178 12.7701 0.8616 0.3683
Pedestrian -1 -1 0.3701 473.1232 815.5994 540.8531 986.5147 1.7210 0.4767 0.5563 -4.8204 3.7792 15.8846 0.0644 0.2238
Pedestrian -1 -1 -0.6954 172.9083 813.6073 291.8838 1048.6624 1.6997 0.5900 0.6082 -5.7630 3.2431 11.8380 -1.1827 0.1438
Pedestrian -1 -1 3.3287 91.2064 845.4183 167.0746 1013.3607 1.7124 0.7034 0.6371 -9.3566 4.2595 16.8352 2.8028 0.1122
Pedestrian -1 -1 1.1443 1499.5220 794.2665 1538.7114 884.1149 1.7504 0.5701 0.5782 11.4001 5.2468 30.5711 1.5268 0.1054
Pedestrian -1 -1 1.7698 608.1729 763.0117 659.4417 892.2393 1.8875 0.6678 0.5328 -4.9650 4.0086 22.6953 1.5545 0.1005
Cyclist -1 -1 -1.6863 1179.6365 761.1827 1286.5466 997.3042 1.6996 0.7410 1.9015 2.3055 2.9625 12.8770 -1.4793 0.2514
Cyclist -1 -1 -0.0166 1527.0988 776.3214 1755.8116 974.3676 1.6299 0.7787 1.9393 6.4722 3.1539 14.2735 0.4570 0.1108
Cyclist -1 -1 -1.5343 1251.8396 778.0749 1333.1305 983.0652 1.7622 0.6895 1.5142 3.3195 3.3739 14.9107 -1.2844 0.1047
Car -1 -1 -1.4887 885.4254 747.2714 1259.9780 1148.3723 1.5882 1.8321 3.9094 0.9096 2.5214 9.3030 -1.3664 0.2151
Car -1 -1 -1.8483 1386.6500 802.7822 1483.9067 878.1519 1.5732 1.6916 3.9979 13.5220 6.9150 42.8704 -1.5225 0.1289
