Pedestrian -1 -1 0.3732 532.6765 770.6082 634.3743 973.7382 1.6316 0.6008 0.6785 -3.2319 2.9145 12.8301 0.1105 0.7234
Pedestrian -1 -1 0.4022 392.7892 773.5190 515.0900 987.1688 1.6278 0.6532 0.7589 -4.1331 2.8766 12.2203 0.0510 0.6895
Pedestrian -1 -1 0.4385 179.9200 902.3822 250.0005 1033.1389 1.6889 0.5648 0.7027 -10.4007 5.6130 20.8549 -0.0316 0.5610
Pedestrian -1 -1 -2.0187 1741.0219 771.2675 1847.3785 957.3176 1.7925 0.7188 0.7727 8.6160 3.3506 15.4966 -1.4624 0.5404
Pedestrian -1 -1 -1.4480 900.5731 802.2697 960.5748 979.6264 1.7398 0.5481 0.6710 -0.3175 3.6525 15.7622 -1.4583 0.5177
Pedestrian -1 -1 0.2109 583.0707 791.5422 645.8034 960.6988 1.6174 0.5259 0.5219 -3.4962 3.3300 15.0992 -0.0253 0.3162
Pedestrian -1 -1 1.1992 1724.4727 795.1519 1788.0060 905.7164 1.2986 0.4801 0.8433 10.3120 3.5608 19.4168 1.7280 0.3141
Pedestrian -1 -1 2.4433 1495.8206 806.0593 1542.1479 899.2010 1.7443 0.6235 0.6137 11.1556 5.4165 29.9215 2.8258 0.1950
Pedestrian -1 -1 -1.2692 885.9699 820.3021 956.9409 1004.6576 1.6664 0.5207 0.6652 -0.3866 3.6438 14.7413 -1.2863 0.1702
Pedestrian -1 -1 1.3807 1648.3646 802.6094 1689.8850 902.1315 1.6509 0.5612 0.7423 12.6761 4.8865 26.7933 1.8528 0.1371
Pedestrian -1 -1 0.1108 622.9508 773.5095 700.6638 967.0718 1.5719 0.5071 0.6075 -2.5677 2.8777 12.8590 -0.0974 0.1341
Pedestrian -1 -1 2.2596 190.6253 865.6967 255.1246 982.1497 1.6448 0.5902 0.6964 -11.4509 5.4463 23.2034 1.7952 0.1177
Pedestrian -1 -1 1.2346 1631.0286 793.6602 1667.0085 877.2770 1.5643 0.4858 0.6110 13.6334 4.9483 29.6539 1.6939 0.1067
Cyclist -1 -1 -1.4357 1417.9124 767.6152 1537.1484 997.7003 1.8163 0.7694 1.5778 4.7732 3.2140 13.7689 -1.0596 0.2307
Cyclist -1 -1 -1.6250 1326.3358 767.3713 1416.8868 1009.3917 1.7326 0.6984 1.8674 3.5109 3.0526 12.8641 -1.3198 0.1940
Cyclist -1 -1 0.2875 393.8647 769.2722 526.7672 983.8880 1.6339 0.6647 0.8876 -4.0794 2.8488 12.2254 -0.0594 0.1530
Cyclist -1 -1 -2.5051 254.3950 771.8420 533.9599 1041.9253 1.6742 0.8595 1.6474 -3.9805 2.7713 10.5513 -2.9012 0.1275
Cyclist -1 -1 0.3432 524.2660 763.6462 637.2243 968.4921 1.6491 0.6147 0.7832 -3.2550 2.8711 12.8332 0.0785 0.1145
Cyclist -1 -1 0.4138 175.0686 902.8481 257.6023 1032.6438 1.6661 0.5820 0.8713 -10.3818 5.6015 20.8589 -0.0555 0.1108
Car -1 -1 -1.6108 934.5286 748.7502 1302.4290 1128.9298 1.5047 1.7970 4.0028 0.9315 2.4495 9.3378 -1.4863 0.2468
