Pedestrian -1 -1 0.7045 722.6171 759.0900 850.2609 1022.7625 1.7120 0.6176 0.6541 -1.2351 2.7018 10.5930 0.5818 0.7490
Pedestrian -1 -1 0.4569 817.4961 765.7969 929.2135 1002.8939 1.6467 0.5827 0.6477 -0.6561 2.7438 11.2497 0.4007 0.7203
Pedestrian -1 -1 -0.1579 466.5966 831.5386 531.0872 960.8111 1.6669 0.5893 0.7857 -6.5340 4.6465 21.1244 -0.4615 0.4973
Pedestrian -1 -1 -2.9234 784.7789 768.4558 852.7985 965.8186 1.7208 0.5415 0.5183 -1.3073 3.0723 13.7777 -3.0170 0.4640
Pedestrian -1 -1 0.0323 278.7647 794.3256 350.5242 969.1163 1.8006 0.5903 0.7197 -7.1741 3.7291 16.6113 -0.3921 0.4399
Pedestrian -1 -1 -2.8468 459.3172 786.6017 655.8606 1032.3553 1.4017 0.7270 1.0349 -2.5064 2.4546 9.3735 -3.1398 0.4182
Pedestrian -1 -1 -0.1047 860.3107 773.7750 914.3463 952.4067 1.6077 0.4805 0.4666 -0.7050 3.0469 14.1847 -0.1486 0.2742
Pedestrian -1 -1 2.0813 448.5866 824.7902 503.2078 936.6421 1.6178 0.5688 0.6443 -7.5665 4.7856 23.3277 1.7652 0.2351
Pedestrian -1 -1 2.0122 493.7710 828.1516 543.9300 925.1418 1.3830 0.4986 0.7020 -6.8942 4.6049 23.3211 1.7230 0.1063
Pedestrian -1 -1 1.9496 419.2066 829.4183 469.0799 945.8420 1.7221 0.5642 0.5877 -8.1215 4.9778 23.5000 1.6141 0.1028
Cyclist -1 -1 -2.8342 453.2323 781.2803 688.3657 1037.8840 1.4366 0.8147 1.2395 -2.3999 2.4542 9.3094 -3.1173 0.2649
Cyclist -1 -1 -1.4808 1661.3348 739.5610 1865.7391 1118.5913 1.8822 0.7696 1.9263 4.8770 2.6506 9.0246 -0.9070 0.1304
Car -1 -1 -1.5152 1425.2391 758.3735 1868.9167 1199.1711 1.5730 1.8015 3.8182 4.1513 2.5357 8.6943 -0.9929 0.3567
