Pedestrian -1 -1 0.5752 648.2772 794.2781 748.5323 1007.0343 1.6037 0.5519 0.6063 -2.1457 3.0313 12.2336 0.3922 0.6523
Pedestrian -1 -1 0.8709 530.1240 790.6002 644.8265 1024.8031 1.6520 0.5651 0.6610 -2.8890 2.9801 11.5647 0.6075 0.5959
Pedestrian -1 -1 -1.5009 1033.1322 831.0444 1085.7755 1006.3914 1.6595 0.4891 0.4893 0.9942 3.7778 15.0883 -1.4177 0.3455
Pedestrian -1 -1 -1.9243 1888.2323 782.2981 1936.0000 976.3859 1.7848 0.6947 0.7172 9.7482 3.4002 14.9069 -1.2919 0.3404
Pedestrian -1 -1 -1.7378 859.6940 834.6065 915.4585 1013.1932 1.6490 0.4808 0.4660 -0.7297 3.7549 14.7394 -1.7801 0.2135
Pedestrian -1 -1 -2.6216 634.2093 824.7290 705.5783 1007.6772 1.6450 0.4788 0.5056 -2.8070 3.6136 14.4247 -2.8197 0.2054
Pedestrian -1 -1 1.2162 1744.6536 806.1036 1786.2942 899.2886 1.6248 0.5140 0.6072 14.9183 5.0289 27.7504 1.7403 0.1725
Pedestrian -1 -1 -2.7777 697.1950 809.6940 757.0711 985.5339 1.6649 0.4725 0.4565 -2.3483 3.5556 15.0223 -2.9350 0.1714
Pedestrian -1 -1 -1.3240 996.9316 829.1446 1057.8097 1013.6390 1.6184 0.4614 0.4918 0.6264 3.5852 14.0960 -1.2640 0.1686
Pedestrian -1 -1 -2.5471 1112.9714 881.6795 1182.8826 1076.2429 1.5967 0.5199 0.3962 1.6810 3.9632 13.4569 -2.3990 0.1664
Pedestrian -1 -1 -1.5350 972.4072 844.8970 1023.5416 1016.6495 1.6279 0.4922 0.4462 0.3724 3.8747 15.0319 -1.4963 0.1307
Pedestrian -1 -1 -1.6047 1077.2883 840.9092 1121.3907 998.1036 1.5623 0.4633 0.6215 1.4808 3.9339 16.0913 -1.4936 0.1213
Pedestrian -1 -1 -1.8999 1486.0679 725.9376 1624.6427 1075.4744 1.8375 0.5651 0.7144 3.3483 2.4363 8.4739 -1.4527 0.1091
Cyclist -1 -1 -2.5321 312.9970 796.6662 628.5282 1085.5419 1.6710 0.8127 1.8734 -3.2774 2.8972 10.0404 -2.8800 0.2318
Car -1 -1 -1.6679 1223.9321 744.3635 1635.3063 1185.7407 1.6486 1.8544 4.2656 2.6941 2.5605 9.1213 -1.3262 0.5499
Car -1 -1 -1.9332 1659.0231 782.8468 1915.1520 965.1666 1.7747 1.8696 3.9161 11.0140 4.1364 20.2695 -1.3967 0.1337
