Pedestrian -1 -1 -2.6641 708.5411 782.1735 809.4495 1002.6393 1.6215 0.5644 0.6044 -1.6024 2.9103 11.8883 -2.8039 0.7107
Pedestrian -1 -1 -2.3726 584.0876 774.4781 705.4766 1018.3687 1.6858 0.5609 0.7016 -2.3839 2.8558 11.2755 -2.5970 0.4746
Pedestrian -1 -1 -2.1746 122.2149 856.1473 217.1688 1027.3503 1.7056 0.5517 0.8185 -8.7254 4.3217 16.4881 -2.6795 0.3216
Pedestrian -1 -1 -0.7280 1608.1981 884.2130 1771.6917 1116.2278 1.6483 0.6043 1.0189 5.8070 3.7889 11.9384 -0.2202 0.3044
Pedestrian -1 -1 -0.1309 386.4916 869.7927 435.7005 998.4114 1.6738 0.5586 0.5881 -7.8416 5.2264 21.3100 -0.4878 0.2938
Pedestrian -1 -1 -2.8488 703.4087 801.0615 766.9773 987.6995 1.6919 0.4959 0.4819 -2.1668 3.4167 14.3627 -3.0013 0.2097
Pedestrian -1 -1 -2.7953 759.5109 795.5476 819.2669 977.8499 1.6993 0.4757 0.4507 -1.6921 3.4152 14.7535 -2.9088 0.1662
Pedestrian -1 -1 -2.4855 898.5920 835.5625 964.4883 1019.7888 1.6469 0.4436 0.4586 -0.2855 3.7205 14.4048 -2.4955 0.1555
Pedestrian -1 -1 -3.2186 1452.8357 881.5991 1535.8596 1042.2632 1.3114 0.4707 0.6946 4.8347 3.7005 13.5887 -2.8341 0.1246
Pedestrian -1 -1 -2.1161 968.9663 860.2126 1026.7476 1043.0887 1.7180 0.4592 0.3634 0.3664 4.1232 15.0150 -2.0775 0.1132
Pedestrian -1 -1 2.1127 391.0042 864.6222 443.7408 971.0726 1.5249 0.5051 0.6726 -8.5432 5.3531 23.5035 1.7616 0.1013
Cyclist -1 -1 -2.6905 340.1168 784.5397 628.3931 1049.9368 1.5472 0.8425 1.6022 -3.1060 2.6515 9.8370 -3.0300 0.2341
Cyclist -1 -1 -2.5384 116.8840 851.7308 233.0645 1022.5216 1.7369 0.6267 0.9477 -8.6776 4.2977 16.5235 -3.0401 0.1074
Cyclist -1 -1 -0.9322 1617.1433 891.3511 1768.1633 1119.8750 1.5850 0.5907 0.9842 5.8370 3.7967 11.9420 -0.4224 0.1005
Car -1 -1 -1.6807 1257.2462 749.3776 1670.8398 1179.3693 1.5924 1.8425 3.9500 2.8230 2.5135 8.9227 -1.3160 0.5449
Car -1 -1 -1.8828 1752.8535 775.6562 1936.0000 961.0970 1.7408 1.7965 3.8127 11.7703 3.9156 19.4951 -1.2980 0.1340
