Pedestrian -1 -1 -2.6480 767.9034 751.7487 890.4114 1021.3682 1.7254 0.5855 0.6436 -0.9074 2.6359 10.3379 -2.7388 0.7528
Pedestrian -1 -1 0.2332 846.7319 764.8008 955.7864 1000.3271 1.6072 0.5804 0.6820 -0.4325 2.6668 10.9744 0.1980 0.5577
Pedestrian -1 -1 -2.3605 793.0492 781.6041 876.6468 990.5413 1.7544 0.5424 0.5207 -1.1397 3.2077 13.4946 -2.4426 0.5237
Pedestrian -1 -1 -2.9788 878.2225 794.1522 940.8295 977.5784 1.6257 0.5180 0.5086 -0.4827 3.2526 14.0830 -3.0055 0.2990
Pedestrian -1 -1 -2.5885 496.7130 786.4464 672.0655 1039.6438 1.3903 0.6709 0.8207 -2.3065 2.4313 9.2013 -2.8647 0.2126
Pedestrian -1 -1 2.2039 491.9652 817.5273 546.5691 921.5114 1.4884 0.5216 0.6690 -6.8829 4.5417 23.3013 1.9147 0.1669
Pedestrian -1 -1 -2.1608 1010.5998 768.1282 1085.5081 963.9882 1.6212 0.4794 0.4721 0.7624 2.9141 13.1752 -2.0863 0.1616
Pedestrian -1 -1 -1.5872 1756.1368 839.5306 1849.1738 1055.4496 1.5511 0.6429 1.1633 7.1702 3.4728 12.7262 -1.0173 0.1001
Cyclist -1 -1 -2.6320 494.6431 776.8875 721.8206 1051.0392 1.4736 0.7370 1.1306 -2.1287 2.4477 9.0869 -2.8910 0.1145
Cyclist -1 -1 -2.7129 760.8912 736.3060 895.8061 1010.3712 1.7593 0.6211 0.7398 -0.9125 2.5615 10.3529 -2.8044 0.1081
Car -1 -1 -1.0796 1306.4125 773.8333 1936.0000 1208.2153 1.4313 1.8953 4.7820 4.3846 2.4544 8.2831 -0.5077 0.1668
