Pedestrian -1 -1 0.5836 782.1479 772.2188 894.6163 1005.0697 1.6409 0.5873 0.6426 -0.9388 2.8116 11.4716 0.5015 0.6648
Pedestrian -1 -1 0.8137 682.8793 764.4630 810.4485 1025.3396 1.7200 0.6291 0.6606 -1.5471 2.7695 10.7938 0.6619 0.6563
Pedestrian -1 -1 -0.1797 434.7233 859.3231 490.9736 990.4584 1.6994 0.5910 0.6634 -7.1000 5.1036 21.2973 -0.5048 0.4685
Pedestrian -1 -1 -2.8083 825.3572 791.9450 887.0432 963.3636 1.5603 0.4563 0.4697 -1.0116 3.2054 14.4445 -2.8741 0.2982
Pedestrian -1 -1 -2.4907 741.8828 791.0568 816.9443 992.7710 1.7476 0.5169 0.4748 -1.6834 3.3261 13.8640 -2.6124 0.2818
Pedestrian -1 -1 2.1276 450.6123 846.9308 504.3812 947.2469 1.4112 0.4774 0.7431 -7.5336 4.9334 23.3050 1.8128 0.2641
Pedestrian -1 -1 -1.7028 1244.0891 751.0479 1398.5603 1130.1682 1.6539 0.6687 1.0652 1.7727 2.3342 7.4868 -1.4146 0.2178
Pedestrian -1 -1 -1.3657 1617.2656 859.8074 1722.2057 1063.5195 1.5240 0.5669 1.1522 6.2859 3.7032 13.2494 -0.8723 0.2093
Pedestrian -1 -1 -2.3651 416.0728 784.9603 618.2801 1046.6693 1.4450 0.6930 1.0265 -2.8003 2.5138 9.4496 -2.6876 0.1700
Pedestrian -1 -1 0.3082 232.9829 830.9584 308.7593 996.3690 1.7094 0.5566 0.6288 -7.6418 4.0366 16.5703 -0.1407 0.1410
Pedestrian -1 -1 -1.9991 995.0197 809.6730 1058.2798 982.6265 1.5290 0.4544 0.4516 0.6154 3.3120 14.1383 -1.9403 0.1320
Cyclist -1 -1 -2.7059 402.2155 783.0594 653.9695 1050.4563 1.5137 0.7852 1.3338 -2.7246 2.5678 9.4953 -3.0181 0.1491
Cyclist -1 -1 -1.3515 1619.6797 848.0712 1734.4197 1058.2042 1.5633 0.5902 1.3072 6.3632 3.6462 13.2707 -0.8536 0.1182
Car -1 -1 -1.5543 1380.3257 757.4494 1799.7787 1203.4443 1.5780 1.8175 3.8430 3.8047 2.5348 8.6737 -1.0674 0.4362
