Pedestrian -1 -1 0.4239 614.7936 798.1019 715.6476 1001.4632 1.5717 0.5327 0.6662 -2.4595 3.0528 12.4557 0.2179 0.6279
Pedestrian -1 -1 -1.4526 986.7538 816.1644 1045.9965 992.6959 1.6786 0.5258 0.6646 0.5730 3.6955 15.3979 -1.4005 0.4482
Pedestrian -1 -1 0.4235 470.3806 791.5023 586.4432 1011.1950 1.6084 0.5856 0.7057 -3.4021 2.9587 11.7870 0.1207 0.4420
Pedestrian -1 -1 -1.9071 1825.9531 766.1877 1930.3582 964.0843 1.8668 0.7280 0.7302 9.2997 3.3446 15.1937 -1.3064 0.3889
Pedestrian -1 -1 -2.6406 632.8078 812.0669 703.9785 994.5413 1.6796 0.5007 0.5112 -2.8803 3.5623 14.7270 -2.8395 0.3340
Pedestrian -1 -1 1.2775 1727.3657 801.9982 1776.5780 904.6679 1.6434 0.5789 0.7457 13.6568 4.7546 25.8427 1.7960 0.2655
Pedestrian -1 -1 -3.5270 1525.5049 845.7495 1628.4911 1056.5039 1.6764 0.5949 0.6595 5.2876 3.6233 12.8687 -3.0890 0.2620
Pedestrian -1 -1 -1.4248 1041.5574 829.5457 1106.8645 992.7407 1.5584 0.5495 1.0023 1.2339 3.8532 16.2173 -1.3309 0.2169
Pedestrian -1 -1 1.1588 1709.1140 798.6445 1749.0017 887.9731 1.6072 0.4963 0.5731 14.5838 4.9442 28.4139 1.6631 0.2032
Pedestrian -1 -1 -1.2963 958.2319 834.2792 1029.0710 1029.4700 1.7102 0.5442 0.5206 0.3101 3.7369 14.1440 -1.2607 0.1992
Pedestrian -1 -1 1.2209 1710.0289 798.8817 1751.6888 891.2407 1.6177 0.5247 0.6081 14.3120 4.8941 27.8205 1.7266 0.1299
Pedestrian -1 -1 0.2039 675.4225 835.4453 726.1880 995.6350 1.5441 0.4544 0.4282 -2.6543 3.7256 15.2614 0.0287 0.1127
Pedestrian -1 -1 -2.4929 1068.5966 895.6653 1144.2133 1080.5836 1.5189 0.5346 0.4534 1.3263 4.0551 13.6576 -2.3749 0.1079
Pedestrian -1 -1 -1.5580 937.5174 835.2151 984.9485 1005.1887 1.6455 0.4758 0.5225 0.0036 3.8497 15.4057 -1.5460 0.1032
Cyclist -1 -1 -2.4892 296.0195 797.5618 598.4786 1076.0548 1.6158 0.8675 1.7718 -3.4805 2.8677 10.1740 -2.8523 0.2505
Cyclist -1 -1 -1.3535 1191.7235 799.9761 1301.2605 997.7686 1.7580 0.6833 2.1066 3.1455 3.7993 16.3368 -1.1365 0.1168
Cyclist -1 -1 -1.0130 1354.4575 856.7294 1544.4207 1086.4926 1.5312 0.6455 1.6764 4.0233 3.5530 12.2760 -0.6523 0.1160
Cyclist -1 -1 -2.7712 484.6639 781.3453 620.7372 999.2853 1.6014 0.6132 0.8806 -3.2178 2.8740 11.8225 -3.0575 0.1010
Car -1 -1 -1.6378 1176.5485 732.6852 1575.4154 1164.3616 1.6755 1.8414 4.2201 2.4693 2.5029 9.2090 -1.3252 0.3693
Car -1 -1 -3.6955 1639.1063 806.1401 1936.0000 991.6199 1.4586 1.8368 4.0354 9.1295 3.3737 14.7796 -3.0896 0.1046
