Pedestrian -1 -1 -1.9342 1788.9884 768.2919 1895.1793 965.5611 1.8677 0.7382 0.7484 8.9670 3.3728 15.2513 -1.3522 0.6463
Pedestrian -1 -1 0.4010 579.4610 791.5319 681.2789 994.2367 1.5788 0.5613 0.6703 -2.7648 3.0120 12.5291 0.1705 0.5816
Pedestrian -1 -1 0.3588 439.1492 785.8253 552.9948 1002.8691 1.6176 0.6052 0.7069 -3.6991 2.9349 11.9268 0.0347 0.4961
Pedestrian -1 -1 -1.4505 936.7168 833.2757 997.1669 1012.1617 1.6854 0.5352 0.6692 0.0640 3.8708 15.3152 -1.4342 0.4098
Pedestrian -1 -1 -2.8479 1475.7817 816.3383 1615.6652 1032.2544 1.6889 0.6223 1.0056 5.1786 3.4588 13.2620 -2.4295 0.3240
Pedestrian -1 -1 -1.3182 928.8810 838.2502 998.1766 1035.1976 1.7495 0.5259 0.6182 0.0271 3.8632 14.4480 -1.3043 0.2659
Pedestrian -1 -1 1.2150 1667.9564 800.2957 1707.6147 893.6746 1.6907 0.5109 0.6256 13.9404 5.0975 28.7045 1.6963 0.2358
Pedestrian -1 -1 -2.6709 634.6418 820.8694 701.2556 988.0615 1.5741 0.4549 0.5072 -2.9466 3.5826 15.0400 -2.8697 0.2230
Pedestrian -1 -1 0.1656 1805.7982 808.5958 1904.9032 924.8374 1.2813 0.6320 0.9596 11.2397 3.6598 18.8052 0.7474 0.1747
Pedestrian -1 -1 -1.7460 809.2010 846.7734 860.5155 1018.8648 1.6455 0.4532 0.4452 -1.2939 3.9521 15.2743 -1.8258 0.1447
Pedestrian -1 -1 1.0743 1719.2130 806.0726 1767.9777 909.5837 1.7164 0.5439 0.6024 13.6870 4.9243 26.1733 1.5878 0.1259
Pedestrian -1 -1 2.0116 717.6794 787.6048 753.8184 863.9270 1.7295 0.6744 0.5742 -5.4049 5.6711 35.8545 1.8700 0.1154
Pedestrian -1 -1 2.2665 1561.2374 817.9278 1609.6865 912.4817 1.7015 0.6010 0.6286 12.0954 5.4953 28.9839 2.6890 0.1121
Pedestrian -1 -1 -1.9780 1414.7610 706.2567 1566.3499 1052.2976 1.8845 0.5985 0.8031 3.0718 2.3817 8.7366 -1.5757 0.1107
Pedestrian -1 -1 -1.7077 314.3864 805.4430 345.7243 882.2685 1.6696 0.5897 0.6806 -14.7858 5.9519 35.0267 -2.1056 0.1080
Cyclist -1 -1 -2.1596 1465.5123 806.1764 1621.6433 1024.6233 1.6731 0.7186 1.3196 5.1665 3.3773 13.3473 -1.7444 0.2093
Cyclist -1 -1 -1.3539 1134.4246 793.6397 1242.2897 984.1778 1.7058 0.6925 2.0730 2.5214 3.6804 16.4092 -1.1776 0.1156
Car -1 -1 -1.5637 1149.0790 738.9750 1541.1635 1167.1245 1.6398 1.8367 4.1309 2.4642 2.5114 9.1759 -1.2506 0.2928
