Pedestrian -1 -1 0.6804 676.2837 783.6180 779.6094 999.6379 1.6138 0.5418 0.6277 -1.8908 2.9434 12.1368 0.5181 0.7158
Pedestrian -1 -1 -2.4962 569.7330 767.3541 682.3478 1000.1629 1.6606 0.5547 0.6430 -2.5769 2.7940 11.5167 -2.7332 0.5381
Pedestrian -1 -1 -2.6017 1143.3138 835.7762 1215.0140 1034.5123 1.6444 0.5433 0.4101 1.9592 3.5868 13.4345 -2.4311 0.5138
Pedestrian -1 -1 -1.7095 1058.1858 840.5790 1116.0962 1012.2755 1.6190 0.5219 0.5247 1.2622 3.8294 15.0550 -1.6068 0.3553
Pedestrian -1 -1 0.2625 118.9074 866.8383 217.1730 1033.3435 1.6787 0.5501 0.8508 -8.7499 4.4109 16.5188 -0.2425 0.2450
Pedestrian -1 -1 -3.1772 1610.4952 865.1974 1726.2034 1083.5419 1.5874 0.5651 0.8414 5.8046 3.6313 12.2801 -2.6821 0.2347
Pedestrian -1 -1 -2.7611 664.5520 807.9641 733.5268 987.9747 1.6320 0.4801 0.5152 -2.5258 3.4333 14.4283 -2.9392 0.2151
Pedestrian -1 -1 -1.7505 874.7438 822.5170 930.5972 999.7467 1.6059 0.4647 0.4777 -0.5702 3.5543 14.4623 -1.7823 0.1724
Pedestrian -1 -1 0.0214 362.4352 881.8244 410.3405 1004.5892 1.5958 0.5332 0.6278 -8.1809 5.3161 21.2963 -0.3500 0.1596
Pedestrian -1 -1 -3.1094 1118.0397 869.8482 1174.7161 1036.1306 1.5242 0.4644 0.5317 1.8348 3.9929 14.7958 -2.9633 0.1466
Pedestrian -1 -1 -1.6254 969.0013 844.9473 1019.2830 1022.3259 1.7036 0.4909 0.4065 0.3283 3.9542 15.0868 -1.5899 0.1368
Pedestrian -1 -1 -2.5672 1913.3994 760.4189 1936.0000 953.0913 1.7577 0.6884 0.5950 9.8227 3.1166 14.5984 -1.9196 0.1319
Pedestrian -1 -1 2.0261 796.8024 795.9629 832.9816 875.2577 1.7719 0.6609 0.5891 -3.4738 5.8788 35.5092 1.9384 0.1244
Pedestrian -1 -1 1.3729 1714.9948 792.0015 1746.6182 874.8429 1.8460 0.5665 0.6080 18.1149 5.8224 35.2112 1.8743 0.1120
Pedestrian -1 -1 -1.4621 1022.9227 814.6563 1083.4120 1017.7022 1.7652 0.5013 0.4772 0.8522 3.5529 13.8075 -1.3830 0.1102
Pedestrian -1 -1 1.1892 1766.5612 811.4361 1813.6810 913.8464 1.7463 0.5732 0.6075 15.0147 5.1697 27.1004 1.7265 0.1076
Cyclist -1 -1 -2.4521 347.3098 785.9699 655.1957 1075.7081 1.6364 0.8220 1.8377 -3.0521 2.7835 9.9422 -2.7814 0.2835
Cyclist -1 -1 0.0860 108.0208 857.6284 227.0718 1032.2140 1.7171 0.5992 1.1252 -8.7644 4.3711 16.5509 -0.4189 0.1427
Car -1 -1 -1.6642 1232.6472 742.2608 1647.9764 1184.7598 1.6485 1.8542 4.1642 2.7410 2.5325 9.0143 -1.3128 0.6026
Car -1 -1 -1.9372 1697.3175 775.9872 1936.0000 965.8950 1.8457 1.8373 3.8994 11.3760 4.0721 19.9474 -1.3789 0.2819
Car -1 -1 -3.7270 1739.0024 795.8506 1936.0000 978.9971 1.4120 1.7025 3.9153 9.8810 3.1685 14.3732 -3.0686 0.1117
