Pedestrian -1 -1 0.5535 764.0773 759.7556 873.5662 989.5825 1.6443 0.5821 0.6319 -1.0977 2.7238 11.5702 0.4567 0.7308
Pedestrian -1 -1 0.7204 656.7103 756.0038 776.9151 1006.4893 1.6937 0.6008 0.6315 -1.7900 2.6926 10.9730 0.5469 0.7215
Pedestrian -1 -1 -0.2263 431.2130 867.8787 488.2200 1000.0870 1.7039 0.5980 0.6494 -7.1322 5.2274 21.2610 -0.5531 0.5710
Pedestrian -1 -1 -2.6519 196.1373 859.6077 280.5137 1029.2229 1.7555 0.5432 0.6651 -7.9837 4.3937 16.5303 -3.1182 0.3256
Pedestrian -1 -1 2.2099 430.9051 856.5100 483.6266 959.6795 1.4582 0.4695 0.6737 -7.8456 5.1264 23.2923 1.8828 0.3214
Pedestrian -1 -1 -1.2259 1603.2281 849.5516 1718.0419 1068.8993 1.6949 0.5927 0.9661 6.1838 3.7617 13.2144 -0.7382 0.2202
Pedestrian -1 -1 -2.8702 737.1195 783.0814 802.7852 968.5148 1.6447 0.5292 0.4892 -1.7947 3.1641 14.0672 -2.9988 0.2122
Pedestrian -1 -1 -2.0143 996.3073 797.6704 1057.8619 981.4945 1.6769 0.4724 0.3932 0.6327 3.3743 14.4218 -1.9551 0.1715
Pedestrian -1 -1 0.0749 805.0824 789.6292 856.4841 965.8516 1.6286 0.4643 0.4615 -1.2606 3.2509 14.4931 -0.0092 0.1697
Pedestrian -1 -1 -1.5547 1210.3789 755.2194 1361.9634 1123.2029 1.6419 0.6925 1.1620 1.7160 2.3779 7.7910 -1.2872 0.1447
Pedestrian -1 -1 -2.4255 427.8616 779.4548 591.6954 1016.4305 1.3566 0.6149 0.7925 -2.8796 2.3898 9.5624 -2.7531 0.1223
Pedestrian -1 -1 2.0658 394.7266 857.4559 443.6626 971.9133 1.6722 0.5084 0.5807 -8.5104 5.3755 23.4896 1.7159 0.1149
Pedestrian -1 -1 -2.2969 1038.2736 819.1381 1096.7751 999.4512 1.6692 0.4487 0.3591 1.0456 3.6172 14.7201 -2.2080 0.1110
Car -1 -1 -1.6883 1375.4348 746.2287 1810.1837 1193.7333 1.5955 1.8197 3.8565 3.4537 2.4654 8.6018 -1.2360 0.5015
