Pedestrian -1 -1 0.5642 617.4237 758.2203 733.3297 1006.7838 1.7267 0.5684 0.6495 -2.1310 2.7571 11.1777 0.3616 0.5699
Pedestrian -1 -1 0.4840 726.2062 772.8655 835.5424 1003.9902 1.6859 0.6005 0.6540 -1.4188 2.8938 11.8118 0.3601 0.5677
Pedestrian -1 -1 -0.1487 405.0605 865.1817 458.4608 997.2823 1.7145 0.5762 0.6362 -7.5384 5.1995 21.2850 -0.4930 0.4878
Pedestrian -1 -1 -0.0315 209.4373 841.7066 280.4167 1006.5740 1.6815 0.5912 0.6911 -8.0460 4.1775 16.7925 -0.4949 0.4838
Pedestrian -1 -1 -2.6360 690.3581 807.4544 762.9720 999.6851 1.6937 0.5092 0.4927 -2.2103 3.4561 14.1134 -2.7948 0.3222
Pedestrian -1 -1 2.1837 394.2526 840.8257 446.7247 945.5015 1.5134 0.4980 0.6437 -8.5103 4.9674 23.5460 1.8336 0.2629
Pedestrian -1 -1 -0.7700 1481.3911 876.7599 1585.3545 1057.9424 1.4751 0.5056 0.7281 5.1817 3.8194 13.5548 -0.3607 0.2475
Pedestrian -1 -1 -0.9073 1617.7888 893.8256 1794.7004 1125.5502 1.5836 0.6007 1.2298 5.9345 3.8188 11.9182 -0.3897 0.2002
Pedestrian -1 -1 -2.5877 761.6774 798.8856 829.1514 985.6356 1.7221 0.4799 0.4783 -1.6283 3.4701 14.7051 -2.6969 0.1664
Pedestrian -1 -1 -2.6451 384.1354 795.1318 583.3581 1031.4010 1.4003 0.6717 1.0650 -3.1361 2.5713 9.8734 -2.9869 0.1113
Pedestrian -1 -1 -1.6993 936.3837 827.7198 988.1718 1012.4447 1.6789 0.4487 0.4511 0.0062 3.6646 14.3910 -1.6873 0.1108
Pedestrian -1 -1 -1.7507 1008.3895 846.0935 1061.3357 1019.2650 1.6093 0.4570 0.4350 0.7229 3.8280 14.7584 -1.6856 0.1089
Cyclist -1 -1 -0.9367 1610.8796 890.6824 1792.1813 1118.8362 1.5463 0.6028 1.3084 5.9111 3.7652 11.9424 -0.4215 0.1686
Cyclist -1 -1 -1.6337 1508.8704 722.4295 1645.6664 1092.8937 1.8716 0.6869 1.4927 3.6281 2.4997 8.8088 -1.1730 0.1160
Car -1 -1 -1.7366 1325.9657 747.1988 1762.2428 1192.7827 1.6138 1.8666 3.9887 3.0990 2.5067 8.7593 -1.3327 0.3969
Car -1 -1 -1.9711 1765.6089 768.2933 1936.0000 952.2164 1.7240 1.7904 3.8231 11.9660 3.7679 19.2654 -1.3726 0.2368
