Pedestrian -1 -1 -2.8002 1003.8943 732.8590 1135.2833 1027.0674 1.7017 0.6088 0.6467 0.6844 2.4075 9.3646 -2.7066 0.7237
Pedestrian -1 -1 0.2244 1106.8490 755.5443 1230.3646 1027.6616 1.6350 0.5962 0.6710 1.3616 2.5244 9.7771 0.3932 0.7203
Pedestrian -1 -1 2.0615 763.4614 786.6761 820.6260 903.3517 1.7108 0.6219 0.7381 -2.6729 4.3198 23.6584 1.9552 0.6242
Pedestrian -1 -1 -1.3698 967.5015 778.0192 1051.2391 985.1371 1.6711 0.6237 0.5225 0.4193 3.0240 12.8832 -1.3232 0.6136
Pedestrian -1 -1 -2.0670 1677.1377 712.5452 1925.9207 1142.5101 1.6847 0.6577 0.8980 3.6363 2.0967 6.5438 -1.4478 0.5558
Pedestrian -1 -1 -0.2521 520.6689 822.9532 593.6169 994.6829 1.7486 0.5697 0.6568 -4.4840 3.9995 16.5856 -0.5236 0.5338
Pedestrian -1 -1 -3.0016 1218.1194 769.9798 1286.8531 1000.4521 1.7229 0.5112 0.4556 2.3215 2.9087 11.9028 -2.7758 0.4090
Pedestrian -1 -1 1.9833 582.8544 815.8370 641.3261 920.1499 1.2417 0.4846 0.7744 -4.6120 3.8215 19.7803 1.7514 0.3967
Pedestrian -1 -1 -0.3542 1084.3171 774.9204 1146.0731 978.5269 1.6881 0.5028 0.3962 1.3459 3.0330 13.1162 -0.2303 0.2414
Pedestrian -1 -1 -0.7437 1185.9023 773.9520 1258.1508 975.6006 1.6676 0.4957 0.3983 2.2899 3.0095 13.1480 -0.5423 0.1986
Pedestrian -1 -1 -2.9294 630.5137 759.7018 849.8278 1038.4430 1.4252 0.7046 1.1014 -1.2168 2.2157 8.3912 -3.0928 0.1919
Pedestrian -1 -1 -0.5141 1263.9999 780.5854 1339.8369 986.3938 1.6745 0.4775 0.4704 2.9334 3.0474 12.8972 -0.2560 0.1865
Pedestrian -1 -1 -2.1831 935.9265 785.4700 1016.8121 979.8693 1.6212 0.5650 0.4569 0.1343 3.0965 13.3921 -2.1613 0.1690
Pedestrian -1 -1 1.9710 535.7065 812.0602 595.8583 929.0252 1.3925 0.5074 0.7540 -5.1550 3.8864 19.5184 1.7082 0.1585
Pedestrian -1 -1 0.8822 1554.7148 797.8350 1614.6548 923.8580 1.8431 0.6412 0.5755 9.6773 4.5705 23.2236 1.3085 0.1485
Pedestrian -1 -1 2.5007 1058.7723 769.2589 1122.7067 953.7853 1.6856 0.4880 0.4083 1.2501 3.1124 14.4663 2.6061 0.1428
Pedestrian -1 -1 -0.3293 1077.5872 779.3770 1136.5072 966.5547 1.6262 0.5007 0.4063 1.3368 3.0767 13.7546 -0.2118 0.1334
Pedestrian -1 -1 -3.4390 1339.8815 757.6266 1408.8079 960.3089 1.6846 0.4609 0.4740 3.5765 2.8562 12.9676 -3.1309 0.1275
Pedestrian -1 -1 -0.0612 391.7673 818.8408 429.8020 962.9247 1.6659 0.5280 0.4046 -6.8068 4.1053 18.4862 -0.4241 0.1177
Pedestrian -1 -1 0.0963 460.2907 830.9667 525.8803 1009.3380 1.7923 0.5662 0.6301 -5.0536 4.0673 16.1661 -0.2170 0.1153
Pedestrian -1 -1 -3.3115 1281.7211 789.8550 1344.3320 1010.5002 1.7115 0.5134 0.4362 2.8850 3.0977 12.2901 -3.0446 0.1011
Pedestrian -1 -1 -0.2824 1005.2560 775.9946 1069.0996 965.7821 1.7090 0.4775 0.4975 0.7174 3.1736 14.2092 -0.2161 0.1004
Cyclist -1 -1 -2.9273 621.6519 760.3472 876.7643 1050.8807 1.4483 0.8285 1.2671 -1.1486 2.2433 8.3262 -3.0827 0.1830
Cyclist -1 -1 1.0692 0.0000 797.4646 22.0687 944.1888 1.4309 0.5648 1.6122 -11.2215 3.4178 16.6127 0.4501 0.1744
Cyclist -1 -1 -1.1232 550.7455 808.3406 616.6361 919.9984 1.2880 0.4856 0.9046 -4.8781 3.7224 19.3549 -1.3745 0.1129
Car -1 -1 -1.2238 1617.3325 791.6991 1936.0000 1216.0000 1.4276 1.7800 4.8282 5.8070 2.5028 7.7383 -0.4782 0.2067
