Pedestrian -1 -1 0.3428 1131.4952 751.4342 1259.6930 1032.5509 1.6759 0.5881 0.6519 1.5254 2.5330 9.7110 0.5317 0.7056
Pedestrian -1 -1 -2.1483 1725.0531 708.8068 1936.0000 1146.2922 1.6564 0.6552 0.8099 3.7094 2.0316 6.2564 -1.4920 0.6695
Pedestrian -1 -1 0.6989 1020.5788 726.6293 1172.9071 1035.3300 1.7406 0.6448 0.6768 0.8329 2.3987 9.2075 0.8128 0.6406
Pedestrian -1 -1 1.9838 784.1923 782.3887 844.4600 902.5554 1.7491 0.6886 0.7674 -2.3020 4.2717 23.4801 1.8930 0.5913
Pedestrian -1 -1 -1.3725 986.3349 767.1076 1072.0391 984.3989 1.7560 0.6380 0.5331 0.5895 3.0121 12.8694 -1.3111 0.5516
Pedestrian -1 -1 2.0320 602.0605 819.6459 665.4066 922.9112 1.2041 0.4977 0.8264 -4.2937 3.8214 19.6371 1.8146 0.4554
Pedestrian -1 -1 -0.2711 553.1894 811.7433 626.2665 987.9282 1.8013 0.5595 0.6570 -4.1155 3.9208 16.5573 -0.5211 0.4456
Pedestrian -1 -1 -0.1244 1068.7050 794.0789 1132.9742 976.7473 1.6238 0.5515 0.5482 1.3090 3.2493 14.0892 -0.0116 0.2863
Pedestrian -1 -1 -2.2838 1100.5499 772.9601 1183.6466 977.4989 1.6776 0.5395 0.4833 1.5847 3.0111 13.1195 -2.1401 0.2309
Pedestrian -1 -1 -2.8490 1183.1331 777.6483 1263.6740 1003.1001 1.6415 0.4109 0.5111 2.0350 2.8573 11.6008 -2.6438 0.1717
Pedestrian -1 -1 -3.0722 1270.1771 791.1706 1325.4159 1023.6359 1.7397 0.5003 0.3786 2.6845 3.0975 11.9150 -2.8144 0.1604
Pedestrian -1 -1 -0.4166 1302.1388 772.6302 1370.4117 982.1873 1.7216 0.4676 0.4289 3.2337 3.0231 12.9140 -0.1346 0.1561
Pedestrian -1 -1 0.9764 1760.8656 863.9529 1819.1353 969.2701 1.5104 0.4916 0.7248 13.0305 5.3312 23.5263 1.5159 0.1246
Pedestrian -1 -1 2.5358 1283.7874 775.6537 1346.0200 980.3478 1.7520 0.4538 0.3570 3.1834 3.1381 13.4759 2.8020 0.1191
Pedestrian -1 -1 -1.1527 562.1104 817.2408 621.3843 933.5637 1.3865 0.5006 0.7306 -4.8272 3.9543 19.5610 -1.3981 0.1186
Pedestrian -1 -1 -0.4752 1228.1807 767.6932 1291.8174 973.7678 1.7149 0.4930 0.3719 2.6174 2.9952 13.1238 -0.2469 0.1001
Car -1 -1 -1.2485 1702.2316 807.8886 1936.0000 1216.0000 1.4378 1.7197 4.8204 6.2470 2.6230 7.8213 -0.4735 0.1167
