Pedestrian -1 -1 0.2501 917.9974 764.8506 1028.7458 1008.6171 1.6088 0.5632 0.6652 0.0929 2.6386 10.6434 0.2695 0.7908
Pedestrian -1 -1 0.5099 818.0615 753.7648 951.1108 1035.1399 1.7316 0.6222 0.6719 -0.5082 2.6323 10.0235 0.4609 0.7631
Pedestrian -1 -1 -1.6373 860.3198 768.0742 934.8781 969.5977 1.7143 0.6384 0.5247 -0.5776 3.0285 13.4330 -1.6742 0.6964
Pedestrian -1 -1 2.3140 659.5873 793.3828 727.7236 908.4422 1.7085 0.6238 0.9383 -4.3646 4.5231 24.4186 2.1407 0.4850
Pedestrian -1 -1 -3.0763 943.1843 773.6575 1000.3610 960.5250 1.6363 0.5289 0.4896 0.1018 3.0405 13.8315 -3.0575 0.3464
Pedestrian -1 -1 0.2241 524.4501 786.0314 709.3567 1061.2866 1.5028 0.7451 0.9564 -2.0491 2.5143 9.0020 -0.0277 0.2953
Pedestrian -1 -1 -2.5512 1045.3972 770.0119 1120.4512 980.2076 1.6882 0.4719 0.4505 1.0410 2.9604 12.7855 -2.4504 0.1565
Pedestrian -1 -1 0.0407 826.4337 783.5909 880.0529 963.1271 1.6347 0.5574 0.4906 -1.0355 3.1936 14.4057 -0.0271 0.1495
Pedestrian -1 -1 -2.6972 1090.6582 768.9495 1160.8396 973.8427 1.6994 0.4705 0.4510 1.4506 2.9992 13.1738 -2.5652 0.1310
Pedestrian -1 -1 -2.6387 340.2953 837.4183 405.3087 1008.0940 1.7577 0.5528 0.4596 -6.4681 4.1383 16.4510 -3.0271 0.1190
Pedestrian -1 -1 -0.0705 882.8613 772.9249 940.1655 954.0634 1.6986 0.5274 0.5339 -0.4964 3.1903 14.7823 -0.0963 0.1188
Cyclist -1 -1 -2.8813 524.3005 787.9778 742.5405 1066.2642 1.4921 0.8179 1.1124 -1.9291 2.5119 8.9316 -3.1206 0.1114
Cyclist -1 -1 0.1820 902.9278 759.7544 1026.8713 1005.2314 1.6214 0.5870 0.7841 0.0346 2.6138 10.6414 0.1951 0.1073
Car -1 -1 1.6742 1634.8490 785.5652 1936.0000 1150.6765 1.4901 1.7365 3.9073 6.0182 2.7769 9.9377 2.2935 0.2383
