Pedestrian -1 -1 0.0688 1058.8650 779.0301 1165.0670 1036.3983 1.6013 0.5312 0.6609 1.0164 2.6672 10.0177 0.1944 0.6902
Pedestrian -1 -1 0.2824 959.0649 761.7165 1085.2516 1047.8384 1.6845 0.6129 0.6566 0.3978 2.5977 9.5835 0.3395 0.6194
Pedestrian -1 -1 2.0419 737.5981 795.5659 798.0909 910.9259 1.6942 0.6706 0.7894 -3.0841 4.4754 23.8843 1.9191 0.5886
Pedestrian -1 -1 -1.5511 958.0478 784.0945 1033.8069 989.9552 1.7100 0.6467 0.4794 0.3087 3.1297 13.0785 -1.5142 0.5802
Pedestrian -1 -1 -0.1096 488.3008 816.5965 560.4783 987.9774 1.7529 0.5722 0.7060 -4.8514 3.9318 16.5961 -0.4030 0.5705
Pedestrian -1 -1 -1.9364 1599.5569 718.0702 1830.5928 1150.9650 1.7176 0.6615 1.1403 3.3925 2.1817 6.8259 -1.3739 0.3722
Pedestrian -1 -1 1.9975 533.5771 814.2971 592.7393 916.8942 1.2136 0.4816 0.7595 -5.2193 3.7522 19.6305 1.7327 0.3661
Pedestrian -1 -1 -0.3335 1039.8535 795.0007 1108.6261 983.5333 1.6216 0.5183 0.4934 1.0330 3.2191 13.7334 -0.2399 0.3278
Pedestrian -1 -1 -2.6893 597.9767 773.5366 788.1320 1059.2634 1.4478 0.7678 0.8244 -1.5159 2.3445 8.5469 -2.8884 0.2691
Pedestrian -1 -1 -0.3444 1047.6886 790.0020 1113.8489 992.7446 1.6793 0.5100 0.4412 1.0487 3.1675 13.1783 -0.2458 0.2291
Pedestrian -1 -1 -3.2679 1216.9052 794.7611 1273.9600 1009.4099 1.6971 0.5119 0.4229 2.3761 3.1518 12.5325 -3.0491 0.2127
Pedestrian -1 -1 -2.9245 1133.5404 795.5806 1202.6217 1017.7869 1.6584 0.4529 0.4486 1.6494 3.0509 11.9063 -2.7600 0.2014
Pedestrian -1 -1 2.5564 1003.3021 786.3206 1075.8434 972.6498 1.7234 0.5101 0.5242 0.7723 3.3580 14.7920 2.6245 0.1556
Pedestrian -1 -1 -0.5867 1144.8966 784.3394 1210.6385 980.6022 1.6672 0.4610 0.4025 1.9473 3.1346 13.4708 -0.4175 0.1239
Pedestrian -1 -1 -0.4073 1221.2428 791.6169 1293.1940 992.9669 1.6743 0.4755 0.4805 2.6019 3.1736 13.1713 -0.1811 0.1154
Cyclist -1 -1 -1.9249 1595.2855 723.1327 1839.8851 1155.5583 1.6933 0.7037 1.2429 3.4067 2.1878 6.8463 -1.3623 0.1769
Car -1 -1 -1.6462 1799.5902 768.7305 1936.0000 1198.2272 1.5754 1.7489 4.0096 6.3242 2.6525 9.0585 -0.9510 0.1669
