Pedestrian -1 -1 0.2402 1015.4185 766.2797 1126.4388 1018.6315 1.6031 0.5473 0.6410 0.7588 2.6085 10.2712 0.3340 0.7639
Pedestrian -1 -1 0.3823 909.0663 737.6290 1034.2852 1025.0405 1.7222 0.6248 0.6192 0.0744 2.4835 9.6898 0.4000 0.7449
Pedestrian -1 -1 2.1038 705.0330 791.1695 762.2713 902.0869 1.6469 0.6081 0.7582 -3.6586 4.3745 24.0667 1.9574 0.6300
Pedestrian -1 -1 -1.4735 904.3295 762.1100 978.5886 967.0024 1.7110 0.6012 0.5251 -0.1686 2.9454 13.1650 -1.4774 0.5647
Pedestrian -1 -1 -2.6701 1086.0271 783.6799 1159.3469 1008.4614 1.7262 0.4511 0.4340 1.3215 3.0574 12.2291 -2.5395 0.4210
Pedestrian -1 -1 1.9735 484.5710 842.2827 540.8002 955.6884 1.3513 0.4813 0.6733 -5.8619 4.2472 19.5613 1.6770 0.4059
Pedestrian -1 -1 -2.6145 1164.2809 772.0554 1235.6638 986.8522 1.7036 0.5032 0.3874 2.0146 2.9758 12.6120 -2.4279 0.3159
Pedestrian -1 -1 -0.3526 430.2904 827.1094 505.8986 1005.3321 1.8082 0.5950 0.6251 -5.4660 4.1069 16.5720 -0.6818 0.3092
Pedestrian -1 -1 -0.4713 1004.4601 779.5327 1075.2522 983.2070 1.7184 0.5239 0.4513 0.7030 3.1430 13.4471 -0.4029 0.2512
Pedestrian -1 -1 -0.3770 931.2781 781.9968 1005.7219 967.0673 1.6759 0.5572 0.5601 0.0661 3.2381 14.5119 -0.3610 0.1818
Pedestrian -1 -1 2.5697 1108.9927 763.8866 1170.4104 965.3521 1.7292 0.4567 0.3665 1.6094 3.0113 13.5113 2.7113 0.1751
Pedestrian -1 -1 2.0058 529.7826 842.3930 584.0540 951.1079 1.2898 0.4497 0.6623 -5.2842 4.1879 19.5627 1.7378 0.1608
Pedestrian -1 -1 -0.5248 1177.6355 773.5869 1245.8459 972.6852 1.6967 0.4701 0.4346 2.2534 3.0656 13.4749 -0.3313 0.1321
Pedestrian -1 -1 -1.7618 1562.1331 735.0776 1741.5000 1125.4998 1.6198 0.6685 1.2076 3.3148 2.2052 7.2669 -1.2431 0.1273
Pedestrian -1 -1 -0.4935 988.9912 777.8412 1060.0649 967.3080 1.6773 0.5422 0.4753 0.5948 3.1592 14.1440 -0.4365 0.1062
Car -1 -1 -1.3211 1646.2561 785.1033 1936.0000 1172.4440 1.4318 1.7475 4.6853 6.3694 2.6606 9.3684 -0.6415 0.1728
