Pedestrian -1 -1 -2.3068 823.4132 766.7678 903.8166 974.8312 1.7543 0.5732 0.4425 -0.8776 3.0652 13.4590 -2.3681 0.6154
Pedestrian -1 -1 0.4388 782.7330 768.1050 922.0621 1035.2413 1.6676 0.6243 0.7562 -0.7367 2.6871 10.2197 0.3657 0.6037
Pedestrian -1 -1 0.2392 874.1255 776.1072 986.1258 1009.8224 1.5597 0.5819 0.6879 -0.2173 2.6889 10.8070 0.2258 0.5585
Pedestrian -1 -1 -0.0131 911.2021 771.8166 963.3782 961.7036 1.6734 0.5378 0.4747 -0.2236 3.0635 13.8761 -0.0202 0.3622
Pedestrian -1 -1 -2.6999 508.6029 795.9355 706.5920 1069.2924 1.4796 0.6699 0.9770 -2.1210 2.5609 9.0359 -2.9589 0.2142
Pedestrian -1 -1 -2.8971 870.3326 766.3694 923.7280 943.1459 1.6657 0.4907 0.4201 -0.6335 3.0954 14.8289 -2.9331 0.1521
Pedestrian -1 -1 2.4492 636.6841 802.4767 717.0621 921.2061 1.7470 0.6327 1.1611 -4.6705 4.7445 24.5938 2.2650 0.1268
Pedestrian -1 -1 0.0216 791.0218 794.0498 845.0099 972.0258 1.6142 0.5556 0.5050 -1.3760 3.2786 14.4195 -0.0716 0.1261
Pedestrian -1 -1 -1.9714 1374.8750 744.8592 1559.3939 1149.4457 1.6633 0.5612 0.8264 2.2770 2.2426 6.8070 -1.5695 0.1208
Cyclist -1 -1 -2.7210 510.7370 788.2832 749.8624 1068.1685 1.4837 0.7765 1.1959 -1.9667 2.5188 8.9860 -2.9632 0.1572
Car -1 -1 -1.5362 1628.0145 779.4490 1936.0000 1142.8610 1.4922 1.7630 4.0001 5.9135 2.7548 10.0853 -0.9328 0.1529
