Pedestrian -1 -1 0.4207 847.6803 753.3479 999.7331 1035.7509 1.6920 0.6921 0.7864 -0.2394 2.5797 9.8620 0.4018 0.6893
Pedestrian -1 -1 -1.6109 893.6058 760.4925 966.0331 970.0724 1.7621 0.6236 0.5460 -0.2846 2.9885 13.2370 -1.6243 0.6600
Pedestrian -1 -1 0.2657 971.0313 765.1619 1082.0498 1013.6725 1.6222 0.5630 0.6517 0.4666 2.6467 10.5519 0.3255 0.6474
Pedestrian -1 -1 2.2290 682.9106 794.6038 743.9357 905.6143 1.6510 0.6063 0.8117 -4.0189 4.4627 24.2754 2.0689 0.6369
Pedestrian -1 -1 0.0701 370.1087 827.4929 426.0796 1012.5316 1.8746 0.5746 0.5383 -6.1248 4.1284 16.2816 -0.3030 0.2834
Pedestrian -1 -1 -0.1303 978.9166 774.3398 1040.8734 973.4848 1.7066 0.5324 0.5018 0.4349 3.0875 13.5321 -0.0842 0.2196
Pedestrian -1 -1 -0.3606 896.4562 773.4369 970.9643 959.6474 1.6953 0.5269 0.5773 -0.2712 3.1726 14.5233 -0.3702 0.1822
Pedestrian -1 -1 0.1921 566.5479 770.6021 703.7647 1051.9957 1.5345 0.7104 0.6906 -1.9262 2.4389 8.9112 -0.0480 0.1446
Pedestrian -1 -1 -0.4848 954.9484 787.7526 1033.4574 971.6292 1.6175 0.5613 0.5495 0.3089 3.2030 14.1869 -0.4500 0.1399
Pedestrian -1 -1 2.8631 831.4919 780.2206 896.1055 949.5835 1.6420 0.6348 0.5201 -1.0209 3.3015 15.5920 2.8031 0.1240
Car -1 -1 -1.5837 1749.3721 771.3015 1936.0000 1156.3281 1.5336 1.7521 4.0373 6.4809 2.6937 9.7149 -0.9161 0.2654
