Pedestrian -1 -1 0.7629 1070.9513 727.4385 1216.6824 1037.1565 1.7206 0.6282 0.6064 1.0994 2.3691 9.0258 0.9133 0.8127
Pedestrian -1 -1 0.5293 1170.1677 751.3754 1306.8621 1037.7460 1.6596 0.5517 0.6576 1.7544 2.4964 9.4687 0.7504 0.6489
Pedestrian -1 -1 1.9982 815.9916 782.9166 876.0540 902.1566 1.7266 0.6768 0.7663 -1.7983 4.2493 23.3971 1.9295 0.6396
Pedestrian -1 -1 -0.1461 573.8283 786.5353 646.5505 961.9123 1.7843 0.5882 0.6929 -3.8440 3.5960 16.3592 -0.3835 0.6099
Pedestrian -1 -1 -1.3997 1004.5006 766.7277 1094.5934 985.1788 1.7463 0.6711 0.5904 0.7618 2.9953 12.8015 -1.3232 0.5925
Pedestrian -1 -1 -2.3527 1798.9827 686.1002 1936.0000 1140.2196 1.6588 0.6261 0.8252 3.9284 1.9227 6.0136 -1.6425 0.3838
Pedestrian -1 -1 2.1092 629.8398 788.1207 695.3541 895.6108 1.2769 0.5154 0.7801 -3.9076 3.4653 19.5962 1.9105 0.3578
Pedestrian -1 -1 -2.9765 694.5981 732.9233 944.3516 1051.2631 1.5227 0.9089 1.1983 -0.7218 2.1346 7.9785 -3.0779 0.2396
Pedestrian -1 -1 -2.3600 1141.2275 763.1316 1223.6138 984.1337 1.7549 0.5405 0.4300 1.8659 2.9522 12.6213 -2.1863 0.2358
Pedestrian -1 -1 -0.6890 1313.5065 766.1964 1390.1132 987.8975 1.7641 0.4983 0.4055 3.2867 2.9838 12.6004 -0.3955 0.2200
Pedestrian -1 -1 1.1990 1807.3134 835.5823 1862.6228 944.9631 1.5351 0.5199 0.7366 13.4202 4.8311 22.9838 1.7631 0.2094
Pedestrian -1 -1 -2.8570 621.4199 774.0410 700.9661 967.8047 1.8002 0.5757 0.6322 -2.9400 3.2960 14.6866 -3.0615 0.2080
Pedestrian -1 -1 -3.2291 1118.3704 760.7761 1162.8021 960.5508 1.7681 0.5126 0.3765 1.6584 3.0520 13.8640 -3.0873 0.2045
Pedestrian -1 -1 -2.8501 1304.6272 785.2313 1374.2406 1019.2063 1.7363 0.5142 0.3893 3.0016 3.0423 11.8601 -2.5631 0.1833
Pedestrian -1 -1 -0.5964 1293.5016 756.2241 1361.3960 967.7178 1.7754 0.4801 0.3858 3.2286 2.9600 13.2010 -0.3209 0.1580
Pedestrian -1 -1 -1.8294 1034.0951 775.5040 1102.3693 964.3341 1.6242 0.5273 0.4378 0.9644 3.0139 13.5385 -1.7402 0.1269
Pedestrian -1 -1 -2.6539 1245.2268 788.7765 1331.6504 1031.5385 1.7538 0.4767 0.4807 2.5377 3.0618 11.5981 -2.4022 0.1259
Pedestrian -1 -1 -0.4712 1237.4984 749.3566 1302.8743 963.3212 1.7470 0.5221 0.3627 2.6500 2.8412 12.8510 -0.2352 0.1216
Cyclist -1 -1 -2.9765 694.5981 732.9233 944.3516 1051.2631 1.5227 0.9089 1.1983 -0.7218 2.1346 7.9785 -3.0779 0.1324
Cyclist -1 -1 0.6615 0.0000 774.8107 95.4525 932.7347 1.6532 0.5686 1.6506 -10.6096 3.3557 16.6427 0.0693 0.1115
