Pedestrian -1 -1 0.4137 1124.9662 710.0753 1266.2472 1029.3511 1.7281 0.6277 0.6042 1.3758 2.2513 8.7540 0.6054 0.7748
Pedestrian -1 -1 0.1353 1241.9271 744.2874 1360.1865 1036.8047 1.6480 0.5643 0.6111 2.0764 2.4060 9.1147 0.4048 0.7412
Pedestrian -1 -1 -1.4238 1062.2076 750.9988 1152.9851 975.5538 1.7677 0.6731 0.5555 1.2314 2.8543 12.5296 -1.3043 0.5790
Pedestrian -1 -1 2.0713 840.6599 758.9523 909.2925 880.9059 1.7394 0.6934 0.9345 -1.3302 3.8666 23.1583 2.0225 0.5117
Pedestrian -1 -1 -0.0876 625.2090 781.6066 691.5244 958.9749 1.8111 0.5989 0.6571 -3.3109 3.5618 16.3252 -0.2922 0.5091
Pedestrian -1 -1 -2.4111 1883.8287 671.6161 1936.0000 1142.9520 1.6187 0.6052 0.8192 4.0566 1.8087 5.6518 -1.6436 0.3862
Pedestrian -1 -1 -3.0877 1145.8198 755.8311 1192.4855 949.6323 1.7028 0.5409 0.3869 1.9299 2.9430 13.8587 -2.9246 0.3596
Pedestrian -1 -1 0.9063 669.0076 784.8366 761.5516 987.3879 1.8283 0.5817 0.7088 -2.4137 3.4457 14.6692 0.7397 0.3585
Pedestrian -1 -1 -2.6222 1186.1023 750.3640 1265.6271 970.7026 1.7371 0.5607 0.4266 2.2207 2.8187 12.5410 -2.4168 0.3152
Pedestrian -1 -1 2.1002 650.6057 769.0847 718.8384 880.5130 1.3342 0.5663 0.7698 -3.6092 3.2633 19.5498 1.9162 0.2362
Pedestrian -1 -1 -2.0082 1063.1064 753.5712 1146.6748 960.3785 1.7330 0.6008 0.4616 1.2677 2.8989 13.2359 -1.8920 0.2302
Pedestrian -1 -1 -2.9438 1360.9617 753.6984 1428.6829 1000.0657 1.8038 0.4999 0.3961 3.3640 2.8296 11.5946 -2.6175 0.2167
Pedestrian -1 -1 -2.3970 419.2200 809.2711 490.4013 936.5142 1.4242 0.5265 0.6280 -6.1494 3.7090 18.1659 -2.7336 0.2102
Pedestrian -1 -1 -2.6167 1154.6572 758.1928 1229.3518 967.9158 1.7413 0.5553 0.4238 2.0398 2.9497 13.2088 -2.4366 0.1775
Pedestrian -1 -1 -3.3870 1421.9257 743.0379 1487.6028 971.3607 1.7535 0.4665 0.4166 3.9565 2.7223 12.0067 -3.0222 0.1090
Cyclist -1 -1 2.1360 1851.2678 824.4152 1936.0000 1117.8174 1.5773 0.7446 1.9052 6.7498 2.9393 9.5633 2.8310 0.1527
Cyclist -1 -1 0.2806 0.0000 780.1707 9.9152 968.9220 1.4516 0.6454 1.6547 -9.3707 2.8750 13.1035 -0.3789 0.1042
