Pedestrian -1 -1 0.7287 689.8641 769.9448 780.5615 979.1658 1.8857 0.6005 0.6287 -2.1876 3.3320 14.4883 0.5759 0.6051
Pedestrian -1 -1 0.2382 1282.5938 751.8588 1403.3318 1047.8407 1.6449 0.5253 0.5790 2.3016 2.4412 9.0056 0.5383 0.5431
Pedestrian -1 -1 -0.1721 636.8327 783.8917 698.9857 967.8336 1.8757 0.6235 0.5651 -3.2057 3.6528 16.3216 -0.3699 0.5287
Pedestrian -1 -1 -1.6509 1089.5865 767.4245 1174.7007 986.8089 1.7064 0.6655 0.5486 1.3976 2.9070 12.3049 -1.5143 0.4790
Pedestrian -1 -1 0.6512 1160.7012 701.9023 1323.2146 1047.5715 1.8198 0.6550 0.6406 1.5993 2.2826 8.5317 0.8782 0.4285
Pedestrian -1 -1 2.0276 727.2345 777.0649 785.1501 899.1884 1.8406 0.7010 0.6601 -3.2905 4.3283 24.0231 1.8966 0.3461
Pedestrian -1 -1 -2.9036 1207.8291 768.6697 1280.1049 994.4244 1.7541 0.5600 0.4571 2.3514 2.9820 12.4199 -2.6849 0.3192
Pedestrian -1 -1 -2.3960 434.5172 810.0519 507.3044 941.3710 1.4509 0.5090 0.6573 -5.8740 3.7151 17.9213 -2.7227 0.2415
Pedestrian -1 -1 -2.9204 1106.1992 785.1407 1172.0743 990.1301 1.6911 0.5547 0.4570 1.5750 3.1430 13.2096 -2.7784 0.2198
Pedestrian -1 -1 1.8655 857.7866 742.7811 927.9512 870.2888 1.8028 0.7774 1.1172 -1.0401 3.6635 22.9654 1.8293 0.1867
Pedestrian -1 -1 -2.4883 1394.6727 782.6215 1472.5345 1012.2668 1.6845 0.4806 0.3500 3.6714 2.9398 11.6258 -2.1365 0.1326
Pedestrian -1 -1 -2.8314 1178.7012 770.3965 1238.4547 983.8912 1.7824 0.5356 0.3651 2.1937 3.1027 13.2476 -2.6393 0.1131
Pedestrian -1 -1 2.1701 702.7061 774.4571 773.8197 892.6835 1.4130 0.5629 0.8085 -2.9159 3.4211 19.5917 2.0236 0.1118
Pedestrian -1 -1 -2.9552 749.7682 739.0848 993.1293 1078.8817 1.5508 0.8601 1.1038 -0.4306 2.1731 7.6538 -3.0164 0.1018
Cyclist -1 -1 0.3035 0.0000 807.3522 39.5701 1004.5149 1.4978 0.6368 1.7853 -9.1616 3.1664 13.0748 -0.3447 0.3135
Cyclist -1 -1 -0.8573 1919.5576 841.5941 1936.0000 1119.5916 1.5062 0.6535 1.8196 6.9873 2.9056 9.2207 -0.1243 0.1226
