Pedestrian -1 -1 0.1448 929.6488 752.0566 1013.1096 965.1410 1.8212 0.6196 0.6689 0.0987 3.0058 13.5713 0.1634 0.6883
Pedestrian -1 -1 -2.7456 1394.3824 726.5941 1505.7285 971.4935 1.7273 0.6586 0.5757 3.7104 2.5287 11.3477 -2.3808 0.6157
Pedestrian -1 -1 -0.4443 891.2023 762.1830 986.4916 943.1850 1.7713 0.6601 0.8050 -0.2412 3.2673 15.8235 -0.4498 0.5700
Pedestrian -1 -1 1.8775 948.0345 773.5433 1005.4602 895.6190 1.7328 0.6855 0.7109 0.2399 4.0400 22.7642 1.9006 0.4938
Pedestrian -1 -1 -0.1093 1680.8070 784.9357 1857.1842 1127.7692 1.4879 0.5149 0.7297 3.9069 2.3073 7.2588 0.4826 0.4198
Pedestrian -1 -1 0.7511 1511.5173 729.2495 1708.7800 1107.6516 1.6216 0.5427 0.6699 3.0370 2.1406 7.0347 1.2497 0.3303
Pedestrian -1 -1 2.1341 886.7316 776.4117 946.5289 903.4004 1.7712 0.6039 0.7170 -0.6665 4.0904 22.4267 2.1147 0.2082
Pedestrian -1 -1 2.1092 916.6896 771.0680 1003.2348 879.2241 1.2004 0.5988 1.1212 -0.0073 3.1143 18.9465 2.1198 0.1696
Pedestrian -1 -1 -2.5901 1718.2269 765.3169 1830.2625 1040.8635 1.6797 0.4915 0.4348 5.2844 2.6214 9.7268 -2.0188 0.1631
Cyclist -1 -1 0.4373 10.0736 843.9519 236.5968 1010.1433 1.2778 0.7150 1.5752 -7.3006 3.2591 13.0886 -0.1040 0.2056
Cyclist -1 -1 -0.4785 893.4785 751.9545 996.9333 932.1028 1.7561 0.6714 0.8842 -0.1729 3.1401 15.7876 -0.4795 0.1088
