Pedestrian -1 -1 -0.1697 1514.2936 779.2218 1676.8131 1101.5807 1.5374 0.5784 0.7390 3.3258 2.3917 7.8910 0.3082 0.7090
Pedestrian -1 -1 -0.3047 804.6119 764.6611 885.9997 945.6398 1.8166 0.6480 0.7145 -1.2541 3.3630 16.1131 -0.3778 0.6355
Pedestrian -1 -1 0.2956 846.9932 751.5457 932.7861 964.1729 1.8511 0.6579 0.6288 -0.6561 3.0611 13.8900 0.2542 0.6035
Pedestrian -1 -1 1.9443 863.1981 785.1895 925.1938 910.8468 1.7972 0.7302 0.7431 -1.0298 4.3200 23.0644 1.9094 0.5919
Pedestrian -1 -1 -1.8475 1282.9325 739.3205 1388.6075 975.8010 1.7510 0.6827 0.5705 2.9046 2.6637 11.6396 -1.5632 0.5628
Pedestrian -1 -1 1.9848 849.6366 768.4564 915.9493 878.4517 1.2934 0.5630 0.8400 -1.0098 3.1997 19.3653 1.9401 0.3189
Pedestrian -1 -1 1.2028 1390.3593 755.2539 1541.3643 1118.1251 1.6679 0.5537 0.6143 2.4860 2.3417 7.4148 1.5988 0.2046
Pedestrian -1 -1 -2.1927 1261.7935 742.6768 1360.8557 965.7915 1.7265 0.5989 0.5322 2.8742 2.7230 12.2994 -1.9266 0.1333
Pedestrian -1 -1 -2.1501 1730.6124 804.8917 1825.3821 1051.4396 1.7018 0.4421 0.4476 5.9356 3.0388 10.8812 -1.5854 0.1132
Cyclist -1 -1 -0.3006 1500.9301 764.5975 1705.9142 1092.9698 1.5766 0.6066 0.8799 3.3575 2.3480 7.8795 0.1821 0.1339
