Pedestrian -1 -1 0.1937 1007.9174 742.4453 1096.5229 962.3182 1.8172 0.6498 0.6585 0.8088 2.8856 13.1903 0.2720 0.7343
Pedestrian -1 -1 -0.4247 982.1172 778.8231 1072.2600 964.0586 1.7736 0.6334 0.7397 0.6764 3.4087 15.4581 -0.3659 0.5893
Pedestrian -1 -1 0.0217 1126.0151 749.0063 1181.9469 885.5269 1.7868 0.6546 0.7396 2.6669 3.5332 20.6579 0.1700 0.5542
Pedestrian -1 -1 1.9153 1015.7551 772.3508 1068.9532 897.7601 1.7449 0.6090 0.6173 1.2046 3.9702 22.1644 1.9847 0.3624
Pedestrian -1 -1 0.4086 1729.8003 776.5023 1936.0000 1139.5635 1.3942 0.5396 0.9098 4.0436 2.1284 6.7130 1.0634 0.3146
Pedestrian -1 -1 1.3554 1206.6606 761.3736 1258.4366 882.6654 1.9188 0.7255 0.6874 4.4915 4.2133 24.7929 1.5559 0.1633
Pedestrian -1 -1 -0.5135 1041.6173 780.3594 1118.7856 948.4587 1.6663 0.5648 0.6256 1.2627 3.3613 15.9205 -0.4163 0.1112
Pedestrian -1 -1 1.9768 995.3607 768.2303 1048.6873 896.7930 1.7437 0.5584 0.6370 0.8806 3.8538 21.6059 2.0319 0.1002
Cyclist -1 -1 0.3862 97.6913 824.9518 309.3688 1005.1575 1.3960 0.7063 1.4861 -6.5475 3.1908 12.9826 -0.1120 0.1333
Cyclist -1 -1 -0.0851 1673.9844 721.0548 1936.0000 1112.3528 1.5133 0.6762 1.0628 3.7815 1.9757 6.6261 0.5463 0.1089
