Pedestrian -1 -1 0.1445 1442.3647 748.1927 1605.7706 1068.5525 1.5877 0.5733 0.7315 3.0843 2.2992 8.1897 0.5762 0.7056
Pedestrian -1 -1 1.8509 840.7498 772.7252 898.5908 896.8839 1.8219 0.7312 0.7092 -1.4278 4.1766 23.3922 1.7987 0.6118
Pedestrian -1 -1 -2.3237 1236.6726 718.0167 1349.5702 959.1899 1.7748 0.6463 0.5737 2.5982 2.5302 11.7252 -2.0690 0.5861
Pedestrian -1 -1 -0.4599 769.6530 766.6660 850.6010 941.2915 1.7728 0.6224 0.6747 -1.6541 3.3641 16.3433 -0.5579 0.5725
Pedestrian -1 -1 0.3558 805.1370 754.0165 896.1835 961.5394 1.8228 0.6506 0.6666 -1.0324 3.0707 14.0471 0.2858 0.5718
Pedestrian -1 -1 0.6350 1322.6492 696.0046 1494.4413 1043.2997 1.6628 0.5739 0.6325 2.3131 2.0515 7.7545 0.9897 0.4919
Pedestrian -1 -1 -2.5658 1221.8038 731.8930 1307.1456 938.4207 1.6399 0.5707 0.4623 2.5587 2.5686 12.6159 -2.3328 0.2937
Pedestrian -1 -1 -2.0285 1554.5193 757.3640 1646.9482 1009.0594 1.7289 0.4915 0.3971 4.5617 2.6929 10.6827 -1.5652 0.1030
Pedestrian -1 -1 -1.9543 376.9618 789.8339 440.5667 944.1492 1.5865 0.4905 0.5326 -6.1006 3.4475 16.5110 -2.3232 0.1024
Pedestrian -1 -1 2.0183 822.6192 757.0330 896.7722 871.4834 1.3403 0.5948 0.9653 -1.3069 3.1007 19.3639 1.9571 0.1002
Cyclist -1 -1 -0.0089 1447.5906 738.8269 1621.0244 1062.4867 1.6027 0.6150 0.8484 3.1415 2.2609 8.1830 0.4303 0.1084
