Pedestrian -1 -1 0.6351 1062.5538 753.2914 1155.1617 973.1952 1.7683 0.5844 0.5532 1.2736 2.9102 12.8978 0.7549 0.7015
Pedestrian -1 -1 0.5085 1158.3134 754.8416 1229.3883 897.9581 1.8152 0.7017 0.6966 3.1666 3.6265 20.3532 0.6846 0.6777
Pedestrian -1 -1 -0.5401 1022.4633 786.8964 1112.9211 968.4034 1.7203 0.6180 0.7151 1.0910 3.4337 15.3826 -0.4518 0.5426
Pedestrian -1 -1 1.8161 1036.6366 774.2328 1086.7570 899.8048 1.7248 0.5950 0.5998 1.4687 3.9422 21.8248 1.8992 0.3843
Pedestrian -1 -1 -2.6915 607.9380 770.3423 679.5530 923.7152 1.5812 0.4997 0.6092 -3.4624 3.1996 16.3266 -2.9066 0.1725
Pedestrian -1 -1 1.8615 1090.8142 758.7703 1146.5118 891.4382 1.7136 0.5833 0.6832 2.1732 3.5975 20.6145 1.9850 0.1512
Pedestrian -1 -1 1.4170 1252.8180 776.0827 1302.0519 894.3387 1.8076 0.6954 0.6782 5.1011 4.2867 24.1571 1.6481 0.1083
Cyclist -1 -1 0.4645 137.9989 844.1302 361.6252 1023.0751 1.3797 0.7492 1.5640 -6.0812 3.3181 12.8422 -0.0073 0.1400
Cyclist -1 -1 0.8020 332.8470 794.7744 505.2933 957.1833 1.5738 0.5885 1.9598 -6.0288 3.5376 16.6044 0.4396 0.1288
Cyclist -1 -1 -0.7095 1027.5320 774.8411 1133.4463 957.8724 1.7219 0.6174 0.9021 1.2294 3.3193 15.4192 -0.6117 0.1160
