Pedestrian -1 -1 0.4217 1120.2958 740.6916 1214.5889 965.7239 1.7705 0.6150 0.5784 1.7415 2.7791 12.6101 0.5848 0.7755
Pedestrian -1 -1 0.7694 1207.4708 751.2511 1283.7369 894.5992 1.7761 0.7017 0.7070 3.7772 3.4971 19.8800 0.9813 0.6684
Pedestrian -1 -1 -0.5863 1083.6256 776.1977 1177.2318 959.6500 1.7149 0.6265 0.7178 1.7088 3.2912 15.1416 -0.4526 0.5782
Pedestrian -1 -1 1.9126 1104.6498 769.1458 1159.8169 901.3743 1.7639 0.5842 0.6647 2.4397 3.8613 21.3148 2.0454 0.3643
Pedestrian -1 -1 1.4135 1307.6698 776.9269 1354.9807 893.9838 1.7820 0.6554 0.6892 5.9642 4.2732 24.1270 1.6804 0.2143
Pedestrian -1 -1 -2.9905 850.8937 796.7504 909.9869 934.9875 1.5343 0.5204 0.6205 -0.9475 3.5918 17.6133 -3.0368 0.1896
Pedestrian -1 -1 -3.0404 1275.0619 713.6322 1581.1045 1159.5824 1.4732 0.7320 0.9948 1.7947 1.8459 5.7218 -2.6441 0.1438
Pedestrian -1 -1 1.8456 1139.4723 757.8973 1198.5139 896.5189 1.7561 0.6091 0.7209 2.8199 3.5996 20.2731 2.0045 0.1394
Pedestrian -1 -1 0.1654 678.0560 806.2028 755.8056 955.7916 1.5172 0.5090 0.7501 -2.6144 3.4930 16.0415 0.0019 0.1032
Cyclist -1 -1 -0.6795 1105.6982 768.0926 1222.8182 953.0931 1.7158 0.6085 1.0191 2.0613 3.2198 15.1889 -0.5213 0.1354
Cyclist -1 -1 -3.0112 1221.6676 690.6202 1783.3761 1216.0000 1.7679 0.8610 1.8205 1.9919 2.0505 5.5740 -2.5647 0.1285
Cyclist -1 -1 0.4804 334.0145 853.9096 540.6056 1011.5818 1.4681 0.6925 1.9526 -5.5079 3.9541 15.7630 0.1309 0.1192
