Pedestrian -1 -1 0.2163 895.0961 752.9228 980.7281 963.6546 1.8159 0.6660 0.6553 -0.2076 3.0275 13.7591 0.2102 0.7152
Pedestrian -1 -1 -0.3521 858.6106 761.7718 946.3773 936.9678 1.7459 0.6544 0.7649 -0.6354 3.2555 16.0474 -0.3840 0.6615
Pedestrian -1 -1 -2.2909 1337.5930 720.1229 1456.7126 965.2512 1.7519 0.6813 0.5393 3.3068 2.4995 11.3617 -1.9625 0.5995
Pedestrian -1 -1 1.9957 883.9423 783.9013 941.2155 907.6958 1.7542 0.6413 0.6877 -0.7377 4.2222 22.7693 1.9736 0.4853
Pedestrian -1 -1 0.0339 1569.5669 760.8332 1770.8799 1097.2102 1.5119 0.5605 0.8580 3.5867 2.2419 7.5650 0.5655 0.4787
Pedestrian -1 -1 2.0497 896.9483 782.9752 969.5900 889.1982 1.2147 0.5742 0.9087 -0.3534 3.3040 19.2296 2.0413 0.3127
Pedestrian -1 -1 0.9795 1461.8148 720.0117 1633.7117 1088.8027 1.6301 0.4934 0.6923 2.7984 2.1108 7.1808 1.4349 0.2127
Pedestrian -1 -1 1.9174 940.6107 778.1526 995.6558 902.1119 1.7698 0.6504 0.6574 0.1082 4.1517 22.8199 1.9345 0.1578
Cyclist -1 -1 -0.3073 1537.9585 750.6635 1794.8269 1090.0387 1.5528 0.6329 1.0639 3.5378 2.2259 7.5803 0.2173 0.1821
Cyclist -1 -1 -0.4057 853.3820 754.6329 950.8094 929.8520 1.7394 0.6575 0.8557 -0.6383 3.1720 16.0340 -0.4380 0.1092
