Pedestrian -1 -1 0.8648 1196.4658 717.4075 1357.2278 1055.1036 1.7320 0.6292 0.6151 1.7464 2.2718 8.3112 1.1184 0.7377
Pedestrian -1 -1 0.2554 1335.7853 757.7623 1469.3230 1066.9718 1.6470 0.5512 0.6054 2.5716 2.4559 8.7063 0.5996 0.6817
Pedestrian -1 -1 -1.9359 1149.1305 743.9260 1249.7240 972.3508 1.7686 0.6755 0.5297 1.9416 2.7679 12.2341 -1.7499 0.6685
Pedestrian -1 -1 -0.1251 677.5875 777.0285 747.2311 958.3339 1.8195 0.6315 0.6634 -2.6796 3.4951 16.0736 -0.2925 0.5288
Pedestrian -1 -1 -2.8974 1244.2595 737.1467 1324.2765 956.7023 1.6862 0.5472 0.5076 2.6416 2.6302 12.2157 -2.6494 0.5240
Pedestrian -1 -1 1.9220 767.2518 771.7124 826.0367 895.5751 1.8520 0.7365 0.6834 -2.6133 4.2282 23.7818 1.8189 0.4476
Pedestrian -1 -1 0.5362 724.6028 771.9867 833.0810 976.6371 1.8085 0.6371 0.8217 -1.7435 3.2629 14.3295 0.4145 0.3842
Pedestrian -1 -1 2.1395 749.3413 769.9559 820.5765 885.5627 1.3844 0.5912 0.7961 -2.3077 3.3348 19.6194 2.0256 0.2366
Pedestrian -1 -1 -3.1812 1197.4187 754.8432 1245.9525 964.5657 1.7662 0.5145 0.4151 2.3016 2.9414 13.2372 -2.9802 0.2108
Pedestrian -1 -1 0.5470 0.0000 826.0524 44.0246 1011.4095 1.4976 0.5565 0.9782 -8.6809 3.2990 13.0780 -0.0745 0.1725
Pedestrian -1 -1 -1.6832 1196.3087 794.2468 1235.5612 898.3634 1.8006 0.6506 0.6412 4.6491 4.9343 27.3278 -1.4948 0.1165
Pedestrian -1 -1 -3.1272 846.5160 710.5801 1031.8843 1042.3210 1.5520 0.7301 0.8910 -0.1048 2.0058 7.5527 -3.1378 0.1014
Cyclist -1 -1 0.3602 0.0000 826.7996 61.1191 1018.5518 1.4945 0.5948 1.3782 -8.7576 3.3271 13.1064 -0.2642 0.2973
