Pedestrian -1 -1 0.0854 994.2078 750.4290 1077.3694 965.9065 1.7969 0.6430 0.6751 0.6686 2.9417 13.2694 0.1516 0.7223
Pedestrian -1 -1 -0.4183 945.2971 772.6833 1040.4491 954.0271 1.7534 0.6651 0.7988 0.3260 3.3466 15.6641 -0.3845 0.5868
Pedestrian -1 -1 0.5661 1709.5958 760.0414 1936.0000 1141.5007 1.5115 0.5663 0.9336 4.0229 2.1784 6.8431 1.2066 0.4772
Pedestrian -1 -1 1.8537 1012.0925 768.1895 1065.3557 889.3946 1.7114 0.6390 0.6460 1.1690 3.9074 22.5054 1.9205 0.4701
Pedestrian -1 -1 2.0442 958.8342 771.3389 1015.3960 900.9440 1.8010 0.6033 0.6541 0.3861 4.0162 22.1896 2.0746 0.2416
Pedestrian -1 -1 1.9224 1074.8433 760.0702 1130.4692 885.4815 1.7824 0.6622 0.6055 2.1367 3.8610 22.5764 2.0342 0.1478
Pedestrian -1 -1 -3.3772 1506.0780 708.1683 1599.7385 958.1418 1.6999 0.6449 0.5215 4.2540 2.3207 10.7818 -2.9437 0.1268
Pedestrian -1 -1 -2.8604 1107.9611 690.8646 1347.7682 1116.3522 1.6193 0.7637 0.8013 1.1491 1.9243 6.3847 -2.6299 0.1162
Pedestrian -1 -1 1.1406 1645.2588 703.5248 1836.4188 1120.8066 1.6771 0.5320 0.7572 3.4046 2.0450 6.5820 1.7261 0.1043
Cyclist -1 -1 0.4464 69.5764 852.0476 296.4289 1024.1251 1.3192 0.7592 1.5802 -6.7447 3.3622 13.0226 -0.0622 0.2078
Cyclist -1 -1 -0.2200 1651.3431 739.1272 1936.0000 1125.1626 1.5418 0.7359 1.2092 3.8567 2.1115 6.8851 0.3973 0.1798
Cyclist -1 -1 -0.5340 939.4502 764.5118 1046.6135 946.0225 1.7450 0.6733 0.9088 0.3302 3.2569 15.6803 -0.5000 0.1132
