Pedestrian -1 -1 1.0991 1346.4677 717.8783 1467.8696 965.6199 1.7281 0.6800 0.5747 3.2732 2.4332 11.0104 1.4352 0.7997
Pedestrian -1 -1 -0.2261 1431.9795 766.0664 1499.3995 909.9289 1.6441 0.5507 0.6777 6.0752 3.3764 18.0327 0.1333 0.6111
Pedestrian -1 -1 -0.5680 1329.9916 803.1860 1440.7618 987.0687 1.5512 0.6682 0.7516 3.9176 3.2515 13.8441 -0.2548 0.5267
Pedestrian -1 -1 -3.7249 1741.9236 678.1684 1898.6600 954.2925 1.7200 0.7553 0.6035 5.6348 2.0843 9.8444 -3.1282 0.4539
Pedestrian -1 -1 -0.6560 1601.9690 713.6290 1710.4183 881.9442 1.9520 0.7235 0.9585 8.4715 3.0612 18.2516 -0.1806 0.4478
Pedestrian -1 -1 1.6340 1364.0162 786.8441 1409.2332 921.7681 1.7078 0.5340 0.6136 5.7567 3.9399 20.2294 1.9403 0.2070
Pedestrian -1 -1 -1.4501 1301.8534 759.7465 1361.0559 914.6907 1.7899 0.6211 0.6194 4.5544 3.4843 18.3855 -1.1784 0.1644
Pedestrian -1 -1 1.6171 1595.1962 772.3283 1648.2390 910.3539 1.9260 0.6715 0.6833 9.8556 4.1709 22.3107 2.0666 0.1487
Cyclist -1 -1 -0.8876 1363.5044 794.6797 1546.3119 985.0834 1.5727 0.7453 1.6870 4.7702 3.2961 14.4322 -0.5286 0.3680
Cyclist -1 -1 -0.8597 1603.6377 709.8455 1723.0018 880.2549 1.9524 0.7004 1.1782 8.5488 3.0182 18.2192 -0.3798 0.1495
