Pedestrian -1 -1 0.1541 1499.6307 793.3348 1569.1506 940.9738 1.5905 0.5136 0.6701 6.6720 3.5956 17.4071 0.5576 0.5857
Pedestrian -1 -1 -0.8209 1409.3177 792.5433 1538.9364 981.7301 1.5356 0.7352 0.8363 4.6435 3.1131 13.5592 -0.4483 0.5846
Pedestrian -1 -1 1.2674 1428.7645 715.8409 1546.8805 971.8909 1.7085 0.6707 0.5302 3.6787 2.3637 10.4808 1.6598 0.5454
Pedestrian -1 -1 -0.8989 1700.1415 728.3923 1802.5121 895.2249 1.8657 0.6956 0.8412 9.3928 3.1298 17.7906 -0.3693 0.4249
Pedestrian -1 -1 -1.3831 1362.3771 770.6229 1424.8203 935.8598 1.8341 0.5942 0.6008 5.1257 3.6006 17.7218 -1.0697 0.4248
Pedestrian -1 -1 1.5409 1421.1467 785.7170 1465.0332 925.4949 1.7516 0.5491 0.5837 6.4221 3.9344 19.9356 1.8837 0.1267
Pedestrian -1 -1 1.5252 1426.1256 779.8392 1473.2831 934.4282 1.7277 0.5240 0.5529 5.7900 3.6014 17.7421 1.8747 0.1231
Pedestrian -1 -1 -2.7709 1144.6071 771.7066 1216.9280 924.1890 1.5340 0.4826 0.6350 2.3682 3.1536 16.1277 -2.6015 0.1119
Cyclist -1 -1 -0.9150 1455.3470 778.7845 1630.5289 975.3013 1.5904 0.7144 1.4931 5.3794 3.0819 13.8239 -0.4985 0.3162
Cyclist -1 -1 2.3840 1734.0322 733.3908 1898.7594 896.1643 1.7644 0.6696 1.6116 9.9033 3.0571 17.3360 2.9492 0.1382
