Pedestrian -1 -1 0.1826 1188.2687 724.9203 1283.3552 951.7780 1.7353 0.6354 0.6440 2.2496 2.5809 12.2249 0.3961 0.7272
Pedestrian -1 -1 0.0026 1281.8474 741.0923 1332.7366 881.2211 1.7292 0.5935 0.6267 4.4989 3.2673 19.4288 0.2572 0.6894
Pedestrian -1 -1 -0.5689 1198.5719 767.1860 1301.6093 942.3558 1.6422 0.5926 0.8378 2.9169 3.1217 15.1276 -0.3501 0.5229
Pedestrian -1 -1 1.8624 1181.1019 770.4752 1233.5190 897.6505 1.6599 0.5420 0.6729 3.4435 3.7369 20.9119 2.0476 0.2840
Pedestrian -1 -1 1.5025 1376.7693 786.5073 1423.8306 909.5045 1.8340 0.6907 0.6834 6.9817 4.4513 23.8040 1.8144 0.2836
Pedestrian -1 -1 1.5968 1414.4829 763.9907 1455.5876 881.6063 1.6158 0.5377 0.6911 6.9579 3.6967 21.9534 1.9332 0.2137
Pedestrian -1 -1 1.7630 1218.6226 755.9485 1273.1890 888.7966 1.6595 0.5848 0.6679 3.7978 3.4434 19.9353 1.9754 0.1510
Pedestrian -1 -1 0.1919 716.2003 768.0501 792.6412 928.1233 1.6019 0.5310 0.7099 -2.1734 3.1376 15.7584 0.0538 0.1400
Pedestrian -1 -1 0.8076 1033.3059 750.6479 1098.5193 882.9662 1.5635 0.5268 0.6394 1.3187 3.1852 18.8718 0.8937 0.1360
Cyclist -1 -1 0.3818 404.7799 832.8798 610.2131 992.1641 1.5106 0.7143 1.9420 -4.7561 3.7593 15.7380 0.0770 0.1386
Cyclist -1 -1 -0.7035 1180.1133 758.4596 1295.0803 935.5096 1.6444 0.6239 0.9681 2.7983 3.0428 15.1537 -0.4934 0.1368
Cyclist -1 -1 -3.1917 1362.7833 669.4606 1853.2535 1216.0000 1.6509 0.8066 1.4767 2.2464 1.8282 5.2505 -2.6614 0.1044
