Pedestrian -1 -1 0.2940 1259.5010 695.4970 1360.4973 935.8613 1.7693 0.6404 0.5921 2.7295 2.3414 11.6886 0.5617 0.7910
Pedestrian -1 -1 0.0718 1338.0215 728.9999 1401.9939 870.5911 1.6787 0.6061 0.7154 5.1272 3.0124 18.7471 0.3691 0.6934
Pedestrian -1 -1 -0.4026 1247.0831 745.2770 1339.8442 925.5921 1.6384 0.7040 0.6693 3.2162 2.8394 14.5201 -0.1531 0.6004
Pedestrian -1 -1 1.7324 1258.6219 760.9152 1305.8131 887.7835 1.6423 0.5254 0.6446 4.4270 3.5535 20.6137 1.9691 0.3238
Pedestrian -1 -1 -2.2417 1410.8495 746.7174 1471.8025 864.6652 1.6967 0.6728 0.5696 7.2752 3.5746 22.6740 -1.9020 0.2516
Pedestrian -1 -1 1.5580 1485.5197 763.2800 1535.0836 890.4728 1.8536 0.7115 0.7246 8.5482 4.0504 23.2744 1.9403 0.2235
Pedestrian -1 -1 1.8760 1328.2365 759.0349 1378.6243 874.5782 1.4918 0.4803 0.6730 5.4255 3.3838 20.6805 2.1605 0.1583
Pedestrian -1 -1 1.2181 1109.2646 746.8978 1169.6833 873.7957 1.4849 0.5666 0.6441 2.2106 3.0324 18.5947 1.3564 0.1322
Pedestrian -1 -1 0.3447 932.8312 743.8148 997.1362 885.9554 1.4774 0.4648 0.5795 0.0432 2.8068 16.3976 0.3581 0.1316
Cyclist -1 -1 -3.3866 1482.0928 630.4500 1936.0000 1216.0000 1.7616 0.9153 1.8237 2.6294 1.7818 4.6503 -2.7047 0.1266
Cyclist -1 -1 -0.4954 1269.9373 746.0447 1397.7876 914.0264 1.5511 0.6587 1.0501 3.6963 2.7911 14.8715 -0.2184 0.1057
