Pedestrian -1 -1 1.2097 1161.5568 735.2136 1256.6545 955.8675 1.7247 0.6262 0.5596 2.0389 2.6597 12.3458 1.4026 0.7065
Pedestrian -1 -1 1.2683 1246.4438 752.3774 1308.2955 896.2115 1.7993 0.6461 0.6343 4.1466 3.5030 19.6466 1.5019 0.6862
Pedestrian -1 -1 -0.6192 1138.5911 764.7568 1239.0107 946.5397 1.6923 0.6515 0.7685 2.2912 3.1464 15.0881 -0.4437 0.5509
Pedestrian -1 -1 1.4150 1337.7085 775.3395 1388.5665 896.2657 1.8205 0.7004 0.6856 6.4051 4.2596 23.8597 1.7029 0.3760
Pedestrian -1 -1 1.8034 1154.3585 768.8706 1203.7510 894.5212 1.6769 0.5578 0.6160 3.0973 3.7603 21.2487 1.9689 0.3228
Pedestrian -1 -1 1.7906 1193.7194 754.1451 1250.7911 889.7462 1.6932 0.6000 0.6966 3.4856 3.4556 19.9516 1.9867 0.1910
Pedestrian -1 -1 1.8378 1139.8947 764.8479 1194.2289 901.7498 1.7716 0.5825 0.6467 2.8399 3.7396 20.6148 1.9952 0.1007
Cyclist -1 -1 0.4374 384.4622 839.8057 581.1038 992.3356 1.4737 0.6022 1.9300 -5.1133 3.8349 16.0194 0.1167 0.1118
Cyclist -1 -1 -0.8111 1161.3387 762.1539 1279.7603 939.6136 1.6338 0.6060 1.0688 2.6346 3.0783 15.1825 -0.6127 0.1085
Cyclist -1 -1 -3.0627 1295.6707 684.2793 1758.9600 1216.0000 1.6842 0.8724 1.4532 2.0772 1.9321 5.4914 -2.5911 0.1046
