Pedestrian -1 -1 0.9907 1295.2139 706.8804 1413.7645 945.7433 1.7161 0.6714 0.5755 2.9817 2.3595 11.3675 1.2895 0.7769
Pedestrian -1 -1 -0.1147 1380.6979 740.6571 1445.2977 885.0573 1.6814 0.5741 0.7134 5.5317 3.1285 18.3386 0.2107 0.5779
Pedestrian -1 -1 -3.3726 1693.2982 684.6887 1805.7654 961.2993 1.7629 0.6966 0.5701 5.3257 2.1849 10.1339 -2.8171 0.5463
Pedestrian -1 -1 -0.4549 1272.9114 778.6324 1390.5942 955.1512 1.5400 0.7253 0.8665 3.5158 3.0481 14.2364 -0.1788 0.5310
Pedestrian -1 -1 1.6602 1292.9207 775.5480 1338.0729 908.9291 1.6964 0.5260 0.6339 4.8076 3.7788 20.2834 1.9195 0.1641
Pedestrian -1 -1 1.4861 1531.3516 772.9719 1583.7194 902.0971 1.8816 0.7202 0.6863 9.2594 4.2266 23.2425 1.8965 0.1473
Pedestrian -1 -1 -0.0291 933.5844 769.8300 1002.2441 932.5859 1.5017 0.5412 0.6563 0.0598 2.9397 14.5633 -0.0140 0.1446
Pedestrian -1 -1 1.8395 1378.5734 763.2940 1428.7848 890.3528 1.6389 0.5020 0.6184 6.0812 3.5774 20.5497 2.1568 0.1168
Pedestrian -1 -1 -3.0332 1828.3328 716.4042 1936.0000 1024.5712 1.7505 0.6459 0.5411 5.7015 2.3370 9.1653 -2.3933 0.1079
Cyclist -1 -1 -0.8289 1297.4200 764.0526 1464.2174 943.6464 1.5460 0.7087 1.5169 4.1045 2.9697 14.6167 -0.5189 0.4106
