Pedestrian -1 -1 1.1824 1480.6377 730.0530 1614.1803 991.9288 1.6760 0.6869 0.5954 3.9582 2.4106 10.1344 1.6150 0.6761
Pedestrian -1 -1 -0.8368 1760.9865 735.5794 1867.1193 904.2542 1.8522 0.6870 0.8350 9.9411 3.1763 17.4467 -0.2732 0.5282
Pedestrian -1 -1 0.5710 1532.0693 815.2917 1632.4303 966.7679 1.5405 0.5274 0.9225 7.0815 3.7819 17.0740 1.0034 0.4981
Pedestrian -1 -1 -1.2020 1505.0283 776.4157 1637.0123 971.5129 1.5234 0.7162 1.0609 5.4175 2.9318 13.2750 -0.7661 0.4969
Pedestrian -1 -1 -1.3823 1424.7887 774.4727 1486.1711 939.0759 1.7993 0.5662 0.5791 5.7714 3.5849 17.4580 -1.0284 0.2539
Pedestrian -1 -1 1.9557 0.0000 780.8123 19.5754 914.5608 1.8005 0.6152 0.6781 -13.9859 4.0779 21.4481 1.3634 0.1996
Pedestrian -1 -1 1.5765 1473.3461 775.7449 1521.1761 921.9532 1.8117 0.5704 0.5825 7.0578 3.8353 19.6846 1.9540 0.1672
Pedestrian -1 -1 -3.2083 1076.5656 777.8135 1144.9116 956.3856 1.5569 0.5290 0.6036 1.3727 2.9965 13.7984 -3.0883 0.1388
Pedestrian -1 -1 -1.3749 1756.5767 775.9924 1826.8037 903.4459 1.7221 0.6883 1.0678 12.3963 4.0402 22.3172 -0.8309 0.1372
Pedestrian -1 -1 -1.5971 442.4233 780.3970 471.5092 867.8763 1.7204 0.5579 0.5486 -10.4625 4.9828 31.0208 -1.9216 0.1133
Cyclist -1 -1 -0.9665 1511.0229 769.4629 1697.3567 970.4984 1.5822 0.7322 1.5841 5.8051 2.9550 13.4933 -0.5111 0.3737
Cyclist -1 -1 -0.1021 1537.5874 821.0073 1636.5558 967.0557 1.5079 0.6066 1.0076 7.1420 3.8098 17.1028 0.3328 0.1342
