Pedestrian -1 -1 -0.3421 1570.9613 783.5591 1650.9115 946.1808 1.6562 0.5661 0.6545 7.0144 3.4050 16.1660 0.1096 0.5752
Pedestrian -1 -1 -1.0955 1872.6191 738.6790 1936.0000 913.0503 1.8275 0.7347 0.8770 10.9264 3.1524 16.8870 -0.4722 0.5436
Pedestrian -1 -1 -1.3165 1608.4093 787.9606 1748.6826 983.6948 1.4469 0.7593 1.2194 6.2113 2.9338 12.9322 -0.8150 0.4862
Pedestrian -1 -1 1.0414 1555.7271 737.4628 1700.7800 1018.7264 1.7059 0.6494 0.6123 4.2882 2.4561 9.6465 1.5273 0.4666
Pedestrian -1 -1 1.8650 1386.4495 769.0386 1456.7498 941.0380 1.8003 0.5905 0.6027 5.1636 3.4569 16.7698 2.1980 0.1644
Pedestrian -1 -1 -1.1265 1821.1841 758.6561 1922.2660 905.7126 1.5819 0.6567 0.9201 10.6789 3.1973 17.5434 -0.5331 0.1335
Pedestrian -1 -1 1.4379 1565.6902 787.2786 1618.0537 932.5028 1.7324 0.5589 0.6003 8.0207 3.8396 19.0365 1.8733 0.1179
Pedestrian -1 -1 -1.4352 1801.3331 787.2385 1864.8112 916.5513 1.7387 0.6755 0.8116 12.8045 4.1800 21.9612 -0.8697 0.1133
Pedestrian -1 -1 -1.6340 1480.4399 767.2084 1534.2687 932.3609 1.7535 0.5550 0.5522 6.1400 3.3886 16.8320 -1.2466 0.1077
Pedestrian -1 -1 -3.7064 1882.0280 704.9533 1936.0000 1003.4027 1.5789 0.6763 0.5341 5.6700 2.0523 8.4758 -3.0233 0.1060
Pedestrian -1 -1 1.5021 1632.9707 800.6503 1684.6398 947.4770 1.7386 0.5795 0.7144 8.9523 4.0482 19.2095 1.9761 0.1044
Cyclist -1 -1 -1.2770 1590.9034 783.9588 1764.5449 987.3538 1.4702 0.7982 1.8555 6.3482 2.9743 13.2064 -0.7761 0.3796
Cyclist -1 -1 -1.1580 1877.1353 736.0389 1936.0000 906.2242 1.7839 0.6923 0.8898 10.9435 3.0777 16.8845 -0.5338 0.1175
