Pedestrian -1 -1 -1.5364 438.4577 816.4404 484.4371 944.7534 1.7022 0.6040 0.5814 -7.1121 4.4767 21.2961 -1.8637 0.6411
Pedestrian -1 -1 1.5083 365.5918 804.7277 388.4735 870.5980 1.7725 0.5751 0.6640 -16.7867 6.9898 42.9651 1.1409 0.4036
Pedestrian -1 -1 -2.1457 1106.3563 669.7691 1363.7074 1216.0000 1.6587 0.5521 0.5729 0.8057 1.8041 4.4882 -1.8922 0.2739
Pedestrian -1 -1 0.0372 663.3910 775.9116 733.0879 989.0135 1.6370 0.6610 0.5494 -2.1680 2.9237 12.3746 -0.1456 0.1526
Pedestrian -1 -1 -1.6065 352.0452 767.9167 456.4961 1026.1765 1.6811 0.6500 1.8622 -4.4218 2.9040 11.8048 -1.9940 0.1486
Cyclist -1 -1 -1.6065 352.0452 767.9167 456.4961 1026.1765 1.6811 0.6500 1.8622 -4.4218 2.9040 11.8048 -1.9940 0.4049
Car -1 -1 -1.3345 88.7923 780.9598 211.3794 873.2405 1.7180 1.7806 4.1591 -20.3307 5.8807 37.6499 -1.8293 0.5454
Car -1 -1 -1.2867 0.0000 734.2998 131.2587 953.0372 1.6333 1.7101 3.8922 -9.9245 2.9146 15.3989 -1.8889 0.2528
Car -1 -1 -1.8867 922.3842 660.6021 1936.0000 1216.0000 1.7952 1.7861 4.1094 0.8627 1.9623 4.8818 -1.6442 0.1252
Car -1 -1 -1.0427 0.0000 794.8493 102.9009 913.8772 1.6118 1.7770 4.1057 -18.2466 5.0693 28.3281 -1.6210 0.1120
