Pedestrian -1 -1 1.7226 744.7582 819.2926 797.0162 950.9932 1.7321 0.6386 0.5960 -2.6537 4.4868 20.8840 1.6012 0.4695
Pedestrian -1 -1 -1.8081 1689.0745 672.1187 1864.4418 1074.3003 1.8195 0.6711 0.5894 3.9315 2.0609 7.2520 -1.2112 0.3790
Pedestrian -1 -1 3.2542 740.7878 815.0203 782.2160 882.2653 1.2499 0.7001 0.7495 -4.0236 5.1290 30.1570 3.1290 0.2903
Pedestrian -1 -1 -0.0744 983.1396 776.1017 1065.8486 1000.1337 1.5775 0.6074 0.5867 0.4676 2.7467 11.2556 -0.0176 0.2781
Pedestrian -1 -1 -2.2964 0.0000 729.9148 65.1095 1133.9233 1.6091 0.5336 0.4821 -4.2582 2.0806 6.4134 -2.9870 0.2573
Pedestrian -1 -1 0.4961 0.1329 740.5767 189.4196 1119.8982 1.5036 0.5088 0.5455 -3.6844 2.0202 6.3903 -0.1279 0.1932
Pedestrian -1 -1 -1.4231 621.7198 773.9641 727.1813 1008.4573 1.7573 0.6767 1.7438 -2.5047 3.1638 13.2224 -1.6188 0.1115
Pedestrian -1 -1 3.5118 348.6204 833.8263 435.4842 970.6922 1.3896 0.6609 0.7117 -6.2836 3.7461 16.5339 3.1342 0.1092
Pedestrian -1 -1 -2.2087 105.7118 768.3802 297.6107 1152.0514 1.4383 0.4577 0.5425 -3.1158 2.0581 6.1489 -2.7774 0.1053
Cyclist -1 -1 -1.4357 619.2639 773.6724 729.2370 1009.1672 1.7469 0.7227 1.8641 -2.5078 3.1597 13.2486 -1.6313 0.4836
Car -1 -1 1.9689 136.4717 781.8348 281.0160 867.5865 1.6372 1.8298 4.2349 -19.3568 5.9239 38.6756 1.5061 0.1572
