Pedestrian -1 -1 1.1622 828.3934 808.1089 889.4406 944.5964 1.7373 0.6545 0.6029 -1.4105 4.3086 20.5714 1.1018 0.5881
Pedestrian -1 -1 -2.2525 151.9973 811.4661 368.2568 1196.4980 1.3457 0.4694 0.6182 -2.7439 2.1188 5.8701 -2.7905 0.2840
Pedestrian -1 -1 -2.4698 43.8006 791.4027 260.8403 1165.5554 1.4007 0.5213 0.5955 -3.3000 2.1149 6.1323 -3.0657 0.2686
Pedestrian -1 -1 -2.3968 1062.8997 763.9492 1176.6365 1016.4860 1.6882 0.6512 0.5116 1.1503 2.7346 10.8486 -2.2672 0.2593
Pedestrian -1 -1 1.0972 1841.7649 698.8141 1936.0000 1141.1544 1.8225 0.6621 0.5685 4.3694 2.1676 6.6303 1.7971 0.2520
Pedestrian -1 -1 0.1967 830.1223 813.9421 875.7690 878.3683 1.1796 0.6149 0.7994 -2.1577 4.9970 29.8403 0.1341 0.1553
Pedestrian -1 -1 0.2278 810.5410 815.9865 850.5411 877.2106 1.2016 0.5566 0.7355 -2.7718 5.2996 31.7408 0.1502 0.1256
Pedestrian -1 -1 -0.1543 1006.0452 825.0926 1082.8993 930.6998 1.0521 0.5946 0.7702 0.9096 3.3010 16.4714 -0.0834 0.1232
Pedestrian -1 -1 -1.4661 704.2732 779.0673 799.1550 1004.9349 1.7339 0.6754 1.7542 -1.8750 3.2257 13.5817 -1.6063 0.1150
Cyclist -1 -1 -1.4830 701.1897 777.1625 797.9570 1005.2966 1.7361 0.7120 1.8789 -1.8965 3.2199 13.6155 -1.6245 0.5394
Car -1 -1 -1.3115 203.2315 772.4169 600.6347 1085.0721 1.3894 1.7149 4.2911 -3.8072 2.6909 10.9691 -1.6768 0.7783
