Pedestrian -1 -1 -1.4871 590.3649 863.7640 636.5167 991.2100 1.6862 0.5952 0.5474 -4.9435 5.1344 21.2747 -1.7145 0.5204
Pedestrian -1 -1 0.6330 0.0000 732.2881 122.8694 1092.5994 1.4579 0.5240 0.5762 -4.0663 1.9429 6.4830 -0.0303 0.4168
Pedestrian -1 -1 1.5473 521.3270 808.5168 543.8489 871.4122 1.7274 0.6258 0.7161 -12.6260 7.1881 44.0394 1.2751 0.3242
Pedestrian -1 -1 -0.0485 824.0643 770.3431 900.4822 983.6807 1.5796 0.6372 0.5771 -0.7949 2.7708 11.8985 -0.1135 0.2645
Pedestrian -1 -1 1.6726 526.1057 802.6140 550.9174 870.1470 1.8463 0.6197 0.7052 -12.2610 7.0493 43.3837 1.4041 0.2061
Pedestrian -1 -1 0.5247 0.0000 710.4243 23.3746 1085.9084 1.5602 0.6311 0.6032 -4.6985 1.9669 6.7457 -0.1843 0.1722
Pedestrian -1 -1 -1.6215 493.5108 763.6739 595.7733 1013.4736 1.7243 0.6860 1.8736 -3.4889 2.9703 12.4290 -1.9144 0.1382
Pedestrian -1 -1 1.9505 692.1044 776.0176 729.7742 858.6040 1.6686 0.5909 0.6583 -5.3555 4.9426 32.0126 1.7910 0.1323
Pedestrian -1 -1 -2.0267 227.5156 794.9734 306.8824 944.1546 1.5258 0.6323 0.5220 -7.7206 3.4649 16.6401 -2.4801 0.1222
Cyclist -1 -1 -1.6215 493.5108 763.6739 595.7733 1013.4736 1.7243 0.6860 1.8736 -3.4889 2.9703 12.4290 -1.9144 0.4602
