Pedestrian -1 -1 1.6313 789.7089 825.2826 841.2425 957.5089 1.7263 0.6735 0.6247 -2.0245 4.5596 20.8225 1.5412 0.6538
Pedestrian -1 -1 3.1565 787.4800 804.0673 824.3289 874.3998 1.3132 0.6800 0.7235 -3.1293 4.9712 30.1641 3.0615 0.5029
Pedestrian -1 -1 -3.0505 1029.7256 767.7850 1118.3882 996.8121 1.5631 0.6135 0.5860 0.8374 2.6488 11.0065 -2.9548 0.3832
Pedestrian -1 -1 -1.8893 1724.9523 709.4264 1913.7151 1118.3799 1.7996 0.6659 0.6019 4.0649 2.2243 7.1270 -1.2678 0.3198
Pedestrian -1 -1 -2.2863 110.0773 790.1069 317.8555 1169.7180 1.4109 0.4702 0.6063 -3.0606 2.1242 6.1437 -2.8466 0.2871
Pedestrian -1 -1 3.4513 397.9399 843.0312 474.5118 996.3665 1.5639 0.6547 0.6356 -5.8047 4.0286 16.5581 3.1022 0.1397
Pedestrian -1 -1 -2.4099 158.8214 780.0610 350.5209 1120.5768 1.3946 0.4826 0.6080 -3.1524 2.1203 6.6954 -2.9348 0.1342
Pedestrian -1 -1 3.1581 828.1091 816.7056 872.3282 898.3995 1.2075 0.7327 0.6979 -1.7978 4.3714 24.2852 3.0926 0.1018
Pedestrian -1 -1 0.1849 767.5493 813.7130 804.0645 877.6232 1.2690 0.6096 0.6706 -3.7478 5.3472 31.9709 0.0767 0.1008
Cyclist -1 -1 -1.4628 659.4432 773.5521 766.1753 1006.1101 1.7598 0.7570 1.9197 -2.2164 3.2043 13.5507 -1.6305 0.4659
Car -1 -1 -1.3506 194.4853 778.5092 558.5559 1082.5305 1.3863 1.7208 3.9550 -4.0564 2.7337 11.0252 -1.7357 0.5943
