Pedestrian -1 -1 1.5244 983.5821 804.2697 1035.7905 947.3459 1.7232 0.6475 0.6506 0.6144 4.0595 19.1526 1.5706 0.6972
Pedestrian -1 -1 3.6694 132.9322 781.9509 447.3785 1216.0000 1.3280 0.5729 0.7719 -2.1559 1.8706 4.8727 3.1229 0.4146
Pedestrian -1 -1 -2.5302 1282.2422 705.0903 1408.2654 996.6984 1.7156 0.6800 0.4425 2.4129 2.2398 9.3920 -2.2300 0.3554
Pedestrian -1 -1 1.1261 1233.1422 710.4583 1364.6261 964.2272 1.7102 0.7364 0.6090 2.4037 2.3430 10.6923 1.3870 0.3359
Pedestrian -1 -1 1.6647 904.0972 819.6027 926.6031 881.5694 1.5709 0.5344 0.7956 -1.2546 6.9567 40.9488 1.6466 0.1598
Pedestrian -1 -1 0.2950 895.7454 794.3683 921.8323 843.0665 1.4668 0.6749 0.6701 -1.6948 6.9930 48.3494 0.2722 0.1151
Cyclist -1 -1 -1.5131 844.2881 775.7363 939.2360 984.8636 1.7343 0.8103 1.8989 -0.6553 3.3176 14.7403 -1.5506 0.5402
Car -1 -1 -1.4357 639.2225 807.3669 750.4490 911.6255 1.5861 1.7742 3.8040 -5.5288 5.6571 31.4351 -1.6031 0.8649
Car -1 -1 -1.3070 284.8509 737.9531 728.2636 1078.0490 1.4525 1.7860 4.2021 -2.7040 2.3642 9.9307 -1.6029 0.7462
Car -1 -1 -1.4596 638.2514 805.4806 772.4459 932.0952 1.5414 1.8315 3.7759 -4.3022 4.8715 25.6461 -1.6209 0.4587
Car -1 -1 2.0436 17.2165 777.5038 216.6009 880.9219 1.4905 1.7529 4.2513 -16.8458 4.7817 30.0911 1.5286 0.3613
Car -1 -1 2.1160 0.0000 775.2776 67.7334 899.1636 1.4524 1.6506 3.9762 -16.5615 4.1214 24.5068 1.5101 0.3243
Car -1 -1 1.9277 141.9123 801.5953 296.5055 897.7528 1.6074 1.8709 4.4049 -17.5873 6.0934 35.6814 1.4706 0.2165
Car -1 -1 1.9015 341.9201 814.2698 448.8836 884.5251 1.4746 1.7392 3.9712 -16.6559 7.3266 44.2073 1.5470 0.1359
Car -1 -1 -1.4496 669.3859 808.4927 760.2661 890.8043 1.5498 1.8411 3.9059 -6.3630 6.5781 38.9767 -1.6027 0.1025
