Pedestrian -1 -1 1.5909 932.4719 808.0575 959.1834 877.0982 1.7178 0.6839 0.7790 -0.4067 6.6303 39.7126 1.5935 0.6762
Pedestrian -1 -1 1.4345 1011.4031 797.6022 1070.2336 954.2084 1.7466 0.6250 0.6474 0.9399 3.8398 17.7815 1.5031 0.6547
Pedestrian -1 -1 0.0604 1378.6464 727.8877 1515.1074 1036.5558 1.5892 0.6859 0.6531 2.7511 2.2019 8.4482 0.4385 0.1593
Pedestrian -1 -1 0.7540 0.0000 764.7963 340.0606 1216.0000 1.4081 0.6415 0.7557 -2.1485 1.8069 3.9209 0.0583 0.1259
Pedestrian -1 -1 1.4780 1156.4460 801.0330 1200.0178 917.1313 1.7477 0.6446 0.5895 3.4468 4.5870 23.7901 1.6418 0.1031
Cyclist -1 -1 -1.5004 853.8417 779.5237 945.7249 983.2845 1.7657 0.7952 1.8938 -0.6038 3.4554 15.3801 -1.5318 0.4988
Cyclist -1 -1 1.6384 932.2642 806.2585 960.1368 876.3213 1.7278 0.6723 0.8639 -0.3962 6.5960 39.6874 1.6412 0.1025
Car -1 -1 -1.2955 256.7060 739.8662 733.2729 1130.5054 1.5233 1.7315 4.0934 -2.5139 2.3837 9.1206 -1.5990 0.9369
Car -1 -1 -1.4551 708.9132 801.1146 781.7358 869.1740 1.5431 1.7346 3.6291 -6.4833 7.0855 45.2062 -1.5877 0.7964
Car -1 -1 2.1579 0.0000 770.5334 116.8429 890.8240 1.4802 1.7276 4.1462 -16.4445 4.1666 25.5080 1.5751 0.6945
Car -1 -1 -1.4154 688.2050 813.7584 783.4391 891.8159 1.3911 1.7812 3.9428 -5.7034 6.4719 38.2456 -1.5544 0.5356
Car -1 -1 -1.4692 647.4326 799.5709 786.2657 931.3361 1.5642 1.8714 3.7855 -3.9687 4.6912 24.8328 -1.6229 0.4996
Car -1 -1 1.8897 308.9262 807.8422 418.9192 880.5239 1.5036 1.7794 3.9275 -17.1272 7.0175 43.0631 1.5161 0.2836
