Pedestrian -1 -1 1.4188 922.7844 798.2280 978.7286 935.0714 1.7110 0.6650 0.6351 -0.1455 4.0691 19.9816 1.4230 0.5959
Pedestrian -1 -1 0.5766 149.1158 771.7068 413.3945 1209.0084 1.4770 0.5432 0.7219 -2.4930 2.0484 5.5320 0.0454 0.3805
Pedestrian -1 -1 0.7786 564.1615 825.3210 644.0403 979.1483 1.4065 0.5237 0.5790 -3.5847 3.4692 15.0179 0.5354 0.2420
Pedestrian -1 -1 2.8094 1096.0763 812.9974 1182.5240 941.3585 1.2213 0.6942 0.7320 1.8783 3.2658 15.8434 2.9488 0.2166
Pedestrian -1 -1 0.1119 900.3817 818.2446 937.8118 883.3260 1.2587 0.6263 0.7118 -0.8799 5.3529 31.3217 0.0955 0.1874
Pedestrian -1 -1 0.8763 0.0000 758.9935 257.9783 1184.0697 1.4756 0.5553 0.7127 -3.2154 2.0257 5.7761 0.2550 0.1438
Pedestrian -1 -1 1.4170 833.1003 806.9859 856.8142 864.9246 1.5448 0.5842 0.6916 -3.3308 6.8045 42.7960 1.3506 0.1287
Pedestrian -1 -1 -2.4239 1174.7445 753.8409 1295.6788 1006.2432 1.5902 0.6432 0.5118 1.8723 2.5061 10.2246 -2.2072 0.1055
Pedestrian -1 -1 0.1249 945.3146 826.8416 988.2483 901.6368 1.2433 0.5411 0.7044 0.1022 4.9174 26.8904 0.1414 0.1052
Pedestrian -1 -1 -2.0631 771.1468 777.7163 903.0992 991.7814 1.7932 0.6768 1.4258 -1.2160 3.3475 14.4274 -2.1441 0.1008
Cyclist -1 -1 -1.4540 777.6517 777.7937 881.9337 993.8603 1.7511 0.7785 1.8896 -1.2364 3.3246 14.4325 -1.5366 0.5291
Car -1 -1 2.0690 63.4657 776.7821 228.1437 862.7596 1.5225 1.7502 3.9426 -19.2051 5.3200 35.4189 1.5709 0.8422
Car -1 -1 -1.3332 278.2589 756.4093 681.2679 1089.3469 1.4940 1.7899 4.1472 -3.1043 2.6085 10.5356 -1.6483 0.5858
Car -1 -1 2.0591 0.0000 772.4880 140.4215 875.9492 1.5079 1.7322 4.1231 -18.3238 4.6719 29.9440 1.5042 0.3983
