Pedestrian -1 -1 1.5539 995.9392 809.1708 1047.5631 955.7712 1.7281 0.6382 0.6622 0.7608 4.0911 18.8339 1.6091 0.4911
Pedestrian -1 -1 1.6156 914.5665 808.4426 940.3114 876.6697 1.7497 0.6605 0.7301 -0.9190 6.7978 40.7533 1.6057 0.4342
Pedestrian -1 -1 0.6133 125.7090 774.3329 451.4339 1214.6768 1.2612 0.5776 0.7751 -2.1334 1.7727 4.8067 0.0611 0.3656
Pedestrian -1 -1 -2.5291 1324.9607 715.0101 1450.8899 999.5105 1.6578 0.6625 0.4397 2.6604 2.2420 9.3226 -2.1983 0.3562
Pedestrian -1 -1 0.4330 645.3033 812.2249 728.3325 977.7288 1.4706 0.5724 0.6054 -2.6434 3.3227 14.4346 0.2461 0.2165
Cyclist -1 -1 -1.4870 848.7427 780.1239 948.3423 989.8906 1.7489 0.8155 1.9416 -0.5944 3.4008 14.9246 -1.5193 0.4980
Car -1 -1 -1.4337 681.4306 813.5028 772.6057 895.0836 1.5264 1.7936 3.8778 -6.0377 6.6807 38.9229 -1.5786 0.8302
Car -1 -1 -1.3248 303.5726 739.3271 740.3128 1088.0129 1.4695 1.7868 4.1945 -2.5772 2.3848 9.8319 -1.6104 0.8108
Car -1 -1 -1.4537 662.2708 807.9525 770.7567 912.8105 1.5735 1.7659 3.9224 -5.0646 5.6591 31.3857 -1.6064 0.7953
Car -1 -1 1.8746 284.0891 810.9166 395.4169 889.1638 1.5704 1.7446 3.9920 -17.3291 7.0365 41.8811 1.4869 0.4638
Car -1 -1 1.8939 124.7118 804.0343 252.3009 887.7882 1.6837 1.9119 4.2233 -21.5216 6.9619 41.8331 1.4219 0.4433
Car -1 -1 -1.4564 642.5619 807.7532 778.9589 934.7142 1.5303 1.8419 3.7087 -4.1633 4.8636 25.3686 -1.6141 0.4069
Car -1 -1 -1.4336 690.6569 808.8077 766.4888 876.3605 1.4970 1.7351 3.8847 -7.0608 7.3560 45.6941 -1.5770 0.2930
Car -1 -1 2.0523 0.0000 795.1939 202.4305 902.1614 1.4959 1.7979 4.1657 -16.9966 5.1281 29.7773 1.5294 0.1956
Car -1 -1 1.9213 145.2530 809.4208 300.1282 907.1185 1.5769 1.8384 4.4338 -17.2306 6.1954 35.1295 1.4662 0.1283
