Pedestrian -1 -1 1.6146 921.9531 807.1912 948.8182 875.4656 1.7204 0.6797 0.7929 -0.6938 6.6803 40.2796 1.6101 0.6621
Pedestrian -1 -1 1.5295 1008.7616 802.4793 1060.2198 949.2585 1.7102 0.6208 0.6418 0.9024 3.9514 18.5456 1.5935 0.6571
Pedestrian -1 -1 0.7291 1333.8188 728.5435 1476.3135 1020.6271 1.6386 0.6467 0.5220 2.6808 2.2921 9.0458 1.0728 0.1981
Pedestrian -1 -1 1.1811 1290.5026 721.5930 1420.1030 983.6416 1.6662 0.6860 0.5867 2.6414 2.3380 10.0683 1.4842 0.1137
Pedestrian -1 -1 0.2551 633.0823 818.0963 714.1973 994.0280 1.5738 0.6024 0.6380 -2.7619 3.4754 14.3995 0.0595 0.1082
Cyclist -1 -1 -1.4899 857.2791 778.3821 954.0004 987.0418 1.7367 0.7906 1.8889 -0.5219 3.3578 14.8301 -1.5172 0.4928
Car -1 -1 -1.2946 273.1906 742.1246 739.8583 1116.3793 1.5181 1.7617 4.1374 -2.5504 2.4228 9.4571 -1.5897 0.9438
Car -1 -1 -1.4166 691.5515 815.1893 785.0927 895.8652 1.4747 1.7703 3.9418 -5.7068 6.6505 38.6896 -1.5538 0.6861
Car -1 -1 -1.4811 649.6922 803.7859 780.7120 935.0886 1.5837 1.8206 3.7106 -4.0553 4.8213 25.1545 -1.6360 0.6108
Car -1 -1 2.1534 0.0000 780.0836 130.9429 898.7658 1.4614 1.7235 4.2091 -16.5082 4.3839 26.0503 1.5795 0.5494
Car -1 -1 1.9861 263.3900 804.9945 392.7075 881.0328 1.4796 1.7039 4.2680 -17.4557 6.7294 41.4408 1.5914 0.5301
Car -1 -1 1.9525 152.5285 808.4834 302.3157 903.4991 1.5220 1.6225 4.2960 -16.8972 6.0468 34.6583 1.4994 0.3177
Car -1 -1 1.9913 23.3908 813.2437 200.2161 916.1973 1.6849 1.9719 4.4160 -19.8269 6.3995 35.1432 1.4779 0.1456
Car -1 -1 -1.4288 672.0648 797.7239 787.2089 905.5844 1.6415 1.7882 3.9746 -4.7440 5.4681 31.1225 -1.5728 0.1096
