Pedestrian -1 -1 1.5577 965.9519 809.2733 1015.7430 946.1979 1.6777 0.6380 0.6080 0.3850 4.1165 19.4700 1.5908 0.6391
Pedestrian -1 -1 -2.0732 1258.8330 731.7399 1384.3192 1007.5846 1.6901 0.6559 0.4565 2.3273 2.4032 9.6859 -1.7923 0.4857
Pedestrian -1 -1 0.6350 177.3194 785.9675 485.2471 1211.7563 1.2849 0.5797 0.7836 -2.1248 1.8706 5.1024 0.1226 0.3915
Pedestrian -1 -1 0.4782 602.5516 823.3132 683.6679 985.8249 1.4739 0.5523 0.5967 -3.1322 3.4761 14.7466 0.2616 0.1849
Pedestrian -1 -1 1.4122 1225.0829 717.3128 1331.7354 971.2589 1.7367 0.6863 0.5841 2.2750 2.4228 10.7817 1.6580 0.1463
Pedestrian -1 -1 0.2157 884.7122 792.2141 908.8016 845.1675 1.6105 0.6648 0.6438 -2.0818 7.0583 48.3060 0.1848 0.1226
Pedestrian -1 -1 2.7334 1160.4009 811.5131 1263.1067 937.6870 1.1468 0.6582 0.8467 2.5423 3.0983 15.2256 2.9248 0.1182
Cyclist -1 -1 -1.4895 813.6235 773.6985 914.5808 985.0604 1.7416 0.8207 1.9254 -0.9206 3.2974 14.6637 -1.5471 0.4838
Car -1 -1 -1.4216 621.1005 798.1537 735.5172 901.9710 1.6045 1.7912 3.8642 -5.9049 5.4927 31.6034 -1.6001 0.8076
Car -1 -1 1.9912 133.5196 779.9955 288.5261 868.9445 1.5636 1.7633 4.1621 -17.8431 5.4945 35.7852 1.5284 0.7708
Car -1 -1 -1.4640 606.5156 810.0564 738.3761 938.8683 1.5890 1.8264 3.6334 -4.8879 5.0087 25.7379 -1.6475 0.6048
Car -1 -1 2.0729 0.0000 769.1628 197.7299 872.1815 1.5113 1.7551 4.2619 -17.3008 4.6243 30.1174 1.5463 0.5628
Car -1 -1 1.9382 279.1020 801.9977 396.6681 874.9893 1.5113 1.7418 4.1471 -17.9278 6.8755 43.2049 1.5494 0.3133
Car -1 -1 2.0728 0.0000 805.9597 52.8604 932.4685 1.3796 1.7078 4.0560 -16.7631 4.5957 24.4541 1.4615 0.1955
Car -1 -1 -1.4696 649.1220 804.2377 719.4469 869.5040 1.4498 1.7076 3.6768 -8.3882 7.1370 45.5290 -1.6427 0.1053
