Pedestrian -1 -1 1.4746 1010.8386 802.4134 1066.0216 953.4827 1.7277 0.6209 0.6539 0.9346 3.9314 18.2284 1.5413 0.7316
Pedestrian -1 -1 1.6133 925.8704 809.2972 953.4354 879.8932 1.7545 0.6894 0.8745 -0.5740 6.7389 39.9725 1.6117 0.5363
Pedestrian -1 -1 -3.1920 1359.7222 713.4143 1469.1034 1003.0842 1.5724 0.6436 0.5913 2.6522 2.1140 8.7545 -2.8393 0.3224
Pedestrian -1 -1 1.4676 1135.0847 806.8283 1167.1162 901.6735 1.7568 0.5720 0.5852 3.6995 5.3425 29.1701 1.6116 0.1601
Pedestrian -1 -1 0.3634 651.7429 814.6664 730.2752 997.0010 1.5919 0.5628 0.5655 -2.5360 3.4183 14.0654 0.1793 0.1470
Pedestrian -1 -1 0.7319 0.0000 803.7632 390.8604 1216.0000 1.3174 0.6072 0.8059 -2.1306 1.8598 4.1956 0.0912 0.1464
Cyclist -1 -1 -1.4787 853.5527 776.1119 953.5500 986.2753 1.7783 0.8143 1.9289 -0.5501 3.4015 15.0643 -1.5073 0.4601
Car -1 -1 -1.2794 256.6364 737.7536 738.4279 1126.9517 1.5549 1.7391 4.0696 -2.5247 2.4036 9.2032 -1.5810 0.9458
Car -1 -1 2.1534 0.0000 773.4703 124.8765 892.3212 1.4650 1.7330 4.3038 -16.6067 4.2601 25.9786 1.5751 0.6080
Car -1 -1 -1.4234 693.0822 814.7777 785.4520 893.8956 1.4421 1.7673 3.8730 -5.6625 6.5833 38.5447 -1.5601 0.6013
Car -1 -1 -1.4800 649.7104 802.3888 784.2547 933.2726 1.5535 1.8519 3.7787 -3.9908 4.7472 24.9655 -1.6336 0.5581
Car -1 -1 1.9234 279.9848 808.2786 400.5853 883.7036 1.4920 1.7795 4.1427 -17.3141 6.8876 41.8999 1.5359 0.3465
Car -1 -1 -1.4342 700.6249 803.6339 778.2847 871.1903 1.4953 1.7769 3.9428 -6.6985 7.1698 45.5057 -1.5704 0.3254
Car -1 -1 1.9648 70.8975 812.4935 234.2300 913.1411 1.4977 1.6561 4.0658 -17.3024 5.8022 32.2083 1.4704 0.2135
Car -1 -1 -1.4529 663.7708 800.5106 775.2212 907.2948 1.6208 1.8131 3.8610 -4.9555 5.5034 31.1030 -1.6039 0.2090
