Pedestrian -1 -1 1.4700 866.0156 814.5562 915.7862 948.2341 1.7136 0.6288 0.5897 -0.9668 4.3507 20.4580 1.4322 0.6349
Pedestrian -1 -1 -2.9192 1121.4608 769.9303 1211.9935 1020.6353 1.6470 0.6115 0.5017 1.4674 2.7155 10.6396 -2.7535 0.4890
Pedestrian -1 -1 0.1393 838.9590 814.5372 877.8043 878.7926 1.2565 0.6468 0.7326 -2.1754 5.3177 31.6735 0.0808 0.3219
Pedestrian -1 -1 1.6224 780.3792 799.2928 801.3348 857.6537 1.5944 0.5618 0.7106 -4.9467 6.7024 43.4324 1.5193 0.2031
Pedestrian -1 -1 -2.1690 1903.6686 671.9205 1936.0000 1130.0557 1.8919 0.6777 0.5928 4.6592 2.1096 6.5856 -1.4325 0.1928
Pedestrian -1 -1 -2.2254 198.6902 763.7215 403.7593 1161.2087 1.4558 0.4708 0.6082 -2.6631 2.0485 6.0487 -2.7345 0.1436
Pedestrian -1 -1 -1.5916 731.4632 769.4103 808.1504 993.3997 1.7576 0.6607 1.7811 -1.7956 3.1873 13.8650 -1.7224 0.1151
Pedestrian -1 -1 0.6288 491.5363 826.4189 569.0492 988.1024 1.5236 0.5234 0.5617 -4.3994 3.6284 15.2794 0.3369 0.1132
Cyclist -1 -1 -1.6011 730.5252 774.1812 813.2162 998.8036 1.7472 0.6999 1.8481 -1.7825 3.2302 13.8871 -1.7305 0.4581
Car -1 -1 -1.3498 265.5485 771.2848 634.2800 1083.2811 1.4060 1.7079 4.0482 -3.4425 2.6725 10.8283 -1.6869 0.7352
