Pedestrian -1 -1 1.1451 894.6776 804.8085 957.9413 945.4448 1.7614 0.6658 0.6090 -0.4754 4.2434 20.2139 1.1323 0.5542
Pedestrian -1 -1 1.7448 818.8317 792.3604 843.4993 855.9796 1.7077 0.5908 0.6178 -3.6734 6.4765 42.2490 1.6688 0.3127
Pedestrian -1 -1 0.0723 882.5777 815.6340 918.4778 879.1597 1.2400 0.6286 0.7055 -1.2758 5.2991 31.4965 0.0430 0.2721
Pedestrian -1 -1 0.8956 140.2649 788.4498 373.7160 1207.2339 1.4456 0.5081 0.6489 -2.7155 2.1168 5.7869 0.3540 0.2644
Pedestrian -1 -1 0.4211 1155.8442 747.8455 1253.4453 1006.8505 1.6751 0.5897 0.4576 1.6958 2.5607 10.3986 0.6151 0.2430
Pedestrian -1 -1 0.1745 512.5153 826.6060 582.1078 975.4866 1.4874 0.6706 0.6288 -4.5032 3.7352 16.2988 -0.1040 0.1684
Pedestrian -1 -1 1.5256 813.0226 802.9699 833.2792 859.5757 1.5285 0.5583 0.6848 -3.9843 6.7073 43.1166 1.4442 0.1571
Pedestrian -1 -1 2.9376 1073.4373 819.8468 1157.8607 940.9692 1.1805 0.6216 0.7991 1.6459 3.3135 16.0197 3.0600 0.1439
Pedestrian -1 -1 -2.6719 531.9919 819.7176 608.2350 977.0018 1.4874 0.5495 0.5687 -3.9907 3.5202 15.2779 -2.9374 0.1272
Pedestrian -1 -1 0.9632 1114.7570 748.4700 1223.3945 975.4297 1.6381 0.6405 0.5445 1.6071 2.6278 11.5942 1.1281 0.1198
Cyclist -1 -1 -1.4848 764.8760 774.1364 856.5385 992.2523 1.7376 0.6992 1.8189 -1.3892 3.2334 14.0763 -1.5820 0.4668
Car -1 -1 -1.3081 252.7117 771.1944 656.1218 1097.1025 1.4564 1.7440 4.0409 -3.3204 2.6987 10.6231 -1.6405 0.8978
