Pedestrian -1 -1 1.5040 946.8466 794.2853 1000.1586 929.3195 1.6834 0.6725 0.6262 0.1566 3.9629 19.7958 1.5244 0.5499
Pedestrian -1 -1 3.6486 140.9000 759.7316 414.1162 1187.7209 1.4150 0.5902 0.7326 -2.4607 1.9334 5.4429 3.1118 0.5398
Pedestrian -1 -1 2.7528 1125.0260 814.2764 1227.6189 937.6688 1.1382 0.7056 0.8629 2.2323 3.1672 15.5830 2.9187 0.2976
Pedestrian -1 -1 0.5729 590.1786 836.2074 666.8056 982.4102 1.4211 0.5880 0.5737 -3.5541 3.7337 15.9921 0.3485 0.1833
Pedestrian -1 -1 -2.1288 1238.7416 729.0938 1357.4843 994.1759 1.6724 0.6404 0.4369 2.2421 2.3884 9.9745 -1.8657 0.1782
Pedestrian -1 -1 1.5185 1182.7338 723.3787 1279.5732 958.7737 1.6469 0.6881 0.5645 1.9911 2.3981 11.0743 1.7296 0.1511
Pedestrian -1 -1 0.1701 943.3015 817.4170 991.4472 880.2202 1.1103 0.6146 0.8406 0.1225 4.9115 29.1476 0.1870 0.1214
Cyclist -1 -1 -1.4895 800.8804 774.8225 905.9539 990.3351 1.7791 0.8614 1.9416 -1.0251 3.3492 14.6834 -1.5546 0.5051
Car -1 -1 -1.4143 604.7629 805.2238 718.9600 906.8848 1.5569 1.7723 3.8245 -6.2780 5.6166 31.7266 -1.6036 0.6914
Car -1 -1 1.9825 111.2066 783.7965 265.9701 873.3046 1.5441 1.7194 4.2439 -18.3241 5.5663 35.6823 1.5077 0.6611
Car -1 -1 2.1019 0.0000 771.8671 176.8502 872.5085 1.5028 1.6990 4.0159 -17.7465 4.6706 30.2206 1.5657 0.5063
Car -1 -1 -1.4511 584.4060 806.9134 720.2642 935.1396 1.6012 1.8625 3.6766 -5.2816 4.9957 25.9856 -1.6479 0.4233
Car -1 -1 1.9616 267.7313 807.1521 388.2735 880.4037 1.5509 1.8047 4.1615 -18.5968 7.1812 44.1148 1.5675 0.2345
