Pedestrian -1 -1 1.5528 975.5227 797.0773 1035.4907 972.3102 1.7313 0.6185 0.6429 0.4644 3.5828 15.7514 1.5963 0.6085
Pedestrian -1 -1 0.8964 1348.0156 691.0728 1539.2422 1063.4039 1.6556 0.6782 0.5464 2.2910 1.9872 7.1357 1.2814 0.5631
Pedestrian -1 -1 1.7005 893.5289 794.5095 923.7501 868.5253 1.7125 0.6158 1.0889 -1.3254 6.0654 37.8054 1.6774 0.3299
Pedestrian -1 -1 1.3336 1379.4956 795.7014 1439.5715 957.4123 1.6354 0.5051 0.6335 4.8417 3.5215 16.1754 1.6590 0.1936
Pedestrian -1 -1 2.8951 1129.2864 805.5443 1198.7728 905.8980 1.1483 0.7625 0.7229 2.5693 3.4944 19.0095 3.0505 0.1913
Pedestrian -1 -1 1.3962 1329.7582 803.3789 1390.1578 978.2355 1.7771 0.5576 0.5413 4.2903 3.7365 16.1157 1.6886 0.1732
Pedestrian -1 -1 -1.3603 880.1981 807.4614 901.5855 865.1746 1.5611 0.4838 0.6525 -2.0270 6.8686 43.1132 -1.3953 0.1538
Pedestrian -1 -1 0.9866 1348.3079 706.1129 1510.9771 1046.3344 1.7227 0.6548 0.5413 2.5160 2.1790 8.0671 1.3531 0.1274
Pedestrian -1 -1 -1.4607 821.3122 781.2007 902.6880 969.3030 1.7492 0.6903 1.6034 -1.0464 3.5158 16.0844 -1.5197 0.1139
Cyclist -1 -1 -1.4613 813.7852 782.3646 900.7338 972.6570 1.7523 0.7359 1.7781 -1.0997 3.5509 16.1753 -1.5234 0.4735
Cyclist -1 -1 1.6886 893.3615 794.5475 923.0222 867.5481 1.6856 0.6117 1.1011 -1.3362 6.0380 37.7892 1.6651 0.1342
Car -1 -1 -1.2247 0.0000 738.2720 655.3354 1216.0000 1.4720 1.7487 4.2055 -2.6777 2.1923 7.3451 -1.6367 0.9456
Car -1 -1 -1.4319 685.0941 801.3990 752.5472 862.1780 1.5512 1.7298 3.8217 -8.2636 7.8251 51.2380 -1.5816 0.8042
Car -1 -1 2.0583 0.0000 800.6846 162.0666 891.8184 1.5785 1.8992 4.1616 -21.3390 6.0841 36.2088 1.5256 0.2540
Car -1 -1 -1.4316 664.8576 799.3990 744.6061 868.6176 1.5063 1.7718 3.5556 -7.3962 6.7794 43.3941 -1.5915 0.2047
Car -1 -1 -1.4170 632.5479 801.7850 731.6693 884.1588 1.4766 1.8150 3.6373 -6.7599 6.0160 36.5389 -1.5925 0.1851
Car -1 -1 1.9952 90.5799 804.5019 226.8686 881.7991 1.4781 1.7121 4.0398 -21.5273 6.5656 40.2898 1.5066 0.1075
Car -1 -1 -1.4519 619.7346 811.7951 737.8455 923.6833 1.5837 1.8301 3.7414 -5.4983 5.5120 29.5098 -1.6302 0.1010
