Pedestrian -1 -1 1.4936 967.7508 791.5793 1033.4640 974.8324 1.7477 0.6277 0.7367 0.3955 3.4992 15.3339 1.5330 0.6779
Pedestrian -1 -1 -2.3362 1340.5371 700.1109 1527.4751 1092.7552 1.6611 0.6338 0.5085 2.1475 2.0217 6.8167 -1.9544 0.6592
Pedestrian -1 -1 1.6375 881.4371 794.9925 911.0702 871.7761 1.7540 0.6518 1.1204 -1.6147 6.0574 37.2636 1.6058 0.3965
Pedestrian -1 -1 -0.0485 1127.6024 809.6113 1183.6796 915.5445 1.2123 0.7679 0.6845 2.4594 3.6084 18.9827 0.1010 0.3861
Pedestrian -1 -1 1.3943 1332.9323 794.7649 1395.0668 973.5854 1.7861 0.5626 0.5407 4.2520 3.6165 15.8124 1.6899 0.2576
Pedestrian -1 -1 1.4955 1117.7438 786.0612 1154.0646 893.4985 1.8267 0.6104 0.6057 3.1149 4.7395 26.7078 1.6294 0.1804
Pedestrian -1 -1 0.9545 1347.9778 704.5825 1510.4054 1048.5157 1.6748 0.6189 0.5313 2.4213 2.1066 7.7700 1.3233 0.1772
Pedestrian -1 -1 0.7096 1416.0658 723.9332 1628.3823 1081.6237 1.5467 0.6451 0.7031 2.6762 2.0515 7.1702 1.1487 0.1124
Pedestrian -1 -1 1.3633 1386.0056 792.0404 1447.3923 958.9033 1.6505 0.5217 0.6246 4.8106 3.4568 15.8195 1.6939 0.1047
Pedestrian -1 -1 -1.4411 869.9679 815.0270 890.0975 872.9583 1.5490 0.4835 0.6736 -2.3167 7.0211 42.6843 -1.4834 0.1025
Cyclist -1 -1 -1.4566 799.0057 785.8086 886.8281 977.5145 1.7545 0.7300 1.8649 -1.2570 3.6020 16.2231 -1.5288 0.4940
Cyclist -1 -1 1.6415 882.0335 793.2723 912.3912 870.4036 1.7532 0.6597 1.1930 -1.5902 6.0172 37.2616 1.6105 0.2285
Car -1 -1 -1.1845 0.0000 730.6970 633.9020 1216.0000 1.4952 1.7474 4.0741 -2.7121 2.1302 6.8894 -1.6322 0.9500
Car -1 -1 -1.4375 677.4046 801.8610 743.6300 862.5707 1.5461 1.7067 3.6798 -8.4729 7.7746 50.7766 -1.5928 0.8182
Car -1 -1 -1.3751 622.9476 809.4631 724.8552 889.0187 1.3994 1.7508 3.5128 -6.9130 6.0958 36.2839 -1.5560 0.2951
Car -1 -1 -1.4017 584.4566 802.9738 717.7925 913.8028 1.5099 1.8485 3.8281 -5.8336 5.1399 28.5451 -1.5988 0.1604
Car -1 -1 1.9961 0.0000 796.2044 140.1010 890.9830 1.6610 1.8672 4.1486 -21.7641 6.0580 36.2160 1.4546 0.1171
