Pedestrian -1 -1 1.4864 965.0317 786.1804 1033.2030 976.0013 1.7663 0.6298 0.7768 0.3711 3.4277 15.0023 1.5246 0.7336
Pedestrian -1 -1 0.8759 1352.3236 672.9985 1548.4967 1091.4349 1.7254 0.6562 0.4917 2.1412 1.9475 6.5742 1.2724 0.5675
Pedestrian -1 -1 1.7147 882.2841 798.2003 910.7748 870.9019 1.6523 0.5719 0.8509 -1.5813 5.9477 36.6109 1.6832 0.4657
Pedestrian -1 -1 1.5024 1101.3853 783.6536 1137.0177 887.8170 1.7726 0.6035 0.5814 2.8150 4.6386 26.6903 1.6248 0.2830
Pedestrian -1 -1 0.7022 1429.7195 702.6872 1613.3883 1081.1857 1.6589 0.6079 0.5440 2.6456 2.0467 7.0815 1.1427 0.2349
Pedestrian -1 -1 2.9551 1103.2233 823.5206 1172.0205 922.8634 1.1144 0.7077 0.7441 2.1897 3.6388 18.6344 3.0921 0.1548
Pedestrian -1 -1 1.4873 1137.7389 775.0186 1174.0507 881.9509 1.7967 0.5957 0.6344 3.4323 4.4810 26.4047 1.6350 0.1435
Pedestrian -1 -1 0.2511 868.8579 805.2026 896.2568 850.3021 1.2723 0.5944 0.7013 -2.3909 6.7973 45.4606 0.2104 0.1355
Pedestrian -1 -1 -1.4786 799.6461 781.4061 877.5322 961.7816 1.7004 0.6860 1.8236 -1.3388 3.5345 16.6073 -1.5541 0.1191
Pedestrian -1 -1 -2.1959 514.9057 782.4282 617.3514 989.2769 1.4591 0.5089 0.5917 -3.0420 2.7124 11.5149 -2.4756 0.1103
Cyclist -1 -1 -1.4786 799.6461 781.4061 877.5322 961.7816 1.7004 0.6860 1.8236 -1.3388 3.5345 16.6073 -1.5541 0.5274
Car -1 -1 -1.1661 0.0000 734.8187 626.9933 1216.0000 1.5041 1.7591 4.0697 -2.7268 2.1507 6.7144 -1.6286 0.9537
Car -1 -1 -1.3541 611.7781 806.6345 720.5983 888.4153 1.4185 1.7997 3.6828 -7.0593 6.0339 36.1103 -1.5400 0.2712
Car -1 -1 -1.4184 673.5275 797.6949 740.3145 857.9079 1.5399 1.6560 3.6461 -8.5590 7.5935 50.5626 -1.5762 0.2155
Car -1 -1 -1.4020 574.3886 803.2943 709.8143 915.7907 1.5076 1.8522 3.8607 -5.9346 5.1083 28.2223 -1.6051 0.1383
Car -1 -1 2.0439 0.0000 786.4389 106.0816 883.4194 1.5899 1.9633 4.2385 -21.5116 5.5058 34.0501 1.4780 0.1325
