Pedestrian -1 -1 1.5112 1012.6297 793.6186 1069.2297 957.0792 1.7579 0.6175 0.6325 0.9027 3.7186 17.0600 1.5799 0.6883
Pedestrian -1 -1 1.6740 923.4949 802.8199 953.4186 876.3931 1.7710 0.6726 0.9735 -0.5908 6.4754 39.0226 1.6715 0.5373
Pedestrian -1 -1 0.5707 1356.0725 691.0746 1517.8688 1032.0870 1.7161 0.6734 0.5416 2.5768 2.0932 8.1044 0.9436 0.4373
Pedestrian -1 -1 -1.5369 868.2682 801.6802 891.2242 869.7137 1.7932 0.6062 0.6170 -2.2516 6.7175 41.3453 -1.5796 0.4117
Pedestrian -1 -1 1.5053 1349.4580 798.1318 1403.5994 956.5844 1.7300 0.5888 0.5726 4.8348 3.7898 17.4342 1.8071 0.2996
Pedestrian -1 -1 1.4200 1159.4877 785.9066 1208.3209 904.1813 1.7679 0.6858 0.6066 3.4939 4.3317 23.5035 1.5876 0.1931
Pedestrian -1 -1 3.0875 924.8033 803.2609 948.2751 855.9280 1.4658 0.5956 0.6676 -0.7312 6.7611 44.0813 3.0835 0.1333
Cyclist -1 -1 -1.4588 845.6078 775.8942 941.2333 975.3608 1.7641 0.7770 1.9070 -0.6824 3.4473 15.6903 -1.4947 0.4621
Cyclist -1 -1 1.6817 922.8256 802.4261 952.7878 875.6234 1.7629 0.6694 0.9445 -0.6072 6.4496 38.9742 1.6787 0.1326
Car -1 -1 -1.2672 173.7473 743.9028 717.6244 1178.8329 1.5041 1.7347 4.1981 -2.5297 2.3461 8.4573 -1.6000 0.9587
Car -1 -1 -1.4286 683.9770 805.7323 776.9170 886.1269 1.4670 1.7611 3.7702 -5.7540 6.2489 37.6588 -1.5715 0.7114
Car -1 -1 -1.4481 700.1583 800.6827 777.2625 868.0078 1.4787 1.7892 3.6822 -6.5569 6.9131 44.3789 -1.5851 0.6561
Car -1 -1 1.8769 278.2896 802.0261 393.2422 881.6311 1.6206 1.8106 4.0671 -17.4461 6.8328 41.9034 1.4866 0.4367
Car -1 -1 1.9835 188.0328 796.1182 339.3974 881.0291 1.5130 1.8509 4.3672 -17.4863 6.0846 37.7271 1.5512 0.2431
Car -1 -1 2.1545 0.0000 782.2742 105.7091 901.5552 1.4055 1.7570 4.1312 -16.4428 4.2706 25.1549 1.5653 0.1051
Car -1 -1 -1.5098 729.4988 794.1950 789.6819 854.5415 1.5673 1.7993 3.8982 -6.9818 7.6884 52.0682 -1.6324 0.1021
