Pedestrian -1 -1 1.4334 960.2545 779.7322 1035.9741 977.9144 1.7506 0.6347 0.7193 0.3418 3.2620 14.2081 1.4708 0.7582
Pedestrian -1 -1 1.8652 386.0320 802.3304 424.1210 884.8593 1.7647 0.6461 0.6459 -12.5623 5.8142 33.7886 1.5113 0.4969
Pedestrian -1 -1 -2.3737 1389.5233 671.3056 1599.9629 1125.0092 1.6805 0.6513 0.4478 2.1091 1.8746 5.9308 -1.9348 0.4469
Pedestrian -1 -1 1.6477 866.5745 800.7194 893.7928 873.9587 1.6234 0.5750 0.8683 -1.9331 5.8755 35.7225 1.6048 0.4102
Pedestrian -1 -1 -1.6095 795.3981 815.1860 817.2346 879.6149 1.6126 0.5615 0.6501 -4.1375 6.7368 39.9109 -1.7024 0.3544
Pedestrian -1 -1 -3.1436 1636.5629 655.9995 1817.5620 1142.7720 1.5637 0.6343 0.4823 2.6973 1.6813 5.2532 -2.5286 0.2947
Pedestrian -1 -1 2.9608 943.3793 814.4730 993.4924 881.4452 1.0420 0.7340 0.7620 0.1200 4.4036 26.0933 2.9778 0.2366
Pedestrian -1 -1 1.4611 1100.3643 781.2659 1138.0995 888.2722 1.7786 0.6014 0.5874 2.7450 4.5307 26.0234 1.5836 0.1980
Pedestrian -1 -1 3.1040 428.2669 790.6166 450.7306 858.2400 1.9077 0.6431 0.6125 -15.5657 6.8966 44.6092 2.7740 0.1664
Pedestrian -1 -1 1.4600 1126.5935 777.6360 1164.3817 887.1708 1.7779 0.5849 0.6038 3.1311 4.4091 25.4506 1.6007 0.1231
Cyclist -1 -1 -1.4369 774.6855 781.2734 867.3506 964.0003 1.7239 0.7762 1.8823 -1.5383 3.5710 16.7064 -1.5246 0.5315
Cyclist -1 -1 1.6685 865.2242 802.0533 894.2018 876.4919 1.6407 0.5921 0.9595 -1.9487 5.9420 35.8139 1.6253 0.1386
Car -1 -1 -1.1225 0.0000 734.2836 565.9904 1216.0000 1.4859 1.7584 3.9194 -2.8171 2.0723 5.9857 -1.6615 0.9103
Car -1 -1 -1.5125 624.2523 791.0385 695.6202 864.6071 1.5352 1.7194 3.7345 -8.4242 6.4239 42.0402 -1.7023 0.1892
