Pedestrian -1 -1 1.5052 987.9355 791.1259 1051.4005 966.6930 1.7711 0.6478 0.6634 0.6201 3.5933 16.0576 1.5586 0.7671
Pedestrian -1 -1 1.1679 1349.6177 710.4944 1523.1968 1061.1443 1.6386 0.6768 0.5500 2.3391 2.0790 7.4107 1.5441 0.5813
Pedestrian -1 -1 1.6364 908.0932 800.5380 935.7070 874.3386 1.7467 0.6371 0.8000 -0.9914 6.2339 37.7894 1.6225 0.5365
Pedestrian -1 -1 1.0642 1347.1654 697.5564 1502.2673 1019.0386 1.7047 0.6495 0.5727 2.5939 2.1294 8.4098 1.4248 0.1339
Pedestrian -1 -1 -1.4710 852.2129 807.7006 875.1233 873.6653 1.6980 0.5545 0.6329 -2.6505 6.7067 40.6459 -1.5247 0.1067
Pedestrian -1 -1 -1.4717 829.6496 777.9937 912.1626 970.8244 1.7605 0.6969 1.7315 -0.9394 3.4819 15.9336 -1.5243 0.1065
Cyclist -1 -1 -1.4524 822.0966 776.7692 912.6910 970.2919 1.7585 0.7423 1.8365 -0.9776 3.4793 16.0045 -1.5072 0.4983
Cyclist -1 -1 1.4902 1348.5918 773.6338 1420.8154 931.9058 1.7005 0.7874 2.1276 5.4393 3.7326 19.3062 1.7946 0.1006
Car -1 -1 -1.2262 30.5557 742.4442 682.0660 1216.0000 1.4672 1.7559 4.2628 -2.6204 2.2383 7.6439 -1.6123 0.9482
Car -1 -1 -1.4108 649.7210 803.9392 749.1935 886.7181 1.4923 1.8148 3.6663 -6.3712 6.1109 36.7405 -1.5746 0.3319
Car -1 -1 -1.4550 676.0396 790.4984 753.2717 861.0183 1.5483 1.7698 3.7464 -7.1552 6.5970 43.6868 -1.6084 0.1615
