Pedestrian -1 -1 1.4561 1014.1358 795.5192 1072.2371 955.2899 1.7515 0.6164 0.6349 0.9489 3.7781 17.4316 1.5264 0.7143
Pedestrian -1 -1 1.5886 932.2717 799.2192 960.7575 873.5106 1.8230 0.7203 0.8595 -0.3827 6.4417 39.1854 1.5917 0.5609
Pedestrian -1 -1 -1.5590 867.9174 801.6869 890.9036 869.9059 1.7995 0.6228 0.6839 -2.2756 6.7613 41.6204 -1.6018 0.4940
Pedestrian -1 -1 0.1330 1377.7396 689.8512 1506.5841 1041.3469 1.7853 0.6354 0.5548 2.6304 2.1577 8.1609 0.5099 0.3433
Pedestrian -1 -1 1.4420 1341.4666 805.4562 1396.7775 964.8363 1.7640 0.5746 0.5971 4.8126 3.9388 17.6697 1.7386 0.2471
Pedestrian -1 -1 0.9285 0.0000 812.8504 231.9411 1216.0000 1.3827 0.6242 0.6983 -2.4017 1.9142 3.8622 0.1697 0.1635
Pedestrian -1 -1 1.4655 1126.3978 790.3176 1163.7543 899.4913 1.7643 0.5758 0.7158 3.1479 4.6422 25.6493 1.6059 0.1635
Pedestrian -1 -1 1.4507 1139.0861 792.9739 1173.3518 892.6248 1.8101 0.5875 0.6414 3.7247 5.0617 28.6019 1.5983 0.1094
Cyclist -1 -1 -1.4672 851.9387 777.8617 947.5724 981.4688 1.7661 0.7752 1.8966 -0.6045 3.4419 15.4090 -1.4986 0.4850
Cyclist -1 -1 1.6496 930.5531 799.5590 960.5734 874.2910 1.8185 0.7038 0.9436 -0.4076 6.4576 39.2212 1.6520 0.1236
Car -1 -1 -1.2752 214.2054 744.0359 728.8616 1161.2595 1.5186 1.7252 4.1280 -2.4955 2.3787 8.7145 -1.5925 0.9569
Car -1 -1 -1.4539 707.7968 800.0491 782.9685 868.0550 1.5359 1.7905 3.5632 -6.4249 6.9954 44.8180 -1.5865 0.7530
Car -1 -1 -1.4242 685.3968 812.1118 779.3395 891.2952 1.4142 1.7653 3.8859 -5.7351 6.3984 37.8658 -1.5657 0.6268
Car -1 -1 1.8972 296.2639 806.2042 408.6740 881.9733 1.5654 1.7613 4.0256 -17.3462 7.0037 42.7992 1.5169 0.5288
Car -1 -1 -1.4439 657.7358 807.0455 770.9639 915.1846 1.6156 1.7934 3.6290 -4.9456 5.5391 30.3744 -1.5984 0.4460
Car -1 -1 2.1878 0.0000 783.5985 102.5408 903.6466 1.4362 1.6562 3.9452 -16.4489 4.3179 25.1598 1.5985 0.2028
