Pedestrian -1 -1 1.4880 961.5568 789.0926 1030.1010 979.5970 1.7478 0.6268 0.6857 0.3320 3.4003 14.6932 1.5239 0.6826
Pedestrian -1 -1 0.7105 1366.5472 671.9886 1572.8544 1096.4906 1.6946 0.6735 0.5126 2.1802 1.9089 6.4302 1.1236 0.5091
Pedestrian -1 -1 1.8989 395.4396 806.5451 433.2474 890.9439 1.8300 0.6342 0.6525 -12.4997 6.0232 34.1893 1.5510 0.5056
Pedestrian -1 -1 1.6230 868.3719 796.1542 898.0555 871.8723 1.6600 0.6400 1.3058 -1.8941 5.9049 36.4116 1.5823 0.3370
Pedestrian -1 -1 1.4931 1099.8981 783.4938 1136.5961 888.8936 1.7707 0.6086 0.5999 2.7651 4.6015 26.3792 1.6148 0.2837
Pedestrian -1 -1 -1.2152 389.7666 762.8398 469.9290 939.7529 1.8404 0.6581 0.6132 -5.7991 3.3761 16.3421 -1.5709 0.2609
Pedestrian -1 -1 -2.4867 858.3774 802.7307 889.6954 847.0735 1.2281 0.4981 0.8148 -2.6464 6.6743 45.3615 -2.5334 0.1569
Pedestrian -1 -1 -1.4457 798.8818 777.8059 881.5557 957.2679 1.7263 0.7065 1.6750 -1.3288 3.5208 16.6958 -1.5201 0.1446
Pedestrian -1 -1 -1.5847 816.5388 816.3443 836.6471 879.2280 1.5809 0.5340 0.6935 -3.6230 6.7772 40.2197 -1.6637 0.1050
Pedestrian -1 -1 -3.1816 1617.3918 651.5483 1799.2225 1114.6394 1.5860 0.5972 0.5536 2.7875 1.6923 5.5672 -2.5873 0.1009
Cyclist -1 -1 -1.4172 789.3123 776.0193 881.0225 957.4179 1.7283 0.7433 1.8131 -1.3842 3.5135 16.7334 -1.4950 0.5324
Cyclist -1 -1 1.6230 868.3719 796.1542 898.0555 871.8723 1.6600 0.6400 1.3058 -1.8941 5.9049 36.4116 1.5823 0.3116
Car -1 -1 -1.1518 0.0000 727.6443 600.4125 1216.0000 1.5160 1.7580 3.9073 -2.7551 2.0926 6.3782 -1.6458 0.9366
Car -1 -1 1.7318 379.7329 795.1339 471.9561 874.0602 1.6850 1.8665 4.1709 -15.5796 6.9125 43.7051 1.3949 0.5846
Car -1 -1 -1.3937 607.5377 803.1567 709.0610 885.1370 1.4398 1.7589 3.5596 -7.2025 5.9270 35.8514 -1.5851 0.5698
