Pedestrian -1 -1 1.5195 1008.8502 793.2833 1065.8896 959.5909 1.7560 0.6158 0.6181 0.8458 3.6762 16.7393 1.5856 0.5943
Pedestrian -1 -1 0.6611 1350.5593 695.8917 1519.8337 1046.1572 1.6933 0.6538 0.5436 2.4657 2.0822 7.7925 1.0348 0.5572
Pedestrian -1 -1 1.6428 922.5776 799.0612 950.7832 871.7350 1.7492 0.6568 0.8904 -0.6324 6.3105 38.6983 1.6390 0.4940
Pedestrian -1 -1 -1.6266 864.8322 803.6179 887.3475 870.6758 1.7581 0.5946 0.5970 -2.3532 6.7301 41.2770 -1.6719 0.3904
Pedestrian -1 -1 1.4730 1348.2574 802.2791 1403.7722 957.9619 1.6934 0.5850 0.5589 4.8078 3.7918 17.3581 1.7746 0.2966
Pedestrian -1 -1 0.5094 1440.5245 739.9665 1606.4348 1054.3671 1.5447 0.5902 0.6161 3.0333 2.1989 8.0797 0.9412 0.1111
Cyclist -1 -1 -1.4421 839.3052 772.0496 934.4970 967.0444 1.7560 0.7604 1.8761 -0.7618 3.4154 15.8957 -1.4829 0.4524
Car -1 -1 -1.2629 135.8108 745.2816 702.3121 1195.7274 1.4806 1.7344 4.1800 -2.5620 2.3099 8.1761 -1.6130 0.9556
Car -1 -1 -1.4140 674.0628 801.3221 769.6544 881.5943 1.4837 1.7879 3.6369 -5.9441 6.1219 37.4906 -1.5629 0.7094
Car -1 -1 1.9671 195.2331 794.0740 339.2277 881.2596 1.5975 1.7627 4.4233 -17.6840 6.1879 38.3365 1.5369 0.6002
Car -1 -1 -1.4282 692.7984 798.2522 772.6593 865.4348 1.4994 1.8199 3.5927 -6.7454 6.8608 44.4521 -1.5693 0.2907
