Pedestrian -1 -1 1.4925 991.5511 794.8557 1052.6107 966.6782 1.7607 0.6252 0.6788 0.6583 3.6590 16.3565 1.5476 0.7857
Pedestrian -1 -1 0.9752 1343.2285 683.4138 1525.7291 1044.8695 1.7001 0.6770 0.5718 2.3611 2.0074 7.5012 1.3498 0.6658
Pedestrian -1 -1 1.6223 910.0076 798.2055 938.4528 872.7062 1.7766 0.6722 0.8605 -0.9414 6.2511 38.1667 1.6099 0.6088
Pedestrian -1 -1 1.4887 1336.6533 797.5897 1393.3782 962.2444 1.7349 0.5874 0.5537 4.5260 3.7119 16.7877 1.7837 0.1948
Pedestrian -1 -1 1.4291 1146.4227 785.1904 1183.7142 889.4606 1.8144 0.6029 0.6199 3.7165 4.7743 27.3007 1.5829 0.1034
Cyclist -1 -1 -1.4216 822.6615 776.7056 922.5754 975.2394 1.7821 0.7744 1.8770 -0.9116 3.4930 15.8821 -1.4725 0.4460
Cyclist -1 -1 1.6404 909.8130 797.5608 938.5240 871.8098 1.7671 0.6630 0.8790 -0.9432 6.2278 38.1775 1.6279 0.1050
Car -1 -1 -1.2382 74.9127 739.3445 692.5795 1216.0000 1.4871 1.7453 4.1944 -2.5781 2.2480 7.8143 -1.6092 0.9557
Car -1 -1 -1.4304 697.1058 792.5535 764.9533 854.0312 1.6152 1.7585 3.8289 -7.9092 7.6209 51.6540 -1.5721 0.3060
Car -1 -1 1.9549 187.7264 793.9805 331.4011 883.3606 1.6365 1.7969 4.3142 -17.6791 6.1706 37.9026 1.5204 0.2436
