Pedestrian -1 -1 1.4532 956.8470 772.3239 1033.9419 977.4513 1.7795 0.6452 0.7176 0.3088 3.1886 13.9094 1.4885 0.7438
Pedestrian -1 -1 1.9013 370.3371 797.1091 411.0645 882.5697 1.8226 0.6870 0.6236 -12.7833 5.7194 33.5166 1.5385 0.5342
Pedestrian -1 -1 -2.4146 1377.0642 666.7677 1589.5754 1109.6047 1.6190 0.6342 0.4758 2.0452 1.7932 5.8774 -1.9825 0.5304
Pedestrian -1 -1 1.6642 856.8186 801.7264 885.6600 879.6164 1.7029 0.5820 1.0158 -2.1371 5.9712 35.5776 1.6152 0.3571
Pedestrian -1 -1 -2.7186 1591.6129 636.1303 1839.3834 1180.7261 1.6748 0.6069 0.4857 2.5059 1.7150 4.9776 -2.1045 0.2257
Pedestrian -1 -1 1.0272 1491.9946 669.4332 1688.4286 1097.0474 1.6807 0.5848 0.5211 2.5946 1.8737 6.2081 1.5262 0.1727
Pedestrian -1 -1 0.0652 927.3137 820.2864 978.3906 886.5272 1.0279 0.7159 0.8309 -0.1401 4.4592 25.8756 0.0718 0.1120
Pedestrian -1 -1 -1.4509 791.3659 816.8930 815.7845 881.7885 1.6119 0.5565 0.7068 -4.1770 6.7472 39.6383 -1.5454 0.1087
Pedestrian -1 -1 1.4737 1086.9166 788.8122 1122.0911 895.7009 1.7476 0.5552 0.5995 2.4566 4.5963 25.6861 1.5861 0.1080
Pedestrian -1 -1 0.9257 1099.3901 816.6802 1181.8606 937.0629 1.2816 0.6846 0.7314 2.1490 3.6464 17.9543 1.0653 0.1036
Cyclist -1 -1 -1.4235 768.4454 774.8881 864.7471 953.3471 1.7354 0.8202 1.8816 -1.6270 3.5492 17.1225 -1.5142 0.5101
Cyclist -1 -1 1.6845 855.8676 803.3804 885.5490 880.0213 1.6754 0.5834 1.0324 -2.1577 6.0013 35.7118 1.6352 0.1365
Car -1 -1 -1.0796 0.0000 727.7501 570.7267 1216.0000 1.4975 1.7618 3.9293 -2.7987 2.0356 5.8073 -1.6337 0.9393
Car -1 -1 -1.3868 637.0737 791.4232 710.3436 855.6447 1.6567 1.7350 3.5115 -9.4679 7.3603 49.4609 -1.5667 0.3850
Car -1 -1 1.7762 345.1801 794.0745 444.6592 872.1406 1.6329 1.8445 4.0858 -16.1341 6.7180 42.7920 1.4205 0.2437
