Pedestrian -1 -1 1.4568 976.8408 760.4062 1066.2020 995.7321 1.7125 0.6291 0.7335 0.4614 2.8085 11.7106 1.5111 0.7244
Pedestrian -1 -1 -1.6268 788.4182 808.1865 810.0827 874.4590 1.6328 0.5354 0.5674 -4.2209 6.4452 38.9432 -1.7247 0.5255
Pedestrian -1 -1 1.6250 850.1273 790.2022 883.5135 875.3600 1.7399 0.6701 1.1503 -2.1009 5.4917 33.3656 1.5727 0.4616
Pedestrian -1 -1 -1.4641 817.0024 803.0725 838.1854 866.1168 1.5754 0.4895 0.5955 -3.5194 6.3054 39.3953 -1.5426 0.1343
Pedestrian -1 -1 1.4914 46.4951 802.2056 112.5873 962.0278 1.6343 0.5799 0.5017 -9.7268 3.6345 16.4962 0.9359 0.1272
Cyclist -1 -1 -1.4727 752.2936 774.4409 836.4340 943.2028 1.7287 0.8141 1.8698 -1.9736 3.6145 17.9198 -1.5790 0.5857
Cyclist -1 -1 1.6204 848.9016 790.8148 882.5513 874.4865 1.7041 0.6802 1.1544 -2.1230 5.4662 33.3304 1.5672 0.2595
Car -1 -1 -1.5133 624.1244 793.1198 688.7700 858.9610 1.5620 1.7743 3.8785 -9.7285 7.1847 47.9442 -1.7047 0.9158
Car -1 -1 -1.4880 595.6335 791.9452 675.8081 867.9538 1.5105 1.7767 3.6994 -8.7016 6.2194 40.2114 -1.6939 0.8704
Car -1 -1 -1.4281 566.0096 789.4720 673.0804 880.8436 1.4994 1.7955 3.7231 -7.5617 5.3860 33.3931 -1.6457 0.6601
Car -1 -1 1.9592 154.2993 762.7384 280.9481 838.0223 1.6000 1.7500 3.9679 -20.4482 5.5944 41.2949 1.5007 0.5239
Car -1 -1 -0.8051 0.0000 672.7067 477.2354 1216.0000 1.4661 1.7386 3.8072 -2.8483 1.6633 4.2591 -1.5804 0.3453
Car -1 -1 -1.5065 541.9417 771.2150 656.4628 898.1537 1.6478 1.6794 3.6908 -6.1939 4.3731 25.8931 -1.7401 0.2165
Car -1 -1 1.8132 119.9541 767.0801 542.8986 1112.9778 1.4796 1.8151 4.0439 -4.0377 2.6637 10.3074 1.4014 0.1565
