Pedestrian -1 -1 1.4665 961.9946 760.1875 1050.5541 992.6989 1.7351 0.6455 0.7419 0.3508 2.8563 12.0038 1.5094 0.7967
Pedestrian -1 -1 1.6638 846.6287 791.5743 879.9270 873.0660 1.6945 0.6500 0.9750 -2.1990 5.4995 33.6396 1.6090 0.6456
Pedestrian -1 -1 -2.0439 778.3116 817.0878 807.4481 885.4183 1.6574 0.5491 0.5859 -4.3802 6.7064 38.8916 -2.1459 0.4691
Pedestrian -1 -1 -2.1607 360.5869 776.7376 485.8708 1049.7327 1.5211 0.4914 0.5402 -3.2652 2.4792 9.0818 -2.5498 0.1899
Pedestrian -1 -1 -2.1426 402.8066 775.2276 524.4496 961.6611 1.1487 0.4492 0.7414 -3.4172 2.2209 10.2639 -2.4999 0.1722
Pedestrian -1 -1 -1.3074 814.4152 804.5923 840.8936 870.4867 1.6346 0.5219 0.7322 -3.5471 6.4576 39.7302 -1.3858 0.1622
Cyclist -1 -1 -1.4653 747.9534 772.8277 836.0385 946.7699 1.7540 0.8290 1.9024 -1.9701 3.5944 17.6522 -1.5733 0.5637
Cyclist -1 -1 1.6590 846.2621 790.8577 879.2514 871.9097 1.6831 0.6461 0.9810 -2.2085 5.4681 33.6059 1.6038 0.1907
Car -1 -1 -1.4721 595.2800 790.9543 676.2943 865.0508 1.4859 1.7601 3.6229 -8.7369 6.1800 40.3784 -1.6780 0.8616
Car -1 -1 -1.4279 565.8439 789.5159 671.5532 879.9004 1.4908 1.7783 3.7151 -7.6237 5.3982 33.5767 -1.6460 0.6872
Car -1 -1 -1.5219 625.9612 791.4481 687.6082 856.5505 1.5709 1.7294 3.7379 -9.7633 7.1533 48.1514 -1.7131 0.6558
Car -1 -1 -1.4439 529.2027 771.3134 659.3327 892.9466 1.5800 1.7302 3.7224 -6.3090 4.3212 26.0528 -1.6804 0.4445
Car -1 -1 -0.8635 0.0000 710.6486 487.5193 1216.0000 1.4388 1.7709 3.7738 -2.8238 1.8017 4.4123 -1.6059 0.4198
