Pedestrian -1 -1 1.5187 956.5486 763.2031 1035.4747 981.0344 1.7535 0.6499 0.6782 0.2890 2.9710 12.8199 1.5542 0.6615
Pedestrian -1 -1 1.6673 848.5289 801.5093 880.6201 881.0300 1.6880 0.6408 0.9029 -2.2114 5.7905 34.2730 1.6136 0.6431
Pedestrian -1 -1 -2.6809 774.3478 821.9564 806.5057 885.9530 1.5578 0.5441 0.6593 -4.4600 6.7527 39.0528 -2.7845 0.2719
Pedestrian -1 -1 1.3608 1394.5751 779.4728 1469.4807 976.1492 1.6435 0.5502 0.5515 4.1774 3.0498 13.2951 1.7066 0.2261
Pedestrian -1 -1 -2.9835 1511.7616 667.2291 1736.0203 1189.5039 1.5572 0.5729 0.5282 2.1794 1.7073 4.9115 -2.4257 0.1911
Pedestrian -1 -1 -1.1820 815.1728 810.3111 844.0474 875.1323 1.6220 0.5326 0.7316 -3.5462 6.6729 40.3085 -1.2589 0.1129
Pedestrian -1 -1 -3.3341 1697.9727 635.3017 1936.0000 1216.0000 1.6112 0.6133 0.6720 2.5248 1.6443 4.3213 -2.6187 0.1126
Cyclist -1 -1 -1.4320 748.9748 776.8793 840.9815 951.1495 1.7384 0.8095 1.9056 -1.9246 3.6219 17.5675 -1.5378 0.5410
Cyclist -1 -1 1.6643 848.4048 800.4326 880.2024 879.4686 1.6740 0.6341 0.9236 -2.2163 5.7503 34.2540 1.6104 0.1494
Car -1 -1 -0.9774 0.0000 720.1498 502.4922 1216.0000 1.4529 1.7083 3.7668 -2.8345 1.8916 4.9494 -1.6401 0.8912
Car -1 -1 -1.4473 599.7917 795.3606 681.1765 870.2448 1.5440 1.7309 3.5475 -8.7518 6.4305 41.0324 -1.6499 0.8186
Car -1 -1 -1.4311 538.7731 776.5103 666.2508 895.5631 1.5814 1.6964 3.6902 -6.3130 4.4779 26.6554 -1.6619 0.5415
Car -1 -1 -1.4394 276.0700 758.8861 571.5219 1047.9132 1.4628 1.7041 3.8404 -3.9450 2.6819 11.5435 -1.7973 0.1678
