Pedestrian -1 -1 1.5096 998.5884 752.4310 1086.4595 994.0945 1.7227 0.6359 0.6292 0.6053 2.7145 11.3127 1.5798 0.6364
Pedestrian -1 -1 1.6399 861.0779 789.1389 894.2279 870.3326 1.6442 0.6477 1.0606 -1.8393 5.3272 32.9973 1.5949 0.5453
Pedestrian -1 -1 -1.9659 792.9172 806.8647 821.5324 876.4858 1.6876 0.5595 0.5787 -3.9833 6.4384 38.6572 -2.0584 0.5283
Pedestrian -1 -1 -1.6631 436.6822 794.8136 521.5496 988.6129 1.1238 0.4376 0.7832 -3.2007 2.3000 9.9044 -2.0120 0.2672
Pedestrian -1 -1 1.3798 1101.1948 765.1925 1148.2659 887.5898 1.8348 0.6381 0.6201 2.5645 4.0708 23.5042 1.5065 0.1950
Pedestrian -1 -1 -1.8428 375.7190 769.3582 483.6888 1040.2281 1.4667 0.4416 0.5845 -3.1508 2.3574 8.8545 -2.2307 0.1635
Pedestrian -1 -1 2.0717 155.1917 734.4092 298.2706 1016.1448 1.9296 0.6847 0.7238 -5.3307 2.7535 10.8881 1.5747 0.1284
Pedestrian -1 -1 1.4083 1130.2975 759.2552 1179.5516 879.6116 1.7565 0.6621 0.6436 2.9577 3.8415 22.8807 1.5561 0.1183
Pedestrian -1 -1 -1.3215 824.3286 804.2640 852.6633 866.1005 1.5011 0.5718 0.7195 -3.2036 6.2342 39.0566 -1.3927 0.1114
Pedestrian -1 -1 -1.7527 330.7395 803.1308 436.4360 1018.5958 1.2323 0.4995 0.6717 -3.7375 2.4337 9.6626 -2.1649 0.1031
Cyclist -1 -1 -1.4480 759.3778 771.0999 846.8489 938.2748 1.7235 0.8153 1.8744 -1.8785 3.5777 18.0191 -1.5481 0.5408
Cyclist -1 -1 1.6362 860.0002 789.5347 893.2113 869.9201 1.6214 0.6502 1.0796 -1.8594 5.3088 32.9473 1.5904 0.2309
Cyclist -1 -1 -1.6631 436.6822 794.8136 521.5496 988.6129 1.1238 0.4376 0.7832 -3.2007 2.3000 9.9044 -2.0120 0.1236
Car -1 -1 -1.4838 631.0665 795.7028 699.8220 862.0623 1.5621 1.7831 3.9524 -9.4148 7.2600 47.8326 -1.6691 0.8691
Car -1 -1 -1.4654 600.3937 794.3583 683.4825 868.5443 1.4703 1.7792 3.5582 -8.4848 6.2107 39.9765 -1.6673 0.7823
Car -1 -1 -1.4134 566.5456 788.3810 677.8837 880.1326 1.4920 1.8139 3.7099 -7.4133 5.3089 33.0105 -1.6293 0.7266
Car -1 -1 -1.4065 538.2671 768.4823 677.0164 888.7068 1.5454 1.7199 3.7336 -5.9934 4.1992 25.7215 -1.6343 0.6716
Car -1 -1 1.9723 152.2458 764.7748 279.9823 840.1410 1.5805 1.7082 3.9545 -20.2907 5.5949 40.8950 1.5129 0.6065
Car -1 -1 -0.8117 0.0000 668.6973 497.1588 1216.0000 1.4543 1.7510 3.8963 -2.6580 1.6288 3.9803 -1.6045 0.4881
Car -1 -1 -1.5134 221.0263 742.6591 534.9930 1089.0948 1.5803 1.6749 3.9471 -3.9759 2.5692 10.4173 -1.9156 0.1100
