Pedestrian -1 -1 1.4766 956.5118 767.5081 1037.7352 982.6660 1.7680 0.6583 0.7212 0.3065 3.0600 13.1698 1.5129 0.7802
Pedestrian -1 -1 1.6571 849.6045 802.1976 880.1337 881.9359 1.7179 0.6231 0.8973 -2.2335 5.8882 34.7165 1.6036 0.5560
Pedestrian -1 -1 -2.1680 1441.7904 659.7075 1665.6017 1146.2920 1.6033 0.5750 0.4715 2.0562 1.7312 5.2292 -1.6726 0.2340
Pedestrian -1 -1 1.3925 1400.7261 789.1486 1474.9492 988.0437 1.6523 0.5561 0.5668 4.2269 3.1478 13.2896 1.7419 0.2179
Pedestrian -1 -1 -1.8277 787.1931 816.8919 813.0419 882.0698 1.5824 0.5117 0.7328 -4.2358 6.6817 39.2863 -1.9248 0.1806
Pedestrian -1 -1 1.9285 348.4514 794.4479 386.8460 879.1553 1.7724 0.6107 0.6026 -13.0266 5.5290 32.8269 1.5515 0.1665
Pedestrian -1 -1 0.7423 641.7569 813.5539 679.1667 876.2866 1.5892 0.8283 0.6190 -8.3447 6.8892 41.4973 0.5522 0.1290
Pedestrian -1 -1 1.0661 1110.5961 789.6719 1185.9327 916.0756 1.3665 0.6613 0.6401 2.2045 3.3590 17.6673 1.2112 0.1185
Pedestrian -1 -1 1.9251 816.9348 812.6765 844.2796 876.2600 1.6043 0.5196 0.7110 -3.5438 6.7526 40.5870 1.8489 0.1104
Pedestrian -1 -1 1.4364 1089.9547 783.9579 1127.9620 896.7186 1.7806 0.5606 0.5981 2.4432 4.4484 24.7778 1.5520 0.1072
Cyclist -1 -1 -1.4173 747.1817 775.5276 845.9625 956.5187 1.7642 0.8349 1.9344 -1.8636 3.5965 17.2048 -1.5220 0.4834
Cyclist -1 -1 1.6894 847.6274 801.8251 879.8531 881.7474 1.7035 0.6222 0.9975 -2.2570 5.8684 34.6851 1.6352 0.1459
Car -1 -1 -1.0159 0.0000 724.5923 518.5506 1216.0000 1.4854 1.7378 3.8989 -2.8537 1.9665 5.2062 -1.6473 0.9286
Car -1 -1 -1.4502 545.4293 781.5848 673.3040 899.6988 1.5572 1.7798 3.7188 -6.2265 4.5701 26.8131 -1.6763 0.3040
