Pedestrian -1 -1 1.6957 847.3829 797.4538 880.8151 877.8547 1.6833 0.6340 0.9550 -2.2009 5.6582 33.9492 1.6415 0.6269
Pedestrian -1 -1 1.5138 955.7247 758.0714 1037.2975 982.7489 1.7578 0.6499 0.7061 0.2848 2.9019 12.4868 1.5495 0.5984
Pedestrian -1 -1 -2.8173 777.5919 816.2361 806.8013 879.4084 1.5505 0.5425 0.6138 -4.4128 6.5890 39.0480 -2.9198 0.3738
Pedestrian -1 -1 1.3636 1396.2374 779.0595 1474.7520 984.9744 1.7137 0.5752 0.5840 4.1989 3.1155 13.2685 1.7115 0.1580
Pedestrian -1 -1 0.3403 640.2055 810.3936 663.7527 862.9722 1.5448 0.6513 0.5315 -9.6858 7.3998 46.8426 0.1453 0.1064
Pedestrian -1 -1 1.4552 1093.0636 786.4947 1131.3356 900.0106 1.7658 0.5665 0.5831 2.4575 4.4327 24.3877 1.5731 0.1011
Cyclist -1 -1 -1.4362 745.7171 774.3698 838.2145 948.0150 1.7381 0.8249 1.8970 -1.9612 3.5909 17.5788 -1.5442 0.5696
Cyclist -1 -1 1.6892 846.7051 796.8179 879.9807 876.8114 1.6682 0.6309 0.9872 -2.2149 5.6249 33.9041 1.6346 0.1815
Car -1 -1 -0.9320 0.0000 714.7581 498.1616 1216.0000 1.4783 1.6988 3.7839 -2.8306 1.8808 4.7679 -1.6196 0.8910
Car -1 -1 -1.4385 591.2567 797.6484 676.0764 871.9019 1.4957 1.7639 3.6160 -8.8603 6.4117 40.6879 -1.6455 0.6964
Car -1 -1 -1.4241 535.2493 770.7901 666.0164 889.5994 1.5790 1.7151 3.6895 -6.3022 4.3488 26.4800 -1.6563 0.6522
Car -1 -1 1.7285 228.9980 752.0284 550.5474 1094.4449 1.6508 1.6374 4.0157 -3.9494 2.7623 10.9363 1.3497 0.1467
