Pedestrian -1 -1 1.4643 955.6503 765.9863 1034.7179 978.4062 1.7883 0.6458 0.7767 0.2975 3.1049 13.5452 1.4992 0.7736
Pedestrian -1 -1 -2.6986 1420.1760 655.5877 1626.3245 1147.3085 1.6907 0.6291 0.4554 2.0907 1.8125 5.5611 -2.2302 0.5285
Pedestrian -1 -1 1.6618 854.1359 798.3839 883.6617 876.5076 1.6957 0.5960 0.9934 -2.1710 5.8410 35.2247 1.6112 0.4437
Pedestrian -1 -1 -2.8942 1641.9921 634.1561 1903.9364 1216.0000 1.6989 0.6114 0.5168 2.5311 1.7303 4.6658 -2.2327 0.3082
Pedestrian -1 -1 3.0709 928.2598 806.9130 975.3080 878.8569 1.1125 0.7285 0.7599 -0.1670 4.2609 25.4788 3.0762 0.2607
Pedestrian -1 -1 0.2288 845.2746 796.2509 873.7241 843.2099 1.3038 0.5854 0.7249 -3.0215 6.4350 44.4305 0.1721 0.2289
Pedestrian -1 -1 1.8905 367.8542 795.7523 406.6036 881.8635 1.8224 0.6465 0.6019 -12.7459 5.6533 33.2156 1.5255 0.2030
Pedestrian -1 -1 1.0265 648.6516 806.2993 684.5730 866.9836 1.5701 0.7900 0.6140 -8.3000 6.7398 42.1266 0.8403 0.1574
Pedestrian -1 -1 1.8786 828.5565 808.7161 856.0626 871.4525 1.6013 0.5399 0.7734 -3.2736 6.7181 41.1875 1.8103 0.1203
Pedestrian -1 -1 0.9140 1100.6626 798.8824 1176.9177 923.5128 1.3510 0.6445 0.6520 2.1205 3.4839 17.8899 1.0523 0.1104
Cyclist -1 -1 -1.4420 757.0670 773.3699 851.1812 954.8233 1.7667 0.8251 1.8734 -1.7637 3.5546 17.0605 -1.5416 0.5299
Cyclist -1 -1 1.6618 854.1359 798.3839 883.6617 876.5076 1.6957 0.5960 0.9934 -2.1710 5.8410 35.2247 1.6112 0.1427
Car -1 -1 -1.0402 0.0000 716.3831 551.3430 1216.0000 1.5159 1.7495 3.8643 -2.8156 1.9744 5.5152 -1.6289 0.9442
Car -1 -1 -1.4421 549.2430 795.4810 681.4949 910.7354 1.4854 1.8422 3.7926 -6.1783 4.8004 27.0886 -1.6636 0.1902
Car -1 -1 -1.4884 615.6488 792.0498 688.9299 864.4075 1.5145 1.6851 3.5042 -8.5537 6.3714 41.6174 -1.6834 0.1598
Car -1 -1 -1.3654 635.0369 795.9121 708.6761 859.5695 1.6320 1.6918 3.4593 -9.5360 7.4918 49.4919 -1.5464 0.1575
