Pedestrian -1 -1 1.4985 1014.0329 752.1737 1104.6711 999.9343 1.7110 0.6299 0.6143 0.7092 2.6700 10.9570 1.5815 0.7538
Pedestrian -1 -1 -2.4466 797.0347 807.2092 828.1025 876.4207 1.6625 0.5660 0.5601 -3.8157 6.3894 38.3810 -2.5354 0.6747
Pedestrian -1 -1 1.6165 871.0118 786.6340 904.6014 870.8158 1.6864 0.6710 1.0251 -1.5886 5.2521 32.4536 1.5785 0.4128
Pedestrian -1 -1 -1.6882 294.4550 780.6540 403.9544 1040.8719 1.4733 0.5400 0.6175 -3.8336 2.4898 9.3558 -2.1240 0.3003
Pedestrian -1 -1 -1.3380 837.3069 798.0727 861.4302 862.2607 1.5799 0.4928 0.6198 -2.9182 6.1395 39.0274 -1.4018 0.1652
Pedestrian -1 -1 -1.8453 400.7115 780.8510 507.5307 1032.2009 1.3915 0.4412 0.6408 -3.1075 2.3863 9.1504 -2.2147 0.1283
Pedestrian -1 -1 2.0415 156.2389 742.0291 301.5345 1033.9508 1.8848 0.6752 0.6840 -5.0220 2.7183 10.2893 1.5422 0.1224
Cyclist -1 -1 -1.4385 764.8544 766.7489 857.9930 935.6913 1.7496 0.8668 1.8991 -1.7820 3.5556 18.0742 -1.5325 0.5434
Cyclist -1 -1 1.6198 869.7104 786.4902 903.6674 870.1868 1.6734 0.6747 1.0438 -1.6127 5.2370 32.4540 1.5809 0.1961
Car -1 -1 -1.4893 638.2078 793.1549 707.2287 858.6447 1.5384 1.8060 3.8561 -9.1105 7.1038 47.4564 -1.6700 0.9288
Car -1 -1 -1.4418 575.4894 787.6270 681.7363 880.8534 1.5232 1.8055 3.6259 -7.2481 5.3063 32.8845 -1.6536 0.8827
Car -1 -1 -1.4204 535.4201 779.0212 675.0491 905.5850 1.5760 1.7379 3.7897 -5.9432 4.3901 25.3469 -1.6495 0.8437
Car -1 -1 -1.4924 609.0837 791.0620 689.3804 866.3669 1.4740 1.7761 3.6843 -8.2410 6.1051 39.7442 -1.6896 0.7938
Car -1 -1 -0.7711 0.0000 665.5225 434.9819 1216.0000 1.5103 1.7446 3.7021 -2.7512 1.6635 3.7423 -1.6272 0.7743
Car -1 -1 1.9679 156.4526 770.2253 284.8712 844.5759 1.5162 1.6921 4.0170 -20.0116 5.6601 40.5864 1.5111 0.4449
Car -1 -1 -1.3283 115.2756 744.1617 547.7838 1117.2880 1.6252 1.8026 4.0583 -3.9173 2.5976 10.0416 -1.7404 0.2068
