Pedestrian -1 -1 -1.5491 809.8822 797.9407 833.9969 866.4999 1.6790 0.5989 0.5385 -3.5716 6.1508 38.3589 -1.6317 0.6770
Pedestrian -1 -1 1.4995 1027.2686 752.5836 1120.3029 1014.3115 1.7309 0.6212 0.6682 0.7842 2.6620 10.5640 1.5935 0.6687
Pedestrian -1 -1 1.6064 877.8304 777.3486 911.5596 863.8802 1.7396 0.6826 0.9932 -1.4330 5.0846 32.3146 1.5729 0.3987
Pedestrian -1 -1 0.3034 257.9920 747.0782 404.8383 1009.1290 1.4697 0.6013 0.6912 -3.7984 2.2383 9.0591 -0.1453 0.3053
Pedestrian -1 -1 -1.9172 395.2236 727.4540 518.8550 970.4210 1.3639 0.5012 0.6677 -3.0931 2.0209 9.1630 -2.2869 0.1432
Cyclist -1 -1 -1.4692 779.2590 766.7318 861.8309 931.2582 1.7359 0.8124 1.8578 -1.6989 3.5625 18.3243 -1.5570 0.5780
Cyclist -1 -1 1.6011 876.7550 777.5975 910.9819 864.3923 1.7417 0.6971 0.9930 -1.4483 5.0865 32.2588 1.5671 0.1325
Car -1 -1 -0.6995 0.0000 641.6397 429.3238 1216.0000 1.5639 1.7692 3.8932 -2.7652 1.6254 3.5148 -1.6082 0.9277
Car -1 -1 -1.5003 645.8288 790.6875 714.0187 857.1426 1.5454 1.8009 3.9813 -8.8331 7.0084 47.2025 -1.6763 0.9067
Car -1 -1 -1.4665 588.8769 784.8844 690.4122 878.3774 1.5142 1.7725 3.6523 -6.9572 5.2111 32.6497 -1.6713 0.8587
Car -1 -1 -1.4787 621.0674 783.9574 704.5737 861.4977 1.5151 1.7825 3.8878 -7.8327 5.9345 39.5305 -1.6670 0.8136
Car -1 -1 2.0147 160.3655 767.3370 296.4414 841.6009 1.4929 1.6748 4.0482 -19.4551 5.4857 39.8881 1.5618 0.6725
Car -1 -1 2.0966 20.4934 755.5300 199.9946 844.8826 1.5446 1.7077 4.1174 -19.2002 4.6912 33.9559 1.5788 0.6651
Car -1 -1 -1.2574 99.4609 751.7060 555.1558 1098.4329 1.4715 1.6991 3.8512 -3.8556 2.4736 9.8150 -1.6742 0.1597
Car -1 -1 -1.3780 531.8967 781.5005 683.9731 903.3594 1.4865 1.7748 3.8389 -5.8552 4.3296 25.2009 -1.6052 0.1515
Car -1 -1 1.9033 282.7845 769.5435 394.0312 840.3603 1.6334 1.7847 4.4599 -19.1034 6.3096 46.0696 1.5144 0.1139
