Pedestrian -1 -1 1.2501 1236.2490 692.8728 1404.6155 1073.4137 1.7170 0.6208 0.7493 1.7250 2.0648 7.2683 1.5410 0.7361
Pedestrian -1 -1 -1.5552 862.3295 778.0143 887.1967 849.8434 1.6910 0.5955 0.5848 -2.1259 5.4890 36.7927 -1.6021 0.4924
Pedestrian -1 -1 1.6357 954.6351 773.1753 990.0370 865.7479 1.6537 0.6094 0.9771 0.2190 4.5671 28.8704 1.6559 0.4645
Pedestrian -1 -1 -1.5153 901.0588 781.1420 924.0258 849.3015 1.6119 0.5323 0.5161 -1.1991 5.4907 36.8581 -1.5362 0.4126
Cyclist -1 -1 -1.4806 819.2048 741.0599 892.7879 894.3160 1.7269 0.7651 1.8713 -1.3310 3.2942 19.2307 -1.5434 0.5374
Cyclist -1 -1 1.6194 953.6088 774.4099 989.0856 866.5563 1.6448 0.6256 0.9826 0.2000 4.5817 28.8646 1.6389 0.1161
Car -1 -1 -1.4858 697.8669 777.6335 770.5237 846.4347 1.5842 1.8092 3.7837 -6.7831 6.3764 44.9822 -1.6263 0.9380
Car -1 -1 -1.4857 671.5015 779.7715 758.8646 862.0294 1.5390 1.8000 3.7866 -6.0768 5.6013 37.2747 -1.6396 0.9270
Car -1 -1 -1.4760 643.4653 774.9819 750.0002 873.4675 1.5115 1.7800 3.6126 -5.3299 4.7604 30.5061 -1.6435 0.8938
Car -1 -1 2.0393 58.0132 790.7458 245.0755 896.0479 1.6061 1.7031 4.4573 -17.2666 5.4211 32.1493 1.5443 0.5862
Car -1 -1 -1.4200 581.1771 767.8425 733.4335 903.3729 1.5613 1.7519 3.5719 -4.5613 3.9243 22.8974 -1.6157 0.4544
Car -1 -1 1.9116 228.1459 781.9340 350.0479 864.2726 1.6355 1.6925 4.0032 -17.7276 6.0132 39.6276 1.4933 0.3521
