Pedestrian -1 -1 -1.6891 848.3575 777.1228 874.5374 850.5235 1.7427 0.5927 0.5607 -2.4846 5.5618 37.1913 -1.7453 0.6499
Pedestrian -1 -1 1.3369 1167.2180 710.3755 1309.6700 1057.5579 1.7733 0.6349 0.7570 1.5034 2.2643 8.2081 1.5603 0.5957
Pedestrian -1 -1 1.6474 933.8494 765.9039 972.8837 859.4535 1.6997 0.6719 1.1705 -0.1494 4.5506 29.6245 1.6545 0.5060
Pedestrian -1 -1 -3.2769 1228.8286 763.8739 1328.9718 956.6165 1.3148 0.6027 0.6657 2.3298 2.3704 11.0222 -3.0313 0.3209
Pedestrian -1 -1 1.3676 1259.5696 750.5128 1325.4802 910.8547 1.8189 0.6704 0.5970 3.9285 3.3375 17.7666 1.6130 0.1324
Pedestrian -1 -1 2.0744 54.1539 783.9766 111.6934 883.0218 1.7597 0.7084 0.6397 -16.4190 4.7698 27.9657 1.5373 0.1178
Pedestrian -1 -1 -2.0355 807.4187 740.2766 904.6833 890.9039 1.7214 0.6899 1.3934 -1.3545 3.2513 19.0540 -2.1005 0.1130
Pedestrian -1 -1 2.8292 1195.3480 776.7209 1295.1848 956.4673 1.3670 0.5755 0.6686 2.3136 2.6407 12.2280 3.0482 0.1113
Cyclist -1 -1 -1.4970 814.6974 741.6255 887.2928 893.4415 1.7088 0.7822 1.8354 -1.3913 3.2769 19.1686 -1.5635 0.5865
Cyclist -1 -1 1.6336 932.9251 767.4648 971.4003 859.7256 1.6801 0.6794 1.1384 -0.1736 4.5632 29.6513 1.6398 0.2775
Car -1 -1 -1.4379 688.4969 778.4106 763.4910 844.1199 1.5595 1.7722 3.6025 -7.1563 6.4446 45.7752 -1.5838 0.9321
Car -1 -1 2.0644 49.1738 765.3526 239.0281 861.2233 1.5590 1.7991 4.4194 -17.9053 4.8688 33.0251 1.5646 0.8914
Car -1 -1 -1.4924 665.7934 779.7371 748.6818 859.7850 1.5286 1.7543 3.7147 -6.3876 5.6535 37.9164 -1.6517 0.8302
Car -1 -1 -1.4733 634.4289 776.3377 737.9760 871.8270 1.4925 1.7534 3.6068 -5.6663 4.8366 31.1568 -1.6477 0.8193
Car -1 -1 -0.2011 0.0000 0.0000 1936.0000 1216.0000 1.5568 1.7489 3.9365 -2.6720 1.5207 1.8155 -1.6017 0.7423
Car -1 -1 1.9758 199.6146 784.9796 332.8275 866.6858 1.5933 1.6701 4.1769 -18.2815 6.0513 39.5366 1.5448 0.7245
Car -1 -1 2.0611 0.0000 786.9341 77.8137 909.8384 1.4703 1.7139 4.3887 -17.4140 4.5506 26.1556 1.4647 0.5887
Car -1 -1 -1.4174 573.7471 767.0222 724.5109 902.0045 1.6034 1.7720 3.5889 -4.8046 4.0075 23.4617 -1.6183 0.5042
Car -1 -1 1.9043 314.5246 777.7932 419.3703 847.0694 1.6294 1.7421 4.2085 -18.5004 6.6266 46.7401 1.5323 0.2866
