Pedestrian -1 -1 1.6538 888.6102 783.8557 923.2349 869.3900 1.6970 0.6582 0.8386 -1.1699 5.1165 31.7329 1.6281 0.6880
Pedestrian -1 -1 -1.6375 816.4359 802.5956 841.1248 870.8601 1.6464 0.5952 0.5642 -3.3745 6.2080 38.0667 -1.7155 0.5179
Pedestrian -1 -1 -2.4761 235.0626 768.3460 413.0507 1044.5320 1.4897 0.6242 0.7452 -3.7564 2.3751 8.8476 -2.9305 0.4718
Pedestrian -1 -1 1.4793 1050.7015 722.6506 1155.1682 1010.6255 1.8337 0.6568 0.7078 0.9470 2.5196 10.1303 1.5955 0.4206
Pedestrian -1 -1 -1.9787 384.4146 772.3853 528.3079 1013.1421 1.3138 0.5637 0.7617 -3.1113 2.2678 9.2046 -2.3469 0.1695
Pedestrian -1 -1 1.4346 1017.9411 764.4122 1081.6621 920.5995 1.6190 0.6290 0.6086 0.9649 3.1793 16.4017 1.5094 0.1688
Pedestrian -1 -1 -1.3111 853.1129 792.7340 877.7172 858.3298 1.6050 0.4942 0.5940 -2.4773 5.9843 38.6791 -1.3641 0.1669
Pedestrian -1 -1 -2.6213 1095.3396 797.3401 1186.5389 952.1940 1.2959 0.4812 0.6861 1.6583 2.9344 13.8084 -2.4789 0.1359
Pedestrian -1 -1 -1.9679 324.3169 761.8744 472.0699 1070.2681 1.5055 0.4697 0.7484 -3.0572 2.2873 8.1082 -2.3836 0.1335
Cyclist -1 -1 -1.5180 783.7203 762.8090 858.8460 927.6782 1.7689 0.8208 1.8845 -1.7171 3.5724 18.6001 -1.6052 0.5058
Cyclist -1 -1 1.6591 887.8583 783.0259 923.0304 869.1542 1.7025 0.6612 0.8761 -1.1785 5.1029 31.7003 1.6331 0.1036
Car -1 -1 -0.6697 0.0000 632.2923 423.8122 1216.0000 1.5878 1.7840 4.0077 -2.7516 1.6145 3.3637 -1.6113 0.9274
Car -1 -1 -1.4899 652.4893 786.9463 721.1729 853.1346 1.5694 1.7883 3.7492 -8.5706 6.8676 46.9462 -1.6615 0.9214
Car -1 -1 -1.4697 592.6580 781.6148 693.6729 874.2864 1.5018 1.7671 3.5787 -6.8348 5.0961 32.4282 -1.6724 0.8566
Car -1 -1 -1.4697 624.9109 786.4540 709.3020 861.4951 1.4515 1.7725 3.7457 -7.6609 5.8987 39.2247 -1.6553 0.8258
Car -1 -1 2.0938 28.6463 755.2521 207.6383 842.6920 1.5029 1.7102 4.1209 -19.0111 4.6415 33.9381 1.5799 0.7643
Car -1 -1 2.0298 157.7273 765.8497 296.9663 839.7197 1.4747 1.6772 4.0767 -19.3862 5.4087 39.6948 1.5763 0.7246
Car -1 -1 -1.2491 92.0398 744.2530 556.1951 1101.4457 1.4862 1.6596 3.7434 -3.7316 2.3970 9.4667 -1.6699 0.2073
Car -1 -1 -1.3768 536.1227 776.9639 690.4100 902.3744 1.5445 1.7986 3.7843 -5.7156 4.2803 24.9866 -1.6006 0.1471
