Pedestrian -1 -1 1.3003 1200.8573 715.7139 1357.4365 1072.1990 1.7103 0.6447 0.7405 1.6261 2.2031 7.7404 1.5569 0.6411
Pedestrian -1 -1 1.6433 946.4039 768.8970 982.9593 859.7194 1.6534 0.6398 0.9031 0.0718 4.5127 29.2168 1.6581 0.5449
Pedestrian -1 -1 -1.4854 856.8820 778.6852 883.0551 850.1530 1.6922 0.5917 0.6133 -2.2619 5.5391 37.0905 -1.5355 0.4882
Pedestrian -1 -1 -1.5064 901.9917 779.6276 923.0131 846.6593 1.6051 0.4883 0.4664 -1.2109 5.4770 37.1778 -1.5273 0.2641
Pedestrian -1 -1 -3.3122 1254.5651 760.5164 1360.5326 960.2936 1.3264 0.5825 0.6674 2.4634 2.3248 10.6880 -3.0451 0.1925
Pedestrian -1 -1 1.6732 918.5819 764.7229 950.5609 851.5833 1.6258 0.5575 0.6830 -0.5241 4.4220 29.5390 1.6669 0.1478
Pedestrian -1 -1 -2.0797 807.6332 737.1924 909.3510 889.6310 1.7419 0.6885 1.4269 -1.3222 3.2302 19.0331 -2.1429 0.1040
Cyclist -1 -1 -1.4934 816.5626 737.8965 890.2689 890.8836 1.7185 0.7856 1.8464 -1.3548 3.2317 19.0978 -1.5582 0.5554
Cyclist -1 -1 1.6524 945.6230 767.8352 983.3602 859.8920 1.6712 0.6514 0.9381 0.0683 4.5093 29.1946 1.6671 0.1134
Car -1 -1 -1.4801 695.1011 778.4221 767.4699 846.6084 1.5809 1.7965 3.8066 -6.9329 6.4402 45.3870 -1.6225 0.9430
Car -1 -1 -1.5019 666.7742 780.2977 750.8681 862.9848 1.5638 1.7965 3.7694 -6.2918 5.6741 37.5972 -1.6600 0.9037
Car -1 -1 -1.4709 636.0427 774.2384 741.1208 871.6970 1.5126 1.7514 3.6099 -5.5484 4.7732 30.7871 -1.6438 0.8872
Car -1 -1 -1.4128 576.9377 767.3329 726.7043 902.3403 1.5982 1.7362 3.5089 -4.7249 3.9847 23.2667 -1.6121 0.5922
Car -1 -1 2.0117 64.9242 774.7882 242.6149 873.1625 1.5637 1.7236 4.3812 -17.5841 5.0762 32.8109 1.5172 0.5906
Car -1 -1 -0.0994 0.0000 0.0000 1936.0000 1216.0000 1.5526 1.7493 3.8770 -2.6613 1.4732 1.5899 -1.5831 0.4917
Car -1 -1 1.9271 217.6774 782.5172 341.8400 864.8791 1.6353 1.6848 4.0279 -17.9914 6.0340 39.6672 1.5036 0.3657
Car -1 -1 2.0620 0.0000 795.9354 66.4063 925.4205 1.4979 1.6535 4.3061 -17.1326 4.6611 25.4258 1.4597 0.1869
Car -1 -1 -1.0773 0.0000 732.5606 592.0083 1174.4995 1.4751 1.8591 3.9302 -3.4181 2.1902 7.9463 -1.5468 0.1418
