Pedestrian -1 -1 1.3833 1136.1372 722.6769 1261.2168 1038.5466 1.7269 0.6220 0.7078 1.3743 2.3223 8.7509 1.5749 0.7252
Pedestrian -1 -1 -2.1136 843.2516 783.8146 873.8429 854.7665 1.6770 0.5727 0.5332 -2.5723 5.6961 37.4387 -2.1716 0.6953
Pedestrian -1 -1 1.6310 930.4150 767.8154 966.4584 857.8811 1.6787 0.6537 0.9887 -0.2520 4.5968 30.0195 1.6346 0.4718
Pedestrian -1 -1 2.1145 52.0527 775.2807 110.1812 874.1379 1.7634 0.7120 0.6354 -16.4540 4.6079 27.9673 1.5760 0.1889
Pedestrian -1 -1 -0.3832 1163.4659 753.4184 1257.4885 944.3122 1.5052 0.5563 0.6253 2.0881 2.6140 12.5708 -0.1896 0.1417
Pedestrian -1 -1 -2.7633 1174.8168 755.0751 1288.0010 967.3215 1.4916 0.6132 0.6662 2.0780 2.5300 11.4893 -2.5519 0.1355
Cyclist -1 -1 -1.4637 806.6054 740.5259 888.2377 895.0292 1.7250 0.8302 1.8683 -1.4265 3.2726 19.0666 -1.5325 0.5674
Cyclist -1 -1 1.6450 927.8097 768.7540 965.3175 859.7899 1.6934 0.6666 1.0587 -0.2899 4.6439 30.1191 1.6473 0.1814
Car -1 -1 -1.4547 681.7173 776.9221 756.9260 844.8301 1.6110 1.8218 3.7460 -7.3786 6.4708 45.9017 -1.6050 0.9192
Car -1 -1 -1.4485 619.9328 776.2709 728.4468 869.1202 1.4581 1.7850 3.5918 -5.9514 4.8184 31.3511 -1.6309 0.8987
Car -1 -1 2.0782 54.3843 757.5624 237.7912 848.0206 1.5048 1.7365 4.2489 -18.0005 4.6445 33.2604 1.5789 0.8728
Car -1 -1 -0.2500 0.0000 0.0000 1936.0000 1216.0000 1.5720 1.7573 4.0032 -2.6902 1.5644 1.9566 -1.6003 0.8187
Car -1 -1 2.1291 0.0000 769.7292 75.5884 884.2075 1.4380 1.7063 4.1434 -17.5404 4.1809 26.2166 1.5295 0.7851
Car -1 -1 1.9824 198.9128 785.4100 334.0940 866.1704 1.5686 1.6653 4.3198 -18.4241 6.0814 39.8689 1.5517 0.6285
Car -1 -1 1.9001 301.7166 781.2318 404.6281 850.5729 1.6405 1.7325 4.1235 -19.0255 6.7702 46.9665 1.5202 0.3306
Car -1 -1 -1.4404 565.5588 762.1755 705.1922 893.4219 1.5779 1.6980 3.5747 -5.0780 3.9231 23.6980 -1.6509 0.1138
