Pedestrian -1 -1 1.2052 1324.5610 682.4390 1512.0687 1099.3513 1.7118 0.6271 0.6455 1.9827 1.9764 6.5542 1.5765 0.7152
Pedestrian -1 -1 -1.5997 875.4657 776.3146 900.2068 849.4261 1.6951 0.5889 0.5815 -1.7831 5.3986 36.2668 -1.6378 0.5519
Pedestrian -1 -1 1.5913 972.8639 770.5191 1008.1761 871.4569 1.7625 0.6295 0.9394 0.5530 4.5364 28.0007 1.6243 0.5248
Pedestrian -1 -1 -1.5308 914.0129 780.6298 937.6154 849.6426 1.6042 0.5455 0.5233 -0.8574 5.4070 36.2473 -1.5426 0.4021
Pedestrian -1 -1 -1.7123 311.9708 707.8983 464.5264 1035.1610 1.2713 0.4466 0.8295 -2.5080 1.6590 6.5160 -2.1622 0.1165
Pedestrian -1 -1 -1.2262 194.3873 640.4911 381.1988 1032.6367 1.3457 0.4810 0.7180 -2.4798 1.4078 5.5616 -1.7615 0.1164
Pedestrian -1 -1 1.4467 1353.5970 779.1141 1435.6652 972.4023 1.7861 0.7274 0.6261 4.2779 3.3511 14.7982 1.7642 0.1151
Pedestrian -1 -1 -2.9127 1371.6112 765.5485 1490.7695 1018.0524 1.3445 0.4913 0.5450 2.7406 2.1976 8.7154 -2.5479 0.1137
Cyclist -1 -1 -1.4392 830.1876 741.5731 914.2192 896.4985 1.7652 0.8355 1.9115 -1.1362 3.3643 19.5107 -1.4901 0.5254
Car -1 -1 -1.4715 652.8905 770.6118 762.0986 871.1783 1.5232 1.7776 3.6611 -5.0195 4.6280 29.9836 -1.6318 0.9210
Car -1 -1 -1.4918 718.1459 770.4891 791.6846 840.3510 1.6023 1.8350 4.0070 -6.1408 6.1694 44.8667 -1.6185 0.9067
Car -1 -1 -1.4482 682.4895 769.7695 778.2365 852.2977 1.5401 1.8310 3.9564 -5.6362 5.3098 36.9164 -1.5920 0.9040
Car -1 -1 -1.4016 580.5068 768.2357 743.8275 908.3524 1.5584 1.7757 3.7152 -4.3679 3.8807 22.3513 -1.5937 0.6018
Car -1 -1 2.0828 30.2856 785.6203 224.5004 888.4457 1.5211 1.6810 4.0891 -16.9127 5.0265 30.5688 1.5736 0.2771
Car -1 -1 1.9755 151.3546 771.1542 290.2558 853.8471 1.7009 1.8393 4.2691 -20.0252 5.8894 40.6478 1.5194 0.1861
Car -1 -1 1.9453 238.9190 771.4141 370.3486 849.1906 1.5534 1.7693 4.3355 -17.6188 5.7216 40.3461 1.5357 0.1639
