Pedestrian -1 -1 1.3926 1116.9196 720.6170 1233.9674 1021.9384 1.7254 0.6191 0.6157 1.2868 2.3256 9.0689 1.5660 0.6598
Pedestrian -1 -1 1.6117 920.6030 770.2739 954.8155 860.3918 1.7122 0.6476 0.9706 -0.4754 4.7267 30.5129 1.6078 0.5959
Pedestrian -1 -1 -1.5623 835.1962 788.5849 859.0924 859.7571 1.7101 0.5881 0.5491 -2.8642 5.8533 37.5618 -1.6279 0.5459
Pedestrian -1 -1 -3.3066 1210.8715 779.2072 1302.2388 948.6750 1.2201 0.5154 0.6301 2.2719 2.4404 11.5488 -3.0781 0.1436
Pedestrian -1 -1 1.6080 398.7411 746.2055 501.2531 1005.9780 1.2468 0.5003 0.8413 -2.7764 1.9435 8.1073 1.2243 0.1093
Cyclist -1 -1 -1.4690 802.1881 744.9172 885.0058 902.5321 1.7502 0.8502 1.8813 -1.4702 3.3524 19.0106 -1.5404 0.5629
Cyclist -1 -1 1.6052 919.8893 771.8270 953.8870 861.0334 1.6969 0.6507 0.9537 -0.4926 4.7449 30.5360 1.6008 0.1495
Car -1 -1 -0.3711 0.0000 576.0103 323.3112 1216.0000 1.6214 1.7729 4.0626 -2.7072 1.6122 2.3319 -1.5950 0.8789
Car -1 -1 -1.4435 673.5175 777.5931 750.9276 844.3871 1.5798 1.8507 3.7429 -7.6014 6.4641 45.9386 -1.5985 0.8506
Car -1 -1 -1.4532 613.3267 774.3551 721.5897 867.4466 1.4702 1.8018 3.7027 -6.1507 4.8250 31.6579 -1.6399 0.8058
Car -1 -1 -1.5285 649.7225 773.3683 726.1404 852.3683 1.5418 1.7478 3.7075 -6.9822 5.5552 38.4731 -1.7008 0.7873
Car -1 -1 2.0307 53.3700 758.2184 227.6423 850.1160 1.5368 1.7146 4.2238 -18.1967 4.7043 33.3829 1.5285 0.6854
Car -1 -1 2.1151 0.0000 771.0395 65.5077 887.2250 1.4481 1.7207 4.0966 -17.5704 4.1946 26.0085 1.5108 0.6750
Car -1 -1 1.9658 185.6376 781.4137 319.2677 862.2592 1.5591 1.6421 4.3256 -18.6445 5.9277 39.5433 1.5270 0.5499
Car -1 -1 1.9155 298.9799 775.5730 405.5187 841.9176 1.5668 1.7940 4.0873 -18.9917 6.4928 46.8159 1.5347 0.1069
