Pedestrian -1 -1 -1.5598 870.5649 776.2704 896.8454 850.4288 1.7291 0.6275 0.6483 -1.8936 5.4639 36.5635 -1.6005 0.6713
Pedestrian -1 -1 1.5962 965.0120 769.9577 1000.4395 865.2917 1.6840 0.6366 0.9417 0.4126 4.4846 28.3850 1.6237 0.5230
Pedestrian -1 -1 1.2292 1291.4218 696.7075 1459.9486 1085.9924 1.6885 0.6022 0.6323 1.9003 2.0361 6.9216 1.5652 0.5221
Pedestrian -1 -1 -1.5355 912.7418 780.9164 934.8846 847.0506 1.5528 0.5184 0.4915 -0.9138 5.3925 36.5517 -1.5487 0.3353
Pedestrian -1 -1 -3.1434 1355.0258 759.0579 1471.6439 969.9159 1.1668 0.5214 0.6502 2.7515 2.0138 9.0850 -2.7924 0.2478
Pedestrian -1 -1 -1.3856 934.4073 783.6296 957.1822 844.6837 1.4263 0.4640 0.5414 -0.3797 5.3709 36.8532 -1.3836 0.1977
Pedestrian -1 -1 -1.2900 261.4207 665.0067 416.8940 1014.9048 1.2816 0.4570 0.6616 -2.4493 1.4508 5.9342 -1.7823 0.1466
Pedestrian -1 -1 -3.0158 1383.6287 739.9633 1506.9059 995.5420 1.3257 0.5043 0.5772 2.7353 2.0029 8.4412 -2.6386 0.1102
Cyclist -1 -1 -1.4539 824.6546 745.7018 904.8655 897.9923 1.7242 0.8123 1.8654 -1.2279 3.3688 19.4030 -1.5103 0.5445
Cyclist -1 -1 1.5983 964.2658 770.1807 1000.2717 865.5822 1.6847 0.6458 0.9624 0.4046 4.4944 28.4233 1.6254 0.1349
Car -1 -1 -1.4785 678.5483 775.1226 768.7716 858.1984 1.5372 1.8143 3.9683 -5.8256 5.4632 37.0507 -1.6267 0.9313
Car -1 -1 -1.4852 709.7607 776.5331 783.8378 845.7081 1.5844 1.8384 3.8678 -6.3879 6.3355 44.8823 -1.6172 0.9181
Car -1 -1 -1.4680 644.7641 771.8545 755.1628 872.5767 1.5312 1.7986 3.7020 -5.2056 4.6854 30.1934 -1.6333 0.8873
Car -1 -1 2.0456 53.2199 789.3372 244.1641 895.2713 1.6039 1.7162 4.4896 -17.2058 5.3639 31.9314 1.5490 0.6509
Car -1 -1 -1.4135 574.5543 771.1141 735.1176 910.0475 1.5516 1.7978 3.6764 -4.5130 3.9360 22.5149 -1.6106 0.3517
Car -1 -1 1.9026 238.7656 779.4769 362.2019 861.4066 1.6127 1.7142 4.1900 -17.4671 5.9426 39.7323 1.4907 0.3350
Car -1 -1 2.0879 0.0000 786.3974 67.6942 908.4753 1.3931 1.6837 4.2427 -16.9212 4.3334 25.0395 1.4830 0.1041
