Pedestrian -1 -1 1.4064 1069.5833 717.9388 1183.0205 1010.0272 1.7853 0.6373 0.7620 1.0652 2.4181 9.7800 1.5407 0.7768
Pedestrian -1 -1 1.6458 899.7194 779.9630 935.0739 866.6481 1.7119 0.6774 0.7733 -0.9166 5.0086 31.3885 1.6280 0.7171
Pedestrian -1 -1 -2.1123 817.2122 798.9841 850.1863 868.2089 1.6329 0.6046 0.6118 -3.2283 6.0866 37.8340 -2.1870 0.6050
Pedestrian -1 -1 -2.5019 211.6087 763.4540 388.5966 1029.3936 1.3959 0.5922 0.7204 -3.7744 2.2224 8.5683 -2.9747 0.2763
Pedestrian -1 -1 1.4120 390.6164 755.2808 502.7380 997.0490 1.2485 0.4497 0.8708 -3.0170 2.0532 8.7396 1.0317 0.1151
Cyclist -1 -1 -1.5488 791.8445 755.3441 856.7962 915.1417 1.7395 0.7617 1.8957 -1.7036 3.4669 18.8328 -1.6341 0.4607
Cyclist -1 -1 -1.4922 421.5502 759.6954 511.5396 1011.7521 1.2913 0.4667 0.9583 -2.8784 2.1272 8.7485 -1.8554 0.1406
Car -1 -1 -0.5869 0.0000 630.8193 391.0900 1216.0000 1.6233 1.7754 3.9634 -2.7295 1.6433 3.0209 -1.6100 0.9238
Car -1 -1 -1.4683 662.7748 785.4249 733.8349 851.6418 1.5784 1.7852 3.7244 -8.1909 6.8117 46.8395 -1.6324 0.9180
Car -1 -1 -1.5049 635.3173 783.7646 714.7990 859.1113 1.4618 1.7671 3.6172 -7.3971 5.7973 38.9135 -1.6854 0.8688
Car -1 -1 2.0812 30.2201 759.3774 208.8167 848.6332 1.5169 1.7092 4.1312 -18.8529 4.7345 33.7137 1.5682 0.8499
Car -1 -1 -1.4633 598.9526 777.2486 704.6362 871.6739 1.5053 1.8034 3.7707 -6.5776 4.9770 32.1190 -1.6603 0.7788
Car -1 -1 2.0352 165.0322 767.4963 305.5389 842.3013 1.4772 1.6642 4.1096 -19.0705 5.4391 39.4812 1.5861 0.6450
