Pedestrian -1 -1 1.3815 1088.5508 719.2429 1203.5323 1017.7109 1.7709 0.6144 0.7266 1.1584 2.3930 9.4853 1.5314 0.5699
Pedestrian -1 -1 -1.7276 827.0948 797.6284 852.5778 864.8879 1.6055 0.5648 0.5693 -3.0705 6.0098 37.7903 -1.7982 0.5310
Pedestrian -1 -1 1.6723 906.7481 770.8909 943.1719 860.1948 1.7153 0.6438 1.0261 -0.7475 4.7970 31.0277 1.6597 0.4188
Pedestrian -1 -1 0.6224 204.0148 725.2238 390.1441 993.9627 1.3933 0.5471 0.7743 -3.6830 1.9735 8.3226 0.1433 0.1269
Pedestrian -1 -1 1.5339 1213.6476 772.7878 1265.0271 919.3984 1.7643 0.6323 0.5634 3.5276 3.6757 18.9966 1.7418 0.1089
Cyclist -1 -1 -1.4794 792.8481 749.8625 872.8486 910.3972 1.7737 0.8290 1.8932 -1.6027 3.4372 18.9559 -1.5584 0.5517
Cyclist -1 -1 1.6433 906.3874 772.4073 942.3795 861.4454 1.7023 0.6583 1.0523 -0.7572 4.8081 30.9414 1.6303 0.1428
Car -1 -1 -0.5027 0.0000 626.8322 363.7435 1216.0000 1.6114 1.7702 3.8769 -2.7197 1.6175 2.7599 -1.5973 0.9210
Car -1 -1 2.0721 37.8983 760.9528 215.7501 850.6135 1.5107 1.7100 4.1357 -18.6070 4.7534 33.5678 1.5628 0.8933
Car -1 -1 -1.4587 606.9578 773.0882 713.0580 867.5846 1.5044 1.7805 3.7468 -6.3424 4.8501 31.8249 -1.6504 0.8931
Car -1 -1 -1.4376 670.0687 780.9056 745.4085 847.4654 1.6055 1.8109 3.6500 -7.8498 6.6571 46.5766 -1.5955 0.8912
Car -1 -1 2.1315 0.0000 763.2372 58.7015 873.3918 1.4527 1.7739 3.9432 -18.1722 4.1159 26.7796 1.5255 0.8647
Car -1 -1 2.0086 166.4856 766.7404 303.3156 842.4829 1.4937 1.6402 4.0989 -18.9763 5.4131 39.2627 1.5592 0.4839
