Pedestrian -1 -1 -1.6274 905.2398 774.9969 932.6763 853.1583 1.7175 0.6048 0.5454 -0.9724 5.1882 34.2850 -1.6442 0.6643
Pedestrian -1 -1 1.5759 927.1238 773.5020 945.0804 825.7612 1.6915 0.5941 0.5697 -0.8451 6.7194 50.3119 1.5716 0.5232
Pedestrian -1 -1 0.1121 753.3620 776.7997 778.2640 830.3612 1.6271 0.7595 0.7050 -6.2681 6.5398 47.9819 -0.0079 0.3596
Pedestrian -1 -1 1.5214 1020.3447 765.7013 1062.2874 880.1812 1.7051 0.6409 1.1889 1.2949 4.0544 24.3509 1.5894 0.3456
Pedestrian -1 -1 -1.4245 977.4497 786.2798 1001.0963 844.5012 1.2834 0.4612 0.6486 0.6635 5.1338 35.3204 -1.3925 0.2058
Pedestrian -1 -1 1.5445 910.5233 771.3386 927.9697 825.5282 1.7435 0.5760 0.5956 -1.4096 6.6798 50.0998 1.5287 0.1825
Pedestrian -1 -1 0.8158 1935.7299 608.4012 1936.0000 1216.0000 1.6935 0.6374 0.5512 2.4374 1.6639 3.0194 1.7996 0.1791
Pedestrian -1 -1 -1.4163 964.3337 777.9539 991.5787 852.7268 1.5881 0.5105 0.6569 0.3778 5.0689 33.6403 -1.3921 0.1515
Pedestrian -1 -1 -1.5189 949.9864 779.9073 974.5285 851.0211 1.5531 0.5265 0.5860 0.0249 5.1425 34.3192 -1.5056 0.1322
Pedestrian -1 -1 1.8072 590.6697 742.2937 673.7368 925.8820 1.5310 0.5970 0.5918 -2.8854 2.5867 13.1500 1.5777 0.1292
Cyclist -1 -1 -1.4342 835.6331 741.8915 917.4182 888.0677 1.7310 0.8412 1.8852 -1.1228 3.3915 20.2482 -1.4819 0.5261
Cyclist -1 -1 1.4998 1018.2612 770.9165 1062.7579 885.1018 1.6875 0.6533 1.2517 1.2799 4.1244 24.3311 1.5672 0.1986
Car -1 -1 -1.4356 656.2542 774.7153 780.1743 883.7870 1.5014 1.7453 3.5743 -4.3691 4.4212 27.3414 -1.5891 0.9443
Car -1 -1 -1.4729 699.9225 774.5922 794.4942 862.1894 1.5195 1.7540 3.5685 -4.8029 5.0999 33.9544 -1.6058 0.9259
Car -1 -1 -1.4691 725.7570 776.4492 805.8943 848.1586 1.5227 1.8069 3.8549 -5.4257 5.9672 41.9132 -1.5886 0.9107
Car -1 -1 -1.3386 439.5599 735.1835 715.0684 959.7637 1.5270 1.6753 3.7054 -3.3902 2.6882 13.8753 -1.5921 0.2581
Car -1 -1 1.9687 290.2346 792.9958 418.8259 866.8593 1.4959 1.8514 4.1837 -16.9480 6.4531 41.9924 1.5890 0.1570
Car -1 -1 2.5238 0.0000 634.2017 472.0164 1216.0000 1.4756 1.7511 4.1522 -2.9136 1.5123 3.7737 1.6425 0.1465
Car -1 -1 2.1209 25.0119 754.5993 244.4039 856.9752 1.5122 1.7778 4.5322 -16.5445 4.3337 30.2285 1.6148 0.1331
Car -1 -1 -1.3599 551.0056 766.6237 750.6552 925.0630 1.5249 1.8109 3.7021 -3.9422 3.5571 19.5826 -1.5603 0.1230
Car -1 -1 -1.4172 763.4860 775.8651 834.6381 835.6971 1.5465 1.7853 3.7988 -5.4258 6.8337 50.4271 -1.5138 0.1130
Car -1 -1 2.2442 42.0109 752.3035 225.3344 832.3349 1.5863 1.8068 4.5473 -21.8178 5.1687 39.6560 1.7409 0.1127
