Pedestrian -1 -1 1.5853 1007.7068 771.4507 1047.1053 880.9582 1.7419 0.6457 0.8904 1.1336 4.2875 25.5079 1.6441 0.6508
Pedestrian -1 -1 -1.5723 894.1776 780.6642 920.5495 857.1903 1.7152 0.6111 0.5673 -1.2590 5.3908 34.9964 -1.5968 0.6019
Pedestrian -1 -1 0.9988 1571.4281 586.3715 1900.9064 1216.0000 1.7731 0.6384 0.6783 2.2228 1.6699 4.3666 1.6433 0.5905
Pedestrian -1 -1 -1.4520 950.3212 783.0036 975.3612 855.1504 1.6088 0.5211 0.5187 0.0385 5.3313 34.9176 -1.4382 0.2894
Pedestrian -1 -1 0.4165 1316.0192 743.4272 1420.1637 944.9803 1.5354 0.6800 0.5921 3.3681 2.5519 12.3734 0.7227 0.2546
Pedestrian -1 -1 1.8067 907.4194 779.4780 928.9321 832.9352 1.7569 0.6104 0.6131 -1.4862 7.1316 51.6302 1.7904 0.1235
Pedestrian -1 -1 -1.7651 470.7198 788.3310 498.4848 855.3500 1.8540 0.6842 0.5411 -13.9383 6.6766 43.7267 -2.0678 0.1064
Pedestrian -1 -1 -1.5524 926.0324 790.2909 950.0297 860.1784 1.5665 0.5458 0.4760 -0.5406 5.4541 34.9087 -1.5557 0.1053
Cyclist -1 -1 -1.4603 833.4405 746.7318 912.6372 898.2640 1.7653 0.8357 1.8905 -1.1527 3.4695 19.9486 -1.5105 0.4465
Cyclist -1 -1 1.6092 1005.9250 771.5104 1046.5884 880.8845 1.7343 0.6452 0.9382 1.1160 4.2877 25.5462 1.6672 0.1083
Car -1 -1 -1.4786 727.0793 781.1896 802.3312 852.6705 1.5710 1.7726 3.7326 -5.6074 6.2649 43.0227 -1.5986 0.9365
Car -1 -1 -1.4407 655.2958 779.7980 776.1091 886.6935 1.5196 1.7824 3.6218 -4.5897 4.6512 28.4013 -1.5954 0.9363
Car -1 -1 -1.4755 693.8513 780.5148 785.4114 866.5981 1.5145 1.7437 3.7097 -5.1346 5.3570 35.0350 -1.6132 0.9034
Car -1 -1 2.1858 0.0000 759.5626 54.6656 894.3355 1.4937 1.7018 4.1571 -15.9369 3.7374 22.8296 1.5618 0.4024
Car -1 -1 -1.4009 571.2144 775.8465 747.9900 929.1918 1.5557 1.7851 3.6958 -4.0693 3.8358 20.7202 -1.5950 0.3278
Car -1 -1 1.9431 304.6892 792.8137 427.0896 865.7585 1.5150 1.8339 4.2067 -16.9728 6.5623 42.8481 1.5703 0.1420
Car -1 -1 2.0473 23.0711 768.1519 227.4649 872.7100 1.4584 1.7254 4.1399 -15.9071 4.4099 28.7116 1.5352 0.1385
