Pedestrian -1 -1 1.0948 1430.9962 643.6535 1695.3718 1182.4175 1.7640 0.6616 0.6966 2.0923 1.8346 5.2763 1.5917 0.7623
Pedestrian -1 -1 -1.5711 886.9107 781.5972 913.5861 857.9378 1.7358 0.6273 0.5947 -1.4486 5.4948 35.5678 -1.6004 0.6722
Pedestrian -1 -1 1.6276 992.8843 772.8241 1030.7115 878.8074 1.7397 0.6029 0.9583 0.9001 4.4088 26.4744 1.6755 0.5146
Pedestrian -1 -1 -1.4685 949.9833 785.3364 973.1345 852.7481 1.5184 0.4851 0.5969 0.0089 5.3675 35.5529 -1.4556 0.2288
Pedestrian -1 -1 -3.3290 1414.0209 720.0059 1537.4655 978.1697 1.3142 0.4959 0.5803 2.7878 1.8512 8.1399 -2.9300 0.1074
Cyclist -1 -1 -1.4972 826.9733 744.1774 898.8132 892.2721 1.7312 0.8063 1.8534 -1.2882 3.3944 19.9181 -1.5548 0.5022
Cyclist -1 -1 1.6323 991.1266 775.3564 1029.7383 879.9480 1.7122 0.6112 0.9936 0.8779 4.4339 26.5248 1.6792 0.1075
Car -1 -1 -1.4686 722.2333 776.6536 797.1055 846.5377 1.5786 1.7654 3.6332 -5.8299 6.1879 43.5865 -1.5921 0.9229
Car -1 -1 -1.4450 656.1740 774.9377 773.3149 879.1418 1.5283 1.7795 3.6698 -4.7327 4.6398 29.1513 -1.6004 0.9126
Car -1 -1 -1.4691 691.3580 778.0746 780.6757 862.1969 1.5355 1.7250 3.5474 -5.3201 5.3748 35.6777 -1.6094 0.8664
Car -1 -1 2.1664 0.0000 735.3588 70.9095 859.9410 1.5220 1.6992 4.0927 -16.3210 3.4455 23.9815 1.5548 0.3427
Car -1 -1 -1.3917 567.6654 777.0782 744.5024 926.7910 1.5561 1.8072 3.8214 -4.2501 3.9282 21.3842 -1.5876 0.2754
Car -1 -1 2.0808 24.6366 771.3751 227.3029 876.0519 1.5762 1.8113 4.1235 -16.8137 4.7512 30.3522 1.5704 0.2385
Car -1 -1 2.0113 219.6558 775.3177 364.3597 855.2014 1.4991 1.7443 4.1616 -16.9395 5.5400 38.0740 1.5940 0.2367
