Pedestrian -1 -1 1.0184 1468.6698 640.2817 1775.2097 1216.0000 1.7741 0.6586 0.7545 2.1031 1.8279 4.8478 1.5670 0.6709
Pedestrian -1 -1 -1.5772 891.4403 780.8456 918.4176 857.8367 1.7374 0.6310 0.5940 -1.3283 5.4503 35.2978 -1.6034 0.5623
Pedestrian -1 -1 1.6247 1002.4414 775.8022 1041.0074 881.2487 1.7012 0.6096 0.8906 1.0548 4.3692 25.9641 1.6796 0.3954
Pedestrian -1 -1 0.4621 1314.2201 748.2097 1420.1478 947.1940 1.5518 0.6787 0.6171 3.4453 2.6359 12.6893 0.7667 0.2169
Pedestrian -1 -1 -1.4700 948.9573 789.4162 973.0577 857.9868 1.5330 0.5059 0.5799 -0.0042 5.4481 35.2708 -1.4574 0.1916
Pedestrian -1 -1 0.1496 773.2299 786.8824 792.9825 835.4120 1.5522 0.6090 0.5693 -5.9859 7.0305 50.2595 0.0416 0.1108
Pedestrian -1 -1 -1.5876 925.6652 790.6536 949.6361 861.2394 1.5944 0.5607 0.4986 -0.5576 5.5280 35.2333 -1.5912 0.1064
Cyclist -1 -1 -1.4687 828.9673 750.9767 903.9200 899.4614 1.7323 0.8003 1.8606 -1.2457 3.4989 20.0054 -1.5236 0.4647
Car -1 -1 -1.5011 725.0078 780.1053 797.8467 852.4626 1.6022 1.7938 3.7448 -5.7335 6.2903 43.2542 -1.6234 0.9260
Car -1 -1 -1.4553 658.5577 780.4015 774.9001 885.8301 1.5166 1.7772 3.5809 -4.6247 4.6922 28.7155 -1.6094 0.9260
Car -1 -1 -1.4842 699.2177 782.0408 786.8451 867.3635 1.5357 1.7213 3.5591 -5.1184 5.4508 35.4386 -1.6196 0.8010
Car -1 -1 1.9966 219.1333 785.2955 360.4541 867.9857 1.5396 1.7149 4.0939 -16.9041 5.8208 37.8624 1.5783 0.4008
Car -1 -1 2.1015 23.9773 777.6702 226.2835 882.5928 1.5565 1.7329 4.1251 -16.8143 4.8664 30.3203 1.5908 0.2369
