Pedestrian -1 -1 -1.5540 910.3481 775.1353 937.9294 856.0025 1.7448 0.6044 0.6092 -0.8342 5.1619 33.7076 -1.5671 0.7022
Pedestrian -1 -1 1.5632 1036.2517 773.7118 1077.7439 890.6551 1.6626 0.6274 1.0371 1.4874 4.0226 23.1755 1.6429 0.5095
Pedestrian -1 -1 1.6077 930.3425 777.3787 948.2891 829.8199 1.6591 0.5643 0.5662 -0.7223 6.7166 49.3084 1.6057 0.4596
Pedestrian -1 -1 1.5738 998.1580 773.9994 1031.6040 880.6798 1.6243 0.5262 0.6360 0.8647 4.0530 24.0280 1.6237 0.2220
Pedestrian -1 -1 -1.5316 980.2031 784.1290 1001.5190 844.6011 1.3271 0.4647 0.6444 0.6934 5.0832 34.9378 -1.4985 0.2217
Pedestrian -1 -1 1.8483 608.9589 761.9819 690.8554 944.0453 1.4668 0.5576 0.5642 -2.6569 2.6671 12.7956 1.6308 0.1175
Pedestrian -1 -1 -1.4853 951.3240 783.6541 977.5665 857.5092 1.6172 0.5524 0.5305 0.0748 5.2885 34.2911 -1.4704 0.1046
Pedestrian -1 -1 2.2547 242.6629 740.3537 389.3160 981.6674 1.7500 0.6705 0.8787 -5.0911 2.7032 11.8380 1.8146 0.1025
Pedestrian -1 -1 2.2159 195.6523 735.6304 335.0442 992.2265 1.7406 0.5913 0.7710 -5.0781 2.5829 10.9453 1.7406 0.1004
Cyclist -1 -1 -1.4741 844.0773 748.1158 916.2092 889.6135 1.6972 0.7966 1.8791 -1.0936 3.4708 20.5662 -1.5192 0.5332
Cyclist -1 -1 1.5565 1034.8470 775.0241 1077.0710 891.8301 1.6544 0.6376 1.0694 1.4668 4.0351 23.1602 1.6353 0.1948
Car -1 -1 -1.4340 652.9958 778.6268 779.4969 890.1956 1.4890 1.7343 3.4864 -4.2779 4.4004 26.5635 -1.5890 0.9445
Car -1 -1 -1.4666 697.5034 775.4755 794.6193 865.8640 1.5284 1.7375 3.5969 -4.7165 5.0535 33.1859 -1.6004 0.9257
Car -1 -1 -1.4583 734.0772 776.3479 815.8946 849.0546 1.5279 1.7851 3.7211 -5.0616 5.8729 41.0424 -1.5717 0.8637
Car -1 -1 -1.3750 554.7160 764.4008 754.5655 930.4852 1.5426 1.7637 3.8542 -3.7790 3.5004 19.0590 -1.5728 0.3297
Car -1 -1 2.0496 308.0263 772.9572 447.7339 849.4184 1.5852 1.8104 4.4669 -16.4080 6.0043 42.3138 1.6834 0.1366
