Pedestrian -1 -1 1.5420 1015.8534 769.1728 1055.8047 881.9363 1.7233 0.6456 1.0519 1.2275 4.1644 24.7656 1.6062 0.6130
Pedestrian -1 -1 -1.6167 899.7409 777.6951 926.3120 855.2716 1.7142 0.5943 0.5719 -1.1171 5.2759 34.5531 -1.6375 0.5653
Pedestrian -1 -1 1.6381 918.4242 774.1002 936.4302 827.4070 1.7328 0.5639 0.6065 -1.1460 6.8244 50.7144 1.6280 0.4528
Pedestrian -1 -1 0.8668 1794.0027 576.7560 1936.0000 1216.0000 1.7510 0.6370 0.5293 2.3367 1.6517 3.3954 1.7308 0.4425
Pedestrian -1 -1 -1.5229 950.3750 783.1522 974.1888 852.1078 1.5061 0.5119 0.6552 0.0258 5.2017 34.5793 -1.5095 0.2078
Pedestrian -1 -1 -1.4346 965.9401 790.5264 989.6603 851.1832 1.3539 0.4786 0.6128 0.3953 5.3325 35.5818 -1.4105 0.1606
Pedestrian -1 -1 1.7313 934.8082 776.8471 953.0417 824.9288 1.5615 0.5401 0.4987 -0.5867 6.7412 50.6878 1.7324 0.1340
Cyclist -1 -1 -1.4296 833.6817 740.4895 918.1558 890.2267 1.7660 0.8600 1.9222 -1.1255 3.4024 20.1737 -1.4777 0.4914
Cyclist -1 -1 1.5315 1014.0609 770.8569 1054.9010 882.7753 1.7114 0.6500 1.0405 1.2055 4.1808 24.7731 1.5948 0.1757
Car -1 -1 -1.4397 655.4282 777.5514 778.3546 885.7917 1.5033 1.7671 3.5694 -4.4467 4.5116 27.6652 -1.5939 0.9452
Car -1 -1 -1.4784 727.1252 779.5579 804.8961 851.4669 1.5349 1.7928 3.8540 -5.4672 6.1072 42.2608 -1.5977 0.9297
Car -1 -1 -1.4498 697.2783 777.5687 794.8998 864.0837 1.5074 1.7609 3.6123 -4.8742 5.1932 34.2864 -1.5834 0.9136
Car -1 -1 -1.4560 763.3451 781.4186 829.1411 841.2086 1.5617 1.7650 3.7497 -5.5695 7.0806 50.8407 -1.5544 0.2760
Car -1 -1 2.1050 34.7819 755.9432 243.1028 851.5679 1.4372 1.7460 4.4714 -16.8571 4.3463 30.9356 1.6011 0.2542
Car -1 -1 1.9436 280.3463 799.2811 407.3584 874.3250 1.5081 1.8723 4.2191 -17.2639 6.6569 42.0334 1.5580 0.1396
Car -1 -1 -1.3819 555.9255 772.6063 745.7428 928.2374 1.5141 1.8016 3.6719 -4.0136 3.6619 19.8993 -1.5823 0.1245
Car -1 -1 2.2237 60.6720 755.6122 241.4771 834.7070 1.5676 1.8486 4.5680 -21.5311 5.2718 39.9775 1.7297 0.1180
Car -1 -1 2.3988 0.0000 647.4256 491.6133 1216.0000 1.4158 1.7245 4.1934 -2.8418 1.5092 4.0900 1.5910 0.1125
