Pedestrian -1 -1 1.5494 1010.7013 769.3853 1049.7506 878.4839 1.7162 0.6449 0.8700 1.1567 4.1900 25.1570 1.6098 0.7184
Pedestrian -1 -1 -1.5597 896.0722 778.1479 922.8146 855.4600 1.7269 0.6102 0.5842 -1.2060 5.3310 34.8730 -1.5828 0.6406
Pedestrian -1 -1 0.9832 1671.9802 610.8981 1936.0000 1216.0000 1.7491 0.6490 0.6376 2.3192 1.7156 3.9424 1.7227 0.5618
Pedestrian -1 -1 1.6294 910.0529 778.8676 927.7337 831.4692 1.7275 0.5643 0.6083 -1.4514 7.0394 51.2769 1.6135 0.5171
Pedestrian -1 -1 2.1001 0.0000 661.0017 151.0650 1037.2484 1.8868 0.7429 0.9358 -4.9830 2.0944 8.0978 1.4727 0.2206
Pedestrian -1 -1 -1.5057 950.0284 785.2467 974.0513 853.0232 1.4829 0.5064 0.7096 0.0206 5.2607 34.8599 -1.4925 0.1802
Pedestrian -1 -1 1.7037 926.2734 780.6026 943.6680 829.6370 1.6054 0.5266 0.4996 -0.8962 6.9478 51.0297 1.6987 0.1657
Pedestrian -1 -1 1.5069 1339.6312 773.7129 1415.6045 976.5091 1.6854 0.6352 0.5355 3.6830 3.0384 13.2598 1.8162 0.1241
Pedestrian -1 -1 -1.4866 937.7001 790.3191 962.3121 857.3652 1.5066 0.5294 0.5939 -0.2652 5.4689 35.5008 -1.4816 0.1074
Cyclist -1 -1 -1.4384 832.8812 742.9340 914.2357 891.0684 1.7484 0.8381 1.8952 -1.1595 3.4193 20.1901 -1.4882 0.4760
Cyclist -1 -1 1.5644 1009.4861 769.6183 1048.4498 878.4457 1.7074 0.6438 0.9113 1.1438 4.1909 25.1905 1.6242 0.1193
Car -1 -1 -1.4330 651.5389 779.8994 775.0310 886.7886 1.4960 1.7782 3.5700 -4.5615 4.5804 27.9565 -1.5895 0.9351
Car -1 -1 -1.4850 726.2130 780.0068 802.0845 851.0076 1.5276 1.7841 3.8445 -5.5732 6.1544 42.6567 -1.6055 0.9327
Car -1 -1 -1.4580 695.1042 779.3468 791.5845 865.9219 1.5031 1.7664 3.7750 -4.9914 5.2811 34.6740 -1.5932 0.8973
Car -1 -1 -1.4040 566.7822 772.3257 746.8129 926.3437 1.5333 1.7964 3.6617 -4.0210 3.7174 20.2985 -1.6003 0.3819
Car -1 -1 2.2398 0.0000 749.7333 49.4529 885.2003 1.4910 1.7432 4.1753 -15.9101 3.5447 22.4836 1.6084 0.2843
Car -1 -1 2.1074 56.7463 754.2719 260.6338 849.5822 1.4728 1.7366 4.5161 -16.8241 4.4077 31.6304 1.6143 0.1853
Car -1 -1 1.9689 286.2000 797.9846 415.1901 873.1937 1.5343 1.8637 4.2987 -17.3155 6.7196 42.6357 1.5875 0.1219
