Pedestrian -1 -1 -1.6201 907.4913 773.2654 935.2714 852.1877 1.7172 0.6101 0.5801 -0.9097 5.1222 34.0105 -1.6352 0.7124
Pedestrian -1 -1 1.5863 928.3853 772.7408 946.7709 824.9920 1.6709 0.5957 0.5658 -0.7862 6.6155 49.7289 1.5830 0.5468
Pedestrian -1 -1 0.0710 754.4531 779.8527 777.8226 838.5887 1.7642 0.7587 0.6753 -6.1819 6.7167 47.4001 -0.0487 0.3266
Pedestrian -1 -1 1.5394 1030.5222 767.1504 1072.4056 881.7751 1.6674 0.6458 1.1237 1.4247 3.9820 23.7573 1.6146 0.2929
Pedestrian -1 -1 -1.4034 977.3447 784.8017 1002.3480 844.2705 1.3073 0.4801 0.6459 0.6748 5.1097 35.1968 -1.3710 0.1626
Pedestrian -1 -1 0.6949 0.0000 643.4653 220.1727 1026.2949 1.4633 0.6834 0.5834 -3.5001 1.5436 6.1099 0.0616 0.1313
Pedestrian -1 -1 -1.4481 964.8337 777.4319 991.6616 848.7264 1.5070 0.5123 0.7124 0.3850 4.9809 33.6683 -1.4238 0.1259
Pedestrian -1 -1 1.8534 620.7361 744.3288 700.8761 924.8362 1.5036 0.5634 0.5514 -2.6340 2.5769 13.1437 1.6439 0.1145
Cyclist -1 -1 -1.4670 842.4788 743.3145 915.9051 886.0559 1.7125 0.7983 1.8841 -1.1028 3.4124 20.5036 -1.5129 0.5243
Cyclist -1 -1 1.5318 1028.6857 768.3046 1072.0857 884.0456 1.6790 0.6599 1.1460 1.4054 4.0103 23.7266 1.6062 0.2034
Car -1 -1 -1.4343 653.0756 775.6161 777.5704 884.9534 1.4871 1.7314 3.4529 -4.3493 4.3725 26.8867 -1.5899 0.9449
Car -1 -1 -1.4690 697.3906 773.3262 793.2950 861.7967 1.5126 1.7408 3.6100 -4.7855 5.0245 33.5500 -1.6033 0.9294
Car -1 -1 -1.4723 730.2718 773.0645 812.9289 845.6951 1.5243 1.8553 3.9113 -5.1962 5.8214 41.3993 -1.5879 0.7311
Car -1 -1 2.5111 0.0000 611.4117 433.5356 1216.0000 1.5159 1.7681 4.1382 -2.9592 1.5017 3.6672 1.6001 0.1172
Car -1 -1 1.9738 288.5025 788.1720 416.5308 862.0439 1.5059 1.8161 4.1611 -16.9550 6.3063 41.8682 1.5928 0.1041
