Pedestrian -1 -1 1.1715 1349.3740 682.5111 1559.4268 1128.8195 1.7099 0.6414 0.6837 2.0075 1.9605 6.1609 1.5738 0.7386
Pedestrian -1 -1 -1.5694 884.2988 774.3513 910.3632 848.9048 1.7144 0.6186 0.6124 -1.5352 5.3406 35.9690 -1.6009 0.6302
Pedestrian -1 -1 1.5860 987.0176 772.2153 1021.0309 872.0488 1.7197 0.5998 0.7746 0.7863 4.4544 27.3564 1.6283 0.5877
Pedestrian -1 -1 1.6749 957.6512 773.9716 990.8392 866.8102 1.6642 0.5600 0.5980 0.2476 4.5087 28.2039 1.6964 0.3362
Pedestrian -1 -1 -2.8212 1394.2426 750.9502 1529.2010 1018.9969 1.3442 0.4908 0.5591 2.7491 2.0677 8.2143 -2.4316 0.3054
Pedestrian -1 -1 -1.5756 924.0723 777.8170 946.7189 847.3080 1.6047 0.5402 0.5125 -0.6199 5.3056 35.9331 -1.5809 0.2954
Pedestrian -1 -1 -1.2542 139.8567 693.4301 344.5628 1102.1472 1.2455 0.4874 0.8469 -2.4616 1.5047 5.1865 -1.8273 0.1897
Pedestrian -1 -1 -0.5841 1155.3110 749.7867 1287.1334 918.5965 1.2749 0.7972 0.7910 2.1766 2.3686 12.5778 -0.3829 0.1129
Cyclist -1 -1 -1.4495 833.9298 744.9778 917.3403 899.6576 1.7626 0.8483 1.9063 -1.0937 3.4110 19.5470 -1.4979 0.5637
Car -1 -1 -1.4562 656.5969 769.5261 769.7890 871.3987 1.5360 1.7860 3.7256 -4.8779 4.6053 29.8378 -1.6127 0.8542
Car -1 -1 -1.4761 719.7734 770.4632 793.7907 839.0129 1.5710 1.7874 3.7820 -6.0149 6.0732 44.3352 -1.6016 0.8455
Car -1 -1 1.9978 212.2069 774.3651 346.0905 852.8095 1.5222 1.6259 4.0086 -17.5488 5.5877 38.6701 1.5731 0.7095
Car -1 -1 -1.4067 579.9014 767.8988 744.7017 913.0647 1.5876 1.7706 3.7293 -4.2871 3.8686 21.9650 -1.5988 0.4388
Car -1 -1 2.0372 32.6199 769.8242 223.5257 873.2239 1.5644 1.7166 4.2389 -17.0336 4.7600 30.8196 1.5280 0.3720
Car -1 -1 2.1217 0.0000 756.4343 68.6859 876.5230 1.4178 1.7032 4.1898 -16.6210 3.7598 24.4859 1.5127 0.2261
Car -1 -1 2.0056 125.3943 768.5191 277.5546 855.8555 1.7811 1.9333 4.4679 -20.3124 5.8599 40.2064 1.5391 0.1461
Car -1 -1 -1.5019 692.6412 769.0447 778.4661 854.9757 1.5987 1.7710 3.7887 -5.4270 5.2885 36.3271 -1.6424 0.1050
