Pedestrian -1 -1 1.1078 1393.0504 642.0153 1634.9498 1143.5344 1.7746 0.6574 0.6889 2.0654 1.8434 5.6629 1.5618 0.7344
Pedestrian -1 -1 -1.5246 883.8705 779.7158 910.8937 855.1254 1.7297 0.6139 0.5957 -1.5288 5.4719 35.8452 -1.5559 0.6457
Pedestrian -1 -1 1.5981 990.2432 771.4825 1025.6957 874.6241 1.7242 0.5988 0.9581 0.8459 4.4116 26.9180 1.6433 0.5147
Pedestrian -1 -1 -1.5499 925.4005 783.9384 949.4012 853.7838 1.5951 0.5547 0.5129 -0.5663 5.4092 35.6030 -1.5537 0.4065
Pedestrian -1 -1 -1.3733 947.9968 785.7929 972.6730 851.5943 1.4952 0.4886 0.5451 -0.0207 5.3865 35.8508 -1.3612 0.2059
Pedestrian -1 -1 -3.4759 1404.7307 735.7463 1533.6282 978.8320 1.2897 0.5645 0.5638 2.8752 1.9421 8.5036 -3.0844 0.1257
Pedestrian -1 -1 2.8180 1162.2732 740.6735 1287.6898 923.9956 1.3360 0.8339 0.7780 2.0901 2.2960 11.9399 3.0224 0.1127
Pedestrian -1 -1 0.9975 961.7390 786.9855 990.0159 843.3489 1.3096 0.4810 0.5568 0.3622 5.3809 37.1995 1.0202 0.1107
Cyclist -1 -1 -1.4633 834.0481 744.6731 916.6243 900.2803 1.7726 0.8604 1.9119 -1.0963 3.4148 19.5235 -1.5120 0.5428
Cyclist -1 -1 1.6001 988.6757 772.5074 1024.8213 874.7728 1.7025 0.6078 0.9832 0.8233 4.4072 26.8889 1.6444 0.1117
Car -1 -1 -1.4528 657.4603 774.2704 772.6917 877.3227 1.5184 1.7824 3.7175 -4.7681 4.6443 29.4051 -1.6079 0.9154
Car -1 -1 -1.4806 723.4517 774.0792 796.5916 843.9784 1.6027 1.7770 3.6187 -5.8726 6.1726 43.9723 -1.6040 0.9088
Car -1 -1 1.9791 215.5008 782.6079 349.7585 861.4122 1.4834 1.6472 4.0682 -17.3268 5.7471 38.3840 1.5566 0.5427
Car -1 -1 2.0184 66.6966 769.2542 249.7830 871.3770 1.5529 1.7395 3.9895 -16.2642 4.6952 30.5201 1.5246 0.5225
Car -1 -1 2.0111 68.2468 766.1708 231.5638 861.0535 1.8075 1.9066 4.3413 -20.1252 5.5425 37.3171 1.5162 0.3289
Car -1 -1 -1.3962 577.7935 773.8815 748.9397 921.0829 1.5853 1.8053 3.8197 -4.2576 3.9614 21.9257 -1.5872 0.3205
Car -1 -1 2.1368 0.0000 751.0160 111.3274 879.8232 1.5678 1.7958 4.2188 -15.9848 3.8141 24.5048 1.5467 0.1704
Car -1 -1 -1.4739 693.8828 775.2309 784.7158 859.8795 1.5433 1.7734 3.7860 -5.2910 5.3602 36.0407 -1.6118 0.1591
Car -1 -1 1.9211 325.5667 788.7277 437.6774 856.2325 1.4933 1.8100 4.2903 -17.6354 6.7369 45.7070 1.5579 0.1352
