Pedestrian -1 -1 -1.5252 939.0297 782.7369 969.4122 868.5583 1.7371 0.6110 0.6121 -0.1469 5.1248 31.7753 -1.5174 0.7041
Pedestrian -1 -1 1.6109 967.5273 789.3902 989.4539 847.7051 1.6926 0.6359 0.6963 0.5303 6.7765 45.8513 1.6358 0.6985
Pedestrian -1 -1 1.5025 1095.8906 765.3078 1149.5310 911.4387 1.7630 0.6484 1.0626 2.1110 3.6591 19.6462 1.6284 0.3480
Pedestrian -1 -1 -1.4903 997.7377 795.1599 1024.0752 870.7199 1.5243 0.5134 0.4994 1.0544 5.1669 31.7129 -1.4432 0.2362
Cyclist -1 -1 -1.4526 862.7128 755.3182 938.6089 897.3138 1.7381 0.8330 1.9034 -0.8320 3.6641 21.0990 -1.4829 0.4923
Cyclist -1 -1 1.5024 1093.8403 765.6671 1147.8375 912.3701 1.7574 0.6485 1.1196 2.0808 3.6567 19.5995 1.6270 0.1684
Car -1 -1 -1.4463 660.0016 776.6744 796.9040 903.2048 1.5047 1.7089 3.5762 -3.6422 4.1164 23.9262 -1.5934 0.9529
Car -1 -1 -1.4637 706.7018 778.9991 818.3045 879.5203 1.4997 1.8073 4.1661 -4.0204 4.8934 30.8364 -1.5859 0.9363
Car -1 -1 2.0714 155.9411 762.5312 328.2684 851.5179 1.4792 1.6950 4.1501 -16.0059 4.7597 33.5263 1.6241 0.8621
Car -1 -1 2.0908 0.0000 746.6058 216.8503 857.0861 1.5591 1.7453 4.3336 -15.9106 4.0190 28.0553 1.5673 0.8375
Car -1 -1 -1.4900 752.8157 780.9055 836.3121 858.9512 1.5312 1.8147 3.6910 -4.2565 5.7576 38.6500 -1.5902 0.8291
Car -1 -1 1.9959 299.9884 771.4763 438.2188 848.6877 1.5283 1.7666 4.5319 -16.0057 5.7419 40.6797 1.6241 0.7995
Car -1 -1 -1.4989 789.7204 785.4404 859.6277 850.6118 1.5701 1.8884 3.7320 -4.2610 6.8306 47.1283 -1.5781 0.4448
Car -1 -1 1.9912 76.3561 771.7505 242.9997 865.9468 1.6640 1.8694 4.4009 -19.0236 5.3942 35.7257 1.5010 0.4272
