Pedestrian -1 -1 1.6542 936.0469 781.2744 956.0756 835.6707 1.6808 0.5941 0.5850 -0.4900 6.7697 48.3489 1.6568 0.4947
Pedestrian -1 -1 -1.6074 912.7224 776.5737 941.5745 859.8048 1.7632 0.6259 0.6695 -0.7630 5.1765 33.3038 -1.6186 0.4818
Pedestrian -1 -1 1.5575 1049.9618 775.0920 1093.0143 902.2647 1.7308 0.6212 1.0223 1.6334 4.0086 22.1462 1.6474 0.4602
Pedestrian -1 -1 0.9652 8.7622 738.9592 302.9723 1126.6669 1.1932 0.6024 0.6855 -2.8028 1.6229 5.2351 0.3402 0.3263
Pedestrian -1 -1 0.0396 398.5379 743.1699 523.0510 953.7057 1.4272 0.7696 0.8550 -3.7372 2.3519 11.1947 -0.3136 0.2205
Pedestrian -1 -1 -1.4922 965.6647 784.3647 991.5356 855.9284 1.5192 0.5305 0.5267 0.3882 5.1037 33.3257 -1.4675 0.1702
Pedestrian -1 -1 -1.5054 995.4822 792.4022 1017.9575 853.1794 1.2753 0.4555 0.6482 1.0245 5.0821 33.6393 -1.4613 0.1465
Pedestrian -1 -1 1.0495 698.3428 762.7092 755.4042 870.7846 1.4058 0.5976 0.5390 -3.2705 3.3650 20.8627 0.8953 0.1127
Pedestrian -1 -1 1.7346 954.0396 784.4274 974.1207 835.3035 1.5610 0.5647 0.5093 0.0916 6.7214 48.0727 1.7495 0.1079
Pedestrian -1 -1 0.3539 757.2764 779.6541 788.2199 839.3540 1.7252 0.7825 0.7144 -5.8072 6.5429 46.0901 0.2385 0.1025
Cyclist -1 -1 -1.5135 845.4306 753.9276 911.0224 895.4263 1.7056 0.7837 1.8303 -1.1252 3.5642 20.6221 -1.5600 0.4899
Cyclist -1 -1 1.5250 1047.7567 777.0090 1092.7416 902.5875 1.7023 0.6323 1.0513 1.6035 4.0066 22.1157 1.6136 0.1466
Car -1 -1 -1.4232 655.5668 774.5161 783.2431 889.6018 1.5169 1.6739 3.4169 -4.1122 4.2773 25.8780 -1.5763 0.9394
Car -1 -1 -1.4660 697.4517 778.8784 797.1126 871.5892 1.5125 1.7332 3.6670 -4.5777 5.0423 32.4239 -1.5989 0.9311
Car -1 -1 -1.4543 730.1980 777.9461 814.9836 853.4564 1.5624 1.8132 3.7266 -5.0403 5.8845 40.3671 -1.5693 0.8607
Car -1 -1 -1.3547 541.4468 761.6238 754.9099 935.8040 1.5591 1.7709 3.7774 -3.6912 3.4033 18.2705 -1.5572 0.2695
