Pedestrian -1 -1 -1.5317 911.8438 777.9819 939.7900 858.9147 1.7283 0.5944 0.5886 -0.7888 5.1764 33.3815 -1.5436 0.5940
Pedestrian -1 -1 1.6398 936.2094 778.3369 955.2980 831.7699 1.6695 0.5781 0.5672 -0.5044 6.7048 48.7715 1.6421 0.5115
Pedestrian -1 -1 1.5587 1040.7874 772.9545 1084.2390 896.0532 1.7112 0.6414 1.0503 1.5351 4.0078 22.6501 1.6423 0.4915
Pedestrian -1 -1 -1.4717 953.1468 780.4079 979.8044 854.9238 1.5887 0.5407 0.5154 0.1181 5.0887 33.3697 -1.4555 0.1651
Pedestrian -1 -1 -1.4926 979.7507 784.3588 1002.4888 847.2247 1.3691 0.4718 0.6090 0.6920 5.0899 34.5656 -1.4594 0.1631
Pedestrian -1 -1 1.6445 919.5338 774.1706 938.5569 828.0308 1.6918 0.5754 0.5767 -1.0538 6.6114 48.9790 1.6354 0.1599
Pedestrian -1 -1 0.9361 64.0038 738.9855 350.1785 1133.3308 1.2941 0.5995 0.7491 -2.7875 1.7493 5.5561 0.3531 0.1419
Pedestrian -1 -1 -1.5020 951.1146 783.7858 975.3636 853.0792 1.5265 0.5182 0.5422 0.0475 5.2309 34.5742 -1.4880 0.1276
Cyclist -1 -1 -1.4957 846.0946 753.8404 913.4580 895.0149 1.7080 0.7797 1.8656 -1.1106 3.5795 20.7610 -1.5411 0.5376
Cyclist -1 -1 1.5535 1039.5153 776.4456 1082.7985 898.6262 1.6872 0.6387 1.1266 1.5136 4.0446 22.6795 1.6359 0.2115
Car -1 -1 -1.4296 655.0320 776.7715 782.9513 890.4722 1.5030 1.7155 3.5406 -4.1856 4.3553 26.3054 -1.5827 0.9500
Car -1 -1 -1.4666 696.8616 776.1505 796.3723 867.6349 1.5198 1.7602 3.6732 -4.6548 5.0317 32.8606 -1.6000 0.9188
Car -1 -1 -1.4444 732.5132 774.8234 816.7568 848.0035 1.5344 1.7950 3.6718 -5.0371 5.8073 40.7726 -1.5581 0.8723
Car -1 -1 2.0135 185.4343 777.7577 344.0845 869.0537 1.6101 1.7538 4.3137 -16.5557 5.4899 35.7910 1.5806 0.1856
Car -1 -1 -1.3507 539.7455 763.3735 758.1658 938.1339 1.5850 1.8361 4.0441 -3.7871 3.5179 18.8344 -1.5515 0.1690
Car -1 -1 2.1239 1.5804 768.8526 216.8131 878.5848 1.5398 1.6587 4.1202 -16.1180 4.4884 28.5451 1.6036 0.1613
