Pedestrian -1 -1 -1.5435 933.5525 781.4669 962.8853 866.4382 1.7407 0.6061 0.6105 -0.2774 5.1353 32.1090 -1.5399 0.6801
Pedestrian -1 -1 1.5282 1081.9786 772.1971 1131.0863 917.1752 1.7982 0.6325 0.9682 1.9423 3.8261 20.0819 1.6428 0.5541
Pedestrian -1 -1 1.7070 959.3004 786.0142 981.6934 842.8287 1.6641 0.6038 0.6381 0.2871 6.6825 46.2178 1.7264 0.4883
Pedestrian -1 -1 -1.5407 983.2233 792.9670 1009.4784 871.3203 1.6040 0.5408 0.5018 0.7535 5.2346 32.0353 -1.5036 0.2177
Pedestrian -1 -1 0.5633 324.5396 749.4579 496.2449 989.8176 1.3687 0.6682 0.7743 -3.4169 2.1775 9.3173 0.1666 0.1200
Cyclist -1 -1 -1.4193 857.3278 760.2287 938.1890 903.8723 1.7454 0.8396 1.9218 -0.8703 3.7426 21.0667 -1.4515 0.4315
Cyclist -1 -1 1.5208 1079.7390 776.1861 1129.2349 919.2701 1.7658 0.6301 1.0487 1.9204 3.8589 20.1469 1.6338 0.1790
Car -1 -1 -1.4294 654.1612 780.0287 793.2675 905.7961 1.5167 1.7177 3.6440 -3.7872 4.2352 24.3768 -1.5794 0.9455
Car -1 -1 -1.4642 705.1805 781.3838 814.3703 880.2454 1.4949 1.7943 4.0852 -4.1269 4.9736 31.1865 -1.5883 0.9432
Car -1 -1 -1.4827 746.2475 783.3420 829.1632 862.4175 1.5579 1.7827 3.7631 -4.4690 5.8865 38.9580 -1.5874 0.9127
Car -1 -1 2.0757 164.6933 761.3459 337.1300 849.4983 1.4843 1.7190 4.2006 -16.0262 4.7815 33.9866 1.6334 0.8117
Car -1 -1 2.1053 0.0000 751.8959 213.3946 860.5497 1.4982 1.7383 4.2858 -15.8562 4.0414 27.7970 1.5791 0.7962
Car -1 -1 2.0067 304.0354 770.9863 442.3411 848.2089 1.5463 1.7701 4.5167 -16.0240 5.7781 41.0064 1.6373 0.6826
Car -1 -1 2.0331 79.5958 768.6936 247.4379 859.3880 1.6484 1.8548 4.3232 -19.2384 5.3484 36.2940 1.5449 0.3815
Car -1 -1 -1.4844 772.1276 790.2210 845.3201 860.2916 1.5700 1.7993 3.8249 -4.4887 6.6973 44.4637 -1.5744 0.2242
Car -1 -1 -0.4276 0.0000 507.1229 273.8587 1216.0000 1.5128 1.8065 3.9652 -3.1002 1.4493 2.7903 -1.5689 0.1087
Car -1 -1 -1.6417 906.9657 784.7635 992.9655 887.0439 1.6580 1.6379 3.9109 -0.3004 5.3489 32.5203 -1.6385 0.1015
