Pedestrian -1 -1 -1.5146 920.6329 777.4182 950.7755 860.8095 1.7399 0.6187 0.6130 -0.5562 5.1080 32.7017 -1.5197 0.7237
Pedestrian -1 -1 1.6426 949.5282 785.2391 969.3232 839.2479 1.6350 0.5813 0.5702 -0.0568 6.7515 47.4115 1.6544 0.5922
Pedestrian -1 -1 1.5416 1068.5323 773.8100 1114.0710 907.2505 1.7289 0.6270 1.0935 1.8373 3.8978 21.2129 1.6452 0.4962
Pedestrian -1 -1 -1.5295 968.5116 784.7993 995.3481 862.1270 1.6015 0.5538 0.5273 0.4500 5.0981 32.4194 -1.5025 0.1933
Pedestrian -1 -1 -0.0008 352.2325 739.8362 521.7383 975.7097 1.4292 0.8661 1.0528 -3.5963 2.2619 10.2383 -0.3763 0.1212
Cyclist -1 -1 -1.4578 848.4287 761.7827 918.5291 904.8350 1.7119 0.7466 1.8567 -1.0542 3.6911 20.6708 -1.5004 0.4534
Cyclist -1 -1 1.5137 1065.1079 773.3217 1113.0203 906.7246 1.7201 0.6300 1.1327 1.7983 3.8772 21.1533 1.6156 0.2420
Car -1 -1 -1.4294 655.2723 782.9080 789.1923 903.8743 1.5061 1.7082 3.5612 -3.9290 4.3453 25.0815 -1.5803 0.9495
Car -1 -1 -1.4664 701.4564 783.5758 804.7222 878.9381 1.5008 1.7570 3.7718 -4.3593 5.0760 31.7874 -1.5953 0.9419
Car -1 -1 -1.4686 738.6592 782.1700 822.3201 859.1717 1.5386 1.7817 3.8208 -4.7371 5.9079 39.6294 -1.5782 0.8902
Car -1 -1 2.1274 0.0000 772.3685 205.7469 885.8237 1.5512 1.6579 3.9794 -15.8700 4.4806 27.6928 1.6001 0.5622
Car -1 -1 1.9875 205.6683 790.4495 360.0100 882.9897 1.5861 1.7322 4.3034 -15.9958 5.7554 35.5049 1.5651 0.3425
Car -1 -1 1.9143 299.4875 790.6738 416.1111 864.4009 1.5928 1.8137 4.4705 -17.9720 6.8051 44.7553 1.5372 0.1856
Car -1 -1 -1.3408 529.8491 774.6115 756.7053 959.3489 1.5574 1.7815 3.8670 -3.6255 3.5283 17.7316 -1.5459 0.1295
Car -1 -1 -1.6511 894.0964 780.9351 980.1828 881.5936 1.6686 1.6339 3.9068 -0.5875 5.3283 33.0578 -1.6568 0.1022
Car -1 -1 -1.5410 771.6606 785.1225 833.5554 852.3397 1.5653 1.7308 3.6564 -4.8064 6.6597 45.6684 -1.6354 0.1021
