Pedestrian -1 -1 1.5139 1073.2133 776.8297 1124.0859 915.3876 1.7703 0.6628 0.9157 1.8864 3.9137 20.6225 1.6228 0.6705
Pedestrian -1 -1 1.6709 955.7309 788.6928 977.9323 845.4872 1.6842 0.6254 0.6433 0.1759 6.8444 46.7568 1.6878 0.6569
Pedestrian -1 -1 -1.5204 932.2506 780.2366 962.0076 864.4329 1.7377 0.6068 0.6267 -0.3035 5.1383 32.4083 -1.5176 0.6489
Pedestrian -1 -1 -1.5333 982.4987 796.6252 1008.9675 872.9634 1.5738 0.5469 0.5156 0.7477 5.3211 32.3558 -1.4966 0.1040
Cyclist -1 -1 -1.4489 849.9905 761.0461 921.3338 901.5410 1.7011 0.7586 1.8755 -1.0373 3.6957 20.9431 -1.4899 0.4038
Cyclist -1 -1 1.4985 1071.6254 776.8673 1123.0037 914.8151 1.7639 0.6563 0.9299 1.8701 3.9105 20.6478 1.6065 0.1578
Car -1 -1 -1.4717 708.1166 783.0744 814.5389 880.7870 1.4933 1.7944 4.0666 -4.1464 5.0486 31.5593 -1.5947 0.9484
Car -1 -1 -1.4203 653.5718 779.9082 793.5760 902.8823 1.5040 1.7320 3.7584 -3.8712 4.2808 24.9089 -1.5701 0.9447
Car -1 -1 -1.4800 743.6421 783.1891 825.8272 861.7131 1.5664 1.7762 3.7618 -4.5950 5.9337 39.3655 -1.5867 0.8685
Car -1 -1 2.0085 199.8955 785.0955 355.2487 873.9035 1.5054 1.6653 4.2753 -16.0022 5.5108 35.2437 1.5826 0.4410
Car -1 -1 2.0296 103.8026 771.2072 270.0618 862.2253 1.6725 1.8520 4.4742 -19.0187 5.5101 36.9723 1.5544 0.2133
Car -1 -1 -1.4683 781.5406 785.0504 852.5237 849.1758 1.5668 1.8466 3.7593 -4.5764 6.9002 47.9055 -1.5526 0.1086
