Pedestrian -1 -1 -1.5446 918.1425 776.0275 947.8171 859.0441 1.7515 0.6319 0.6308 -0.6221 5.1232 33.0427 -1.5515 0.7187
Pedestrian -1 -1 1.6770 945.9837 780.0172 966.2254 832.5881 1.6053 0.5848 0.5608 -0.1636 6.5979 47.8198 1.6864 0.4970
Pedestrian -1 -1 1.5290 1061.6632 777.2623 1107.3621 904.9322 1.6891 0.6328 1.0764 1.7770 3.9532 21.6666 1.6277 0.3981
Pedestrian -1 -1 1.6419 928.5764 775.9609 948.2153 830.9240 1.6921 0.5843 0.5853 -0.7335 6.5789 48.0653 1.6391 0.2094
Pedestrian -1 -1 -1.4978 967.0422 786.2919 993.6658 860.9106 1.5734 0.5464 0.5043 0.4232 5.1664 33.0142 -1.4720 0.1535
Pedestrian -1 -1 0.0868 379.9123 740.5314 507.6284 961.2592 1.4568 0.7653 0.8356 -3.7369 2.3337 10.8584 -0.2782 0.1495
Pedestrian -1 -1 0.5799 753.1970 773.1439 787.9067 833.2401 1.7261 0.8110 0.7338 -5.8740 6.3460 46.0774 0.4629 0.1009
Cyclist -1 -1 -1.4840 848.1810 755.3194 916.6714 897.6452 1.7028 0.7666 1.8462 -1.0628 3.5771 20.5516 -1.5275 0.5123
Cyclist -1 -1 1.5233 1058.7930 777.5089 1105.2233 905.5475 1.6786 0.6331 1.1582 1.7359 3.9450 21.6154 1.6202 0.2233
Car -1 -1 -1.4298 657.8461 777.9627 787.3151 894.4096 1.4987 1.6915 3.4416 -3.9986 4.2878 25.5212 -1.5807 0.9499
Car -1 -1 -1.4638 698.1252 780.1027 799.6713 873.7927 1.5016 1.7366 3.7083 -4.4887 5.0232 32.0562 -1.5956 0.9457
Car -1 -1 -1.4803 738.6175 776.6064 820.9056 853.6014 1.5809 1.8183 3.7328 -4.8049 5.8314 40.0143 -1.5905 0.8596
Car -1 -1 1.9543 293.7754 791.5486 418.8094 865.9551 1.5741 1.8419 4.4747 -17.6762 6.7189 43.9249 1.5763 0.1676
Car -1 -1 2.1362 9.6163 763.6745 236.7407 876.0594 1.5492 1.7491 4.1850 -15.5495 4.3478 28.0230 1.6230 0.1066
Car -1 -1 -1.5150 774.8356 780.2070 841.8666 844.2296 1.5715 1.8982 3.9433 -4.9075 6.8094 48.4310 -1.6053 0.1051
