Pedestrian -1 -1 -1.5213 949.0591 776.1871 979.9786 863.0673 1.7291 0.6089 0.5950 0.0706 4.9156 31.1816 -1.5065 0.6715
Pedestrian -1 -1 1.6169 978.4536 788.1022 1000.2371 847.6434 1.6982 0.6164 0.6494 0.8452 6.6370 44.9071 1.6491 0.6398
Pedestrian -1 -1 1.4656 1112.1594 757.0143 1172.1594 911.5569 1.7777 0.6584 0.9665 2.2328 3.4594 18.5419 1.6057 0.5790
Cyclist -1 -1 -1.4577 870.4140 755.6327 943.6348 897.5103 1.7274 0.8020 1.8513 -0.7375 3.6408 20.9292 -1.4835 0.5506
Cyclist -1 -1 1.4892 1111.3185 762.1423 1168.6699 915.7438 1.7539 0.6441 1.0367 2.2090 3.5074 18.5698 1.6277 0.1592
Car -1 -1 -1.4316 657.1400 775.3936 803.4339 907.8959 1.5205 1.7230 3.6585 -3.4880 4.0362 23.1637 -1.5773 0.9521
Car -1 -1 -1.4702 711.6846 775.4644 826.5072 879.3155 1.5121 1.8370 4.2819 -3.7959 4.7681 30.1831 -1.5879 0.8710
Car -1 -1 -1.4740 752.3010 777.0951 839.6402 857.5167 1.5450 1.7982 3.7891 -4.1235 5.5856 37.8056 -1.5733 0.8607
Car -1 -1 2.0044 300.3185 768.2708 440.1789 844.9799 1.5061 1.7701 4.4486 -15.7632 5.5728 40.1419 1.6329 0.8248
Car -1 -1 2.0736 135.6563 760.5500 319.7592 852.9351 1.4756 1.7355 4.2928 -15.8063 4.6207 32.4871 1.6180 0.7697
Car -1 -1 2.0944 0.0000 743.1999 217.3118 850.2634 1.4888 1.7462 4.1369 -15.5503 3.8229 27.4364 1.5703 0.7637
Car -1 -1 -1.4785 795.7646 782.2866 868.6285 846.8225 1.5352 1.8858 3.7216 -3.9781 6.6383 46.6105 -1.5527 0.3422
Car -1 -1 2.0155 109.6899 768.9301 277.1986 861.2371 1.6164 1.8122 4.3495 -17.9750 5.2231 35.2491 1.5429 0.1810
Car -1 -1 1.9263 288.1474 781.1967 396.2859 846.0273 1.4665 1.7322 4.0861 -18.9147 6.4772 45.8734 1.5397 0.1788
Car -1 -1 -1.4550 784.9995 785.4857 861.0214 857.2009 1.5650 1.7158 3.6066 -3.9003 6.3442 42.6735 -1.5356 0.1536
