Pedestrian -1 -1 -1.5138 947.5380 778.1509 977.3933 864.5682 1.7389 0.5904 0.5635 0.0277 4.9944 31.4648 -1.5004 0.5490
Pedestrian -1 -1 1.4844 1102.0529 758.2937 1159.2208 909.2446 1.7813 0.6589 0.9793 2.1470 3.5249 19.0426 1.6162 0.5322
Pedestrian -1 -1 1.6459 970.0801 788.1729 991.8627 846.9100 1.6952 0.6079 0.6389 0.6008 6.6954 45.4483 1.6724 0.5204
Pedestrian -1 -1 -1.5557 986.7624 789.5287 1013.0883 870.0727 1.6228 0.5392 0.4670 0.8133 5.1060 31.3920 -1.5162 0.1843
Pedestrian -1 -1 3.5565 283.3702 752.6650 463.1598 1015.2107 1.4050 0.7076 0.7728 -3.4026 2.1796 8.7084 3.1318 0.1261
Cyclist -1 -1 -1.4565 865.7143 755.1129 940.3071 896.6259 1.7239 0.8194 1.8588 -0.7939 3.6316 20.9476 -1.4851 0.5301
Cyclist -1 -1 1.4896 1100.8214 758.5311 1157.1790 909.6620 1.7739 0.6495 1.0315 2.1236 3.5213 19.0233 1.6202 0.1547
Car -1 -1 -1.4432 656.6986 776.9003 798.0833 904.5592 1.4844 1.7304 3.6506 -3.6068 4.0724 23.6193 -1.5909 0.9543
Car -1 -1 -1.4629 705.0314 778.1944 818.7169 878.4886 1.4685 1.8151 4.1973 -3.9818 4.8080 30.4651 -1.5856 0.9243
Car -1 -1 -1.4729 753.0551 779.1192 836.6923 857.5452 1.5392 1.7461 3.6235 -4.2105 5.6756 38.2963 -1.5730 0.9193
Car -1 -1 1.9997 305.7824 766.2313 443.2016 842.1176 1.5114 1.7712 4.4024 -15.7600 5.5438 40.4169 1.6306 0.8506
Car -1 -1 2.1079 0.0000 746.7182 212.0006 855.5544 1.5157 1.7474 4.2075 -15.8066 3.9416 27.6679 1.5807 0.7714
Car -1 -1 2.0849 145.3375 762.8591 324.6270 852.8974 1.4664 1.7144 4.2302 -15.9787 4.7248 33.1549 1.6337 0.7688
Car -1 -1 -1.4902 789.0526 784.5873 859.7685 848.9598 1.5366 1.8703 3.7679 -4.2510 6.7499 46.9359 -1.5696 0.3466
Car -1 -1 2.0275 135.4377 772.0670 297.1609 860.3940 1.5633 1.7661 4.2044 -17.6150 5.2728 35.5890 1.5672 0.1400
Car -1 -1 -1.5212 784.4795 782.8814 854.7041 856.6939 1.6361 1.7947 3.7672 -4.0523 6.4068 43.2465 -1.6041 0.1078
Car -1 -1 1.9564 298.9308 776.7873 409.0283 840.3758 1.4894 1.7649 4.1161 -18.9890 6.4672 46.9469 1.5767 0.1002
