Pedestrian -1 -1 -1.5809 953.0903 775.5142 983.1979 865.3277 1.7699 0.6155 0.6522 0.1428 4.9150 30.8995 -1.5636 0.6610
Pedestrian -1 -1 1.5119 1119.3328 760.6849 1179.9335 923.1869 1.7927 0.6831 1.0895 2.2589 3.4815 18.0267 1.6574 0.6313
Pedestrian -1 -1 1.6702 981.5918 792.9171 1003.7955 851.0084 1.6275 0.5911 0.6132 0.9312 6.6352 44.2273 1.7048 0.5695
Cyclist -1 -1 -1.4682 875.5858 761.2189 947.0961 902.9816 1.7224 0.7973 1.8600 -0.6789 3.7217 20.9730 -1.4910 0.5134
Cyclist -1 -1 1.5037 1116.6333 761.7306 1177.0676 923.8239 1.7849 0.6713 1.1070 2.2245 3.4865 18.0198 1.6472 0.2138
Car -1 -1 -1.4355 662.6408 776.0880 807.5847 910.0666 1.5264 1.7004 3.4977 -3.3560 4.0043 22.7539 -1.5782 0.9520
Car -1 -1 -1.4695 755.7639 780.3263 841.1763 860.3839 1.5306 1.7319 3.6052 -4.0210 5.6063 37.4085 -1.5672 0.9225
Car -1 -1 -1.4641 714.6005 780.3457 830.3835 884.7040 1.4974 1.8126 4.1185 -3.6670 4.7977 29.6831 -1.5796 0.8497
Car -1 -1 2.0291 292.9763 775.8235 434.5395 854.3401 1.5095 1.7089 4.3845 -15.7532 5.7415 39.6777 1.6539 0.7785
Car -1 -1 2.1334 0.0000 735.9878 195.5117 849.6578 1.5052 1.7435 4.4870 -15.6154 3.6402 26.4809 1.5906 0.7757
Car -1 -1 2.0765 127.8714 763.2165 311.2879 855.9464 1.4719 1.7193 4.2156 -15.8835 4.6561 32.2813 1.6164 0.7302
Car -1 -1 -1.4874 798.2644 780.8385 871.3732 849.1238 1.6130 1.8889 3.8854 -3.8592 6.6341 46.1985 -1.5597 0.5266
Car -1 -1 2.2991 0.0000 723.0800 4.9084 876.1525 1.5635 1.8214 4.2619 -15.3158 3.0366 20.2554 1.6309 0.3412
Car -1 -1 2.0030 81.7920 764.1987 254.4087 860.9611 1.6871 1.8626 4.4397 -18.3630 5.1463 34.8688 1.5168 0.2511
Car -1 -1 2.0273 398.3984 768.0182 523.7553 835.9282 1.5097 1.8187 4.4223 -15.0747 6.0696 45.3284 1.7114 0.2227
Car -1 -1 1.9416 288.0188 782.8765 398.7363 848.9881 1.5105 1.7656 4.1192 -18.9901 6.6044 46.1466 1.5558 0.1629
