Pedestrian -1 -1 -1.5445 966.8804 781.9585 998.3804 873.4813 1.7488 0.6083 0.6282 0.4321 4.9382 30.0380 -1.5170 0.5928
Pedestrian -1 -1 1.6775 1003.4993 788.8444 1026.6719 847.6618 1.5816 0.5912 0.5785 1.5274 6.2657 42.3944 1.7274 0.3898
Pedestrian -1 -1 1.5283 1147.5585 771.2630 1210.4294 953.1069 1.8155 0.6639 1.1476 2.3931 3.4925 16.5238 1.6952 0.3329
Pedestrian -1 -1 1.6803 984.3464 787.7639 1001.9848 837.6078 1.6259 0.5406 0.5356 1.0905 7.2210 51.0708 1.7151 0.2540
Pedestrian -1 -1 1.7060 985.2659 793.1573 1007.0131 851.0513 1.5668 0.5447 0.5459 0.9953 6.3978 42.6214 1.7429 0.2013
Pedestrian -1 -1 -1.5595 1018.0103 791.5920 1045.5157 878.5117 1.6608 0.5357 0.4794 1.4079 5.0142 29.8253 -1.4978 0.1823
Cyclist -1 -1 -1.4857 890.5226 761.1785 958.6642 903.1198 1.7517 0.7929 1.8510 -0.5004 3.7735 21.2345 -1.4990 0.4784
Cyclist -1 -1 1.5015 1142.2404 775.1710 1207.9100 952.4916 1.7688 0.6658 1.1629 2.3544 3.4944 16.5622 1.6656 0.1769
Car -1 -1 -1.4360 656.1362 780.1413 811.0322 921.8751 1.5027 1.7222 3.6690 -3.2135 3.9500 21.7327 -1.5795 0.9601
Car -1 -1 -1.4667 719.6632 782.9820 833.9130 888.5483 1.4845 1.7467 3.6449 -3.4263 4.6739 28.3414 -1.5798 0.9193
Car -1 -1 -1.4786 763.3472 782.6646 852.1850 865.3745 1.5202 1.7751 3.5843 -3.6543 5.5197 36.1185 -1.5700 0.9031
Car -1 -1 2.1006 112.7652 758.8097 310.2134 853.8313 1.4336 1.7203 4.2951 -15.3838 4.4027 30.9584 1.6355 0.8163
Car -1 -1 2.1757 0.0000 731.0566 168.0677 850.4486 1.4885 1.7581 4.4600 -15.3574 3.4193 24.9349 1.6114 0.8014
Car -1 -1 2.0297 289.6935 762.5275 433.3077 839.0629 1.4661 1.7503 4.1952 -15.3775 5.2160 38.5839 1.6521 0.7533
Car -1 -1 1.9370 407.8199 770.9011 514.9439 834.8826 1.5256 1.8191 4.2404 -15.8692 6.3935 47.6962 1.6215 0.4808
Car -1 -1 1.9243 388.7785 767.3563 508.1580 840.6172 1.5544 1.7674 4.4841 -14.5930 5.8490 42.8147 1.6002 0.4347
Car -1 -1 2.0608 69.7554 762.8643 217.5794 837.2780 1.5387 1.7823 4.1490 -22.1611 5.4877 40.7228 1.5629 0.2235
Car -1 -1 2.0794 93.5860 767.2722 276.0992 858.3497 1.4883 1.7180 4.3848 -17.3067 4.8973 33.5887 1.6013 0.2174
Car -1 -1 -1.4916 795.1978 789.9628 869.2345 864.1023 1.5453 1.7127 3.8310 -3.5459 6.3530 41.6372 -1.5659 0.1086
