Pedestrian -1 -1 -1.5524 986.3319 775.5539 1020.8340 872.7650 1.7420 0.6295 0.6223 0.7998 4.6111 28.1498 -1.5104 0.6758
Pedestrian -1 -1 1.5891 1032.2615 785.5920 1056.0964 852.2961 1.6647 0.6059 0.6921 2.1914 5.9473 39.4827 1.6590 0.6388
Pedestrian -1 -1 1.4936 1200.0627 756.7266 1283.0093 969.4404 1.7550 0.6910 0.9993 2.5248 2.9975 13.5526 1.7073 0.6126
Pedestrian -1 -1 1.6589 1007.6489 786.8325 1026.7816 839.8148 1.6185 0.5566 0.5960 1.7994 6.8585 48.0571 1.7102 0.5794
Cyclist -1 -1 -1.4752 898.5468 758.1418 968.0575 895.3494 1.7124 0.8046 1.8621 -0.3813 3.7136 21.4971 -1.4824 0.5267
Cyclist -1 -1 1.4958 1198.2928 754.6216 1279.6582 967.8599 1.7585 0.6783 1.0200 2.5022 2.9823 13.5555 1.7078 0.1690
Car -1 -1 -1.4270 634.6767 769.4961 812.9976 930.1131 1.5117 1.7350 3.7438 -2.9576 3.5626 19.3337 -1.5777 0.9643
Car -1 -1 -1.5183 836.2829 783.5149 900.7163 847.2596 1.5988 1.8826 4.1780 -3.0576 7.1253 50.0119 -1.5676 0.9490
Car -1 -1 -1.4558 714.5150 775.7141 839.7998 891.2987 1.5087 1.7294 3.5289 -3.1141 4.2982 25.8942 -1.5691 0.9328
Car -1 -1 2.0996 104.1395 773.7860 302.7297 876.9368 1.4904 1.6921 4.0885 -14.9359 4.6589 29.7343 1.6300 0.9158
Car -1 -1 -1.4751 765.2922 776.6062 859.0991 864.4244 1.5213 1.7436 3.5006 -3.3078 5.1214 33.7314 -1.5638 0.9121
Car -1 -1 1.9727 268.8955 769.7537 411.8514 853.2665 1.5094 1.6820 4.2847 -15.1136 5.2677 36.6474 1.5826 0.8822
Car -1 -1 2.2133 0.0000 746.1604 128.1250 872.9200 1.4246 1.7426 4.1836 -14.9450 3.4647 23.0247 1.6230 0.4448
Car -1 -1 -1.4706 798.6946 788.1030 879.3406 864.3665 1.4988 1.7089 3.6979 -3.1625 5.9907 39.2856 -1.5404 0.2505
Car -1 -1 1.9563 354.4487 770.5872 473.6401 842.7440 1.5323 1.7333 4.0869 -15.3694 5.8478 42.2201 1.6110 0.2102
