Pedestrian -1 -1 -1.4888 980.6968 778.5112 1016.2058 874.1289 1.7678 0.6343 0.6269 0.7272 4.7950 29.1206 -1.4503 0.6195
Pedestrian -1 -1 1.4706 1178.0869 750.8541 1250.3168 938.8690 1.7597 0.6588 0.6907 2.5064 3.0439 14.8727 1.6640 0.5969
Pedestrian -1 -1 1.6656 996.2066 783.6707 1015.6324 835.7986 1.6524 0.5861 0.5830 1.4866 6.9682 49.7391 1.7092 0.5464
Pedestrian -1 -1 1.6553 1021.5630 782.8301 1045.9645 845.2803 1.6265 0.6126 0.5941 1.9896 5.9925 41.0022 1.7180 0.5051
Pedestrian -1 -1 1.1616 1736.1055 666.1279 1936.0000 1216.0000 1.5800 0.5451 0.6846 2.7521 1.7180 4.5993 1.8748 0.1213
Pedestrian -1 -1 1.8491 80.9469 715.7269 136.5558 826.8542 1.7846 0.6850 0.5501 -14.2120 3.3208 24.9417 1.3194 0.1035
Cyclist -1 -1 -1.5088 895.2800 756.7524 959.3280 895.4254 1.7356 0.7852 1.8653 -0.4683 3.7131 21.4768 -1.5203 0.5095
Car -1 -1 -1.4246 646.7657 774.1420 813.8248 923.8887 1.5015 1.7219 3.7228 -3.0726 3.7398 20.5667 -1.5706 0.9618
Car -1 -1 -1.4587 718.3053 778.7108 837.5642 889.5129 1.5079 1.7254 3.5977 -3.2562 4.4850 27.1459 -1.5713 0.9410
Car -1 -1 -1.4827 766.4859 779.6286 856.5125 864.9223 1.5196 1.7471 3.5698 -3.4423 5.3162 34.9081 -1.5717 0.9332
Car -1 -1 -1.5099 831.6732 786.4003 894.3683 847.6888 1.5797 1.8504 4.0002 -3.3176 7.3186 51.1328 -1.5629 0.9047
Car -1 -1 2.1055 117.7505 757.8841 313.9538 853.7441 1.4157 1.6863 4.0628 -14.8050 4.2656 29.9608 1.6418 0.7353
Car -1 -1 2.0172 275.9027 770.0894 420.5274 848.9725 1.4400 1.7024 4.1240 -15.1434 5.2543 37.1769 1.6317 0.6026
Car -1 -1 -1.5162 800.7300 789.9180 874.8676 863.9260 1.4998 1.7623 3.7581 -3.3086 6.1933 40.6407 -1.5867 0.1913
Car -1 -1 2.1776 0.0000 733.7435 156.0272 846.4065 1.4058 1.6886 4.2268 -15.4794 3.3778 24.9488 1.6098 0.1751
Car -1 -1 -1.4166 807.8530 772.7266 889.8223 841.1163 1.5365 1.8038 3.9497 -3.2944 6.1385 44.5052 -1.4796 0.1287
