Pedestrian -1 -1 -1.5265 965.1421 780.2616 996.2953 869.6075 1.7246 0.5981 0.5635 0.3957 4.8954 30.2187 -1.5004 0.6277
Pedestrian -1 -1 1.4774 1132.1055 761.6620 1198.8197 933.4817 1.8024 0.6818 1.0672 2.3257 3.4191 17.1240 1.6344 0.5986
Pedestrian -1 -1 1.6875 993.2804 792.8480 1016.2250 849.6801 1.5495 0.5916 0.5622 1.2524 6.4169 43.0155 1.7304 0.4847
Pedestrian -1 -1 -1.6021 1017.8963 793.0531 1045.1012 877.3593 1.6276 0.5394 0.4914 1.4129 5.0450 30.1378 -1.5408 0.1181
Cyclist -1 -1 -1.4713 880.8561 764.0676 950.2251 905.5049 1.7169 0.7739 1.8482 -0.6209 3.7579 20.9793 -1.4910 0.4487
Cyclist -1 -1 1.4693 1129.5740 763.4792 1196.0616 934.0640 1.7916 0.6725 1.0586 2.2980 3.4307 17.1411 1.6245 0.1850
Car -1 -1 -1.4389 658.7796 779.1329 809.5717 918.5770 1.5201 1.7215 3.6127 -3.2699 3.9904 22.1358 -1.5821 0.9540
Car -1 -1 -1.4813 761.4271 784.0139 848.6148 866.2460 1.5275 1.7690 3.6201 -3.7723 5.6158 36.6102 -1.5745 0.9116
Car -1 -1 -1.4625 719.3571 784.4064 835.4150 888.8216 1.4658 1.7783 3.8628 -3.4712 4.7484 28.8404 -1.5749 0.8995
Car -1 -1 2.0883 115.2084 760.4449 307.7643 855.7224 1.4581 1.7292 4.2111 -15.4834 4.4759 31.1462 1.6232 0.7305
Car -1 -1 2.0156 296.1996 767.0718 434.9606 843.5479 1.4715 1.7133 4.1587 -15.3796 5.3674 38.8446 1.6407 0.6537
Car -1 -1 2.1533 0.0000 731.3752 184.3074 849.2194 1.5092 1.7609 4.5202 -15.3895 3.4923 25.5663 1.6001 0.5638
Car -1 -1 1.9298 410.1383 773.1633 523.9761 842.6952 1.5634 1.8215 4.4414 -14.9634 6.3015 45.5289 1.6177 0.2449
Car -1 -1 2.0177 97.2602 764.7485 234.4162 836.7313 1.5001 1.6959 4.2571 -22.0913 5.6036 41.7194 1.5318 0.2231
Car -1 -1 -1.5225 803.7853 786.0852 875.1877 853.9458 1.5571 1.9281 3.7388 -3.6341 6.6304 45.1789 -1.5917 0.2181
Car -1 -1 -0.6265 0.0000 638.3135 396.5501 1216.0000 1.6022 1.7067 4.1684 -3.2269 1.6568 3.9577 -1.5172 0.1316
Car -1 -1 2.0441 121.0448 778.8618 292.8760 869.5633 1.4975 1.7276 4.3112 -17.1234 5.2404 34.1928 1.5786 0.1218
