Pedestrian -1 -1 -1.5549 985.8061 774.9749 1019.4706 872.2200 1.7494 0.6182 0.6679 0.7874 4.6284 28.3371 -1.5136 0.7266
Pedestrian -1 -1 1.4769 1192.1720 760.1558 1273.9238 967.3940 1.7619 0.6860 0.9197 2.5048 3.0601 13.8574 1.6844 0.6403
Pedestrian -1 -1 1.5941 1031.0101 783.8049 1055.0933 849.8032 1.6607 0.6144 0.7116 2.1821 5.9364 39.8554 1.6632 0.6382
Pedestrian -1 -1 1.6616 1005.9825 784.4077 1024.7502 836.5791 1.6094 0.5505 0.5730 1.7531 6.8088 48.4244 1.7116 0.4990
Pedestrian -1 -1 1.7479 1025.9741 784.9255 1045.5361 835.0396 1.5335 0.5390 0.5231 2.3976 6.7163 48.1142 1.8118 0.1027
Cyclist -1 -1 -1.4897 898.6749 755.8687 965.6953 893.6906 1.7104 0.7878 1.8471 -0.3946 3.6602 21.3138 -1.4977 0.5099
Cyclist -1 -1 1.4837 1192.2129 757.5452 1271.9949 965.8640 1.7660 0.6713 0.9536 2.4937 3.0396 13.8451 1.6905 0.1336
Car -1 -1 -1.4215 636.5720 768.8639 813.8359 929.7910 1.5458 1.7318 3.7679 -2.9855 3.6160 19.6201 -1.5711 0.9606
Car -1 -1 -1.4570 716.3770 774.6100 838.2847 890.3531 1.5350 1.6972 3.5305 -3.1465 4.3313 26.1662 -1.5703 0.9460
Car -1 -1 -1.5131 833.3541 784.8982 896.7900 847.9890 1.6011 1.8488 4.0549 -3.1926 7.1999 50.2962 -1.5647 0.9454
Car -1 -1 -1.4735 767.5811 777.1563 860.6374 863.5365 1.5116 1.7449 3.4573 -3.2954 5.1534 34.0318 -1.5609 0.9283
Car -1 -1 2.0878 105.8541 765.7667 305.1404 867.6315 1.4922 1.7093 4.2129 -15.0167 4.5189 29.9859 1.6192 0.8822
Car -1 -1 2.0015 271.6853 767.8234 418.4360 850.5865 1.5035 1.6932 4.3117 -15.1109 5.2419 36.9243 1.6142 0.8263
Car -1 -1 2.1744 0.0000 747.1306 159.2881 869.1534 1.4488 1.7222 4.1002 -14.8871 3.5805 24.0012 1.6064 0.4970
Car -1 -1 -1.4953 800.6579 789.8755 878.8170 863.3069 1.4686 1.7687 3.6201 -3.1940 6.0685 39.8813 -1.5646 0.2486
Car -1 -1 -1.6546 952.3504 782.1965 1052.7670 897.2880 1.6361 1.6456 3.8860 0.7269 4.8571 28.6441 -1.6157 0.1000
