Pedestrian -1 -1 1.4455 1126.6469 758.1697 1193.1853 920.6329 1.7702 0.6773 1.0023 2.3321 3.3880 17.6424 1.5984 0.6007
Pedestrian -1 -1 1.6506 990.7791 789.7266 1012.2126 846.3673 1.5705 0.5750 0.5574 1.1741 6.4091 43.5883 1.6912 0.5180
Pedestrian -1 -1 -1.4957 957.0443 772.3285 989.5398 861.8900 1.7498 0.6132 0.6460 0.2501 4.8134 30.7244 -1.4748 0.4742
Pedestrian -1 -1 -1.5298 1016.4240 785.8760 1043.3737 867.5793 1.5945 0.5233 0.4752 1.4007 4.9041 30.4829 -1.4696 0.1553
Cyclist -1 -1 -1.4821 877.9854 758.2712 947.6147 900.8440 1.7439 0.7974 1.8849 -0.6616 3.7092 21.0688 -1.5038 0.4760
Cyclist -1 -1 1.4254 1124.1349 759.5349 1192.0651 922.8949 1.7763 0.6722 1.0138 2.3061 3.4076 17.6094 1.5770 0.1638
Car -1 -1 -1.4434 663.5347 780.1894 810.2419 916.8615 1.5204 1.7190 3.5323 -3.2820 4.0368 22.4548 -1.5848 0.9562
Car -1 -1 -1.4484 714.7621 782.3030 833.5000 885.4151 1.4543 1.7914 4.0480 -3.5895 4.7546 29.3241 -1.5628 0.8778
Car -1 -1 -1.4742 761.2694 778.9664 847.0709 858.9367 1.5161 1.7390 3.5259 -3.8278 5.5014 36.9182 -1.5682 0.8777
Car -1 -1 2.0763 115.9789 759.0121 307.0837 853.6322 1.4624 1.7245 4.3237 -15.6723 4.4871 31.5315 1.6114 0.7343
Car -1 -1 2.1565 0.0000 738.1472 182.0696 851.3889 1.4780 1.7229 4.2803 -15.5958 3.6133 26.0264 1.6060 0.7163
Car -1 -1 2.0393 313.3609 764.0822 452.4005 839.2270 1.4838 1.7378 4.1570 -15.2543 5.3775 39.6786 1.6747 0.6181
Car -1 -1 1.9259 274.1269 782.0160 386.5852 850.9100 1.5663 1.8101 4.2031 -19.2720 6.6100 45.8709 1.5326 0.2917
Car -1 -1 -1.2188 408.0359 768.4027 518.7477 835.2488 1.5127 1.7612 4.4754 -15.1843 6.1306 45.8535 -1.5333 0.1911
Car -1 -1 2.0302 114.6952 759.0391 259.9787 836.5969 1.6563 1.8193 4.4590 -21.5942 5.6192 41.9368 1.5559 0.1646
