Pedestrian -1 -1 -1.5471 987.1883 771.7711 1023.1294 872.3061 1.7732 0.6431 0.7260 0.8223 4.5492 27.8811 -1.5040 0.7561
Pedestrian -1 -1 1.4615 1213.8409 753.7342 1300.4961 972.1188 1.7476 0.6723 0.8660 2.5566 2.9072 12.9901 1.6873 0.7057
Pedestrian -1 -1 1.5815 1035.9962 783.4651 1059.0984 850.8143 1.6566 0.5827 0.7050 2.2482 5.8239 38.9267 1.6537 0.5451
Pedestrian -1 -1 1.5991 1009.1768 788.7936 1027.0736 841.7889 1.6086 0.5455 0.5953 1.8144 6.8693 47.6822 1.6511 0.4738
Pedestrian -1 -1 -2.2974 0.0000 762.6153 313.2034 1216.0000 1.4093 0.7353 0.7843 -2.7939 1.9203 5.1075 -2.9320 0.1364
Pedestrian -1 -1 1.6623 1025.6534 786.4533 1044.2548 837.4816 1.5422 0.5355 0.5419 2.3398 6.7028 47.4610 1.7257 0.1239
Cyclist -1 -1 -1.4717 900.4429 755.0635 969.0652 893.6187 1.7126 0.7756 1.8383 -0.3562 3.6427 21.2234 -1.4779 0.4969
Cyclist -1 -1 1.4703 1213.1887 753.7428 1297.7332 970.3777 1.7304 0.6603 0.9073 2.5475 2.8946 13.0206 1.6949 0.1129
Car -1 -1 -1.4276 636.4069 773.1661 814.0986 933.8965 1.4790 1.7005 3.5985 -2.8751 3.5316 18.8967 -1.5777 0.9643
Car -1 -1 -1.5271 836.3990 784.3401 898.5172 847.1429 1.5637 1.8331 4.0892 -3.0750 7.0808 49.6965 -1.5772 0.9530
Car -1 -1 2.0805 91.9560 771.9117 293.7430 875.9072 1.4774 1.6939 4.2063 -14.9669 4.5771 29.4000 1.6050 0.9372
Car -1 -1 -1.4628 712.0886 775.3970 838.1467 893.1277 1.5099 1.7309 3.5307 -3.0969 4.2523 25.4788 -1.5776 0.9244
Car -1 -1 -1.4713 765.1990 772.1061 860.9487 860.4037 1.5182 1.7507 3.5043 -3.2492 4.9746 33.3508 -1.5595 0.9168
Car -1 -1 1.9800 260.6189 768.0883 409.2193 852.4749 1.4970 1.7043 4.3864 -15.0633 5.1767 36.2234 1.5867 0.9145
Car -1 -1 2.1974 0.0000 736.0768 135.9521 865.5858 1.4894 1.8168 4.0075 -14.6204 3.3312 22.7363 1.6107 0.5107
Car -1 -1 1.9279 429.3543 756.5523 535.3500 822.9135 1.5845 1.6976 4.4495 -14.9651 5.9192 46.9706 1.6249 0.5055
Car -1 -1 1.9642 346.8386 768.4498 465.8473 839.5707 1.4958 1.6731 4.0825 -15.4710 5.7178 41.9072 1.6141 0.3668
Car -1 -1 -1.4688 800.5520 784.9859 884.2278 864.1285 1.5221 1.7260 3.7763 -3.0033 5.8416 38.4331 -1.5363 0.2007
