Pedestrian -1 -1 -1.5469 970.5650 779.2674 1001.7975 873.4028 1.7819 0.5978 0.6475 0.4989 4.8891 29.7610 -1.5170 0.6543
Pedestrian -1 -1 1.6799 1004.8024 786.5827 1029.6869 848.5267 1.6466 0.6260 0.6269 1.5737 6.2252 41.9885 1.7313 0.4894
Pedestrian -1 -1 1.7052 985.8810 788.5685 1004.2822 838.0087 1.5999 0.5536 0.5151 1.1472 7.1801 50.6856 1.7413 0.4735
Pedestrian -1 -1 1.4600 1153.9303 768.7823 1224.1808 940.8649 1.7229 0.6791 0.8416 2.4499 3.3195 16.1527 1.6344 0.3712
Pedestrian -1 -1 0.8117 1787.2136 586.5201 1936.0000 1216.0000 1.7287 0.5734 0.5538 2.4229 1.6437 3.6088 1.6443 0.1247
Pedestrian -1 -1 -1.5553 1020.7070 794.1260 1049.1171 881.3431 1.6455 0.5453 0.4844 1.4547 5.0135 29.4990 -1.4914 0.1016
Cyclist -1 -1 -1.5080 893.5927 762.6553 958.6537 903.2455 1.7473 0.7949 1.8671 -0.4833 3.8069 21.4055 -1.5202 0.5098
Car -1 -1 -1.4340 653.6225 782.7189 811.1322 926.0456 1.4907 1.7228 3.6255 -3.1766 3.9390 21.3800 -1.5785 0.9544
Car -1 -1 -1.4669 719.7717 782.1805 836.9198 890.9589 1.5089 1.7662 3.6772 -3.3438 4.6402 27.9272 -1.5790 0.9154
Car -1 -1 -1.4839 767.1508 783.5038 856.2999 866.7496 1.5037 1.7733 3.6031 -3.5151 5.4800 35.6879 -1.5726 0.8762
Car -1 -1 2.1028 111.1731 755.6627 308.4977 850.9297 1.4278 1.6934 4.2177 -15.1911 4.2838 30.5016 1.6362 0.8028
Car -1 -1 2.2063 0.0000 730.0222 166.0101 848.3748 1.4653 1.7228 4.4305 -15.3522 3.3693 24.8158 1.6397 0.7908
Car -1 -1 2.0263 288.4655 769.4935 431.0512 846.6389 1.4434 1.7286 4.0760 -15.1688 5.3152 37.9452 1.6477 0.5886
Car -1 -1 2.0327 61.1223 772.6924 204.2928 848.8937 1.5541 1.7452 4.1347 -22.4794 5.7896 40.7543 1.5295 0.3282
Car -1 -1 -1.5198 796.0669 798.7619 866.7239 873.3803 1.5367 1.7236 3.7715 -3.5664 6.5928 41.5836 -1.5945 0.2878
Car -1 -1 -1.4918 828.2677 784.4377 892.4062 845.5687 1.6241 1.8746 3.8559 -3.4594 7.3648 51.8603 -1.5467 0.1921
Car -1 -1 1.9289 413.2348 768.8349 545.9529 848.0740 1.6505 2.0318 4.6696 -13.4921 5.9421 42.2025 1.6243 0.1566
Car -1 -1 -1.2132 406.6969 764.3939 514.5142 828.7067 1.5295 1.8226 4.2642 -15.7060 6.1288 47.1385 -1.5294 0.1281
