Pedestrian -1 -1 1.6409 1018.2440 785.6470 1042.5162 847.8240 1.6333 0.6221 0.6097 1.9152 6.1200 41.3975 1.7013 0.5965
Pedestrian -1 -1 -1.4779 974.6808 778.7141 1008.5214 872.9178 1.7618 0.6031 0.6312 0.6007 4.8287 29.4664 -1.4442 0.5805
Pedestrian -1 -1 1.6345 994.2126 785.0378 1012.3644 836.2952 1.6501 0.5702 0.5441 1.4152 7.0708 50.3208 1.6763 0.4959
Pedestrian -1 -1 1.4896 1165.6539 761.9348 1235.6110 945.0197 1.7492 0.6654 0.8879 2.4657 3.2108 15.4748 1.6727 0.3793
Pedestrian -1 -1 1.6940 996.1898 786.6555 1018.7402 847.2806 1.6062 0.5571 0.5554 1.2882 6.1461 41.6507 1.7387 0.2239
Pedestrian -1 -1 1.7285 96.0878 722.9387 148.6461 834.3618 1.8048 0.6997 0.5690 -14.1858 3.4891 25.3004 1.2066 0.1954
Pedestrian -1 -1 -1.8940 0.0000 726.1368 251.6638 1216.0000 1.4402 0.6065 0.5925 -2.4009 1.7447 4.0857 -2.6144 0.1750
Pedestrian -1 -1 1.1564 1811.3682 637.3767 1936.0000 1216.0000 1.6508 0.5798 0.5877 2.6554 1.6875 4.0098 1.9523 0.1701
Pedestrian -1 -1 -2.1791 1875.6892 609.5005 1936.0000 1216.0000 1.7077 0.5930 0.6095 2.4394 1.6776 3.2954 -1.2692 0.1110
Cyclist -1 -1 -1.4890 892.0637 760.3011 959.0999 900.3676 1.7382 0.7874 1.8705 -0.4898 3.7605 21.3751 -1.5015 0.4923
Car -1 -1 -1.4208 646.8824 774.5792 811.9815 921.5970 1.5097 1.7309 3.7150 -3.1541 3.7984 21.0055 -1.5673 0.9555
Car -1 -1 -1.4576 719.3544 780.7513 837.5771 889.3513 1.4944 1.7341 3.5962 -3.2956 4.5521 27.5408 -1.5698 0.9340
Car -1 -1 -1.4814 765.4313 780.7141 853.7473 864.3600 1.5070 1.7307 3.5795 -3.5381 5.3824 35.4039 -1.5717 0.9180
Car -1 -1 2.0064 302.0462 770.3969 440.1869 847.4543 1.4463 1.6969 4.0688 -14.9146 5.3488 38.0252 1.6346 0.7670
Car -1 -1 -1.5080 831.3256 788.1262 893.7837 848.1539 1.5674 1.8599 3.8211 -3.3536 7.3878 51.4053 -1.5614 0.7664
Car -1 -1 2.0931 133.6470 766.1864 321.9073 862.0628 1.4320 1.6705 3.9911 -14.7947 4.4986 30.4122 1.6365 0.6694
Car -1 -1 2.1927 0.0000 741.7617 145.5259 864.2632 1.4500 1.6336 4.0943 -14.9652 3.4694 23.7582 1.6172 0.4903
Car -1 -1 -1.5112 797.2079 794.0955 871.2961 866.6069 1.5090 1.7925 3.6272 -3.4768 6.4070 41.4657 -1.5841 0.2962
Car -1 -1 2.0902 67.5325 761.5041 220.8540 836.6547 1.5346 1.7146 4.3747 -22.1606 5.4597 40.7630 1.5927 0.1136
