Pedestrian -1 -1 -1.4865 983.0748 777.5138 1018.6226 872.4117 1.7377 0.6281 0.6141 0.7662 4.7152 28.8326 -1.4464 0.7474
Pedestrian -1 -1 1.4512 1181.4852 755.3171 1260.4768 949.4473 1.7491 0.6812 0.8140 2.5046 3.0503 14.4878 1.6496 0.6164
Pedestrian -1 -1 1.6111 1030.5813 780.5463 1054.0432 844.3026 1.6370 0.5998 0.6298 2.1931 5.8809 40.4298 1.6796 0.5701
Pedestrian -1 -1 1.6469 997.8693 783.4087 1016.2227 835.8961 1.6557 0.5579 0.5521 1.5116 6.9179 49.3382 1.6912 0.4980
Pedestrian -1 -1 1.6664 1014.3698 782.9756 1032.2854 832.4797 1.5556 0.5365 0.4990 2.0392 6.7773 49.1118 1.7218 0.1637
Pedestrian -1 -1 1.5645 1010.8614 781.3881 1031.3687 843.1450 1.5951 0.5498 0.5756 1.6205 5.8595 40.4503 1.6185 0.1305
Pedestrian -1 -1 -2.1002 1806.8794 681.8698 1936.0000 1216.0000 1.5483 0.5446 0.6585 2.8161 1.7257 4.2707 -1.3222 0.1249
Pedestrian -1 -1 -0.7921 169.0538 646.7114 552.2789 1216.0000 1.5909 0.5662 0.5575 -1.2817 1.6432 3.2629 -1.3926 0.1115
Cyclist -1 -1 -1.5047 898.9658 755.9514 964.6359 894.4637 1.7372 0.8026 1.8584 -0.4040 3.7053 21.5065 -1.5129 0.5115
Car -1 -1 -1.4335 647.8311 773.0515 814.8394 927.6070 1.5273 1.7139 3.6443 -2.9905 3.7012 20.1141 -1.5791 0.9608
Car -1 -1 -1.4581 720.5010 776.0786 840.1644 888.6273 1.5227 1.7077 3.5337 -3.1660 4.4058 26.7509 -1.5692 0.9418
Car -1 -1 -1.4954 832.5956 785.2041 897.9871 846.9877 1.5746 1.8664 4.0345 -3.2125 7.2316 50.7335 -1.5469 0.9381
Car -1 -1 -1.4763 766.0950 777.7952 857.8013 863.5652 1.5178 1.7461 3.5100 -3.3911 5.2250 34.4993 -1.5651 0.9327
Car -1 -1 2.0314 264.6927 776.5096 415.4147 857.6079 1.4340 1.6988 4.2523 -15.1737 5.3837 36.7778 1.6414 0.7029
Car -1 -1 2.0732 106.8841 770.4045 296.1033 867.6700 1.4238 1.6643 3.9974 -15.1019 4.5369 29.9706 1.6021 0.6232
Car -1 -1 2.2057 0.0000 735.3478 148.3034 855.3843 1.3914 1.6963 4.0584 -14.6640 3.2601 23.2265 1.6279 0.3403
Car -1 -1 -1.5069 802.5829 789.0424 878.9371 860.6238 1.4482 1.7882 3.6386 -3.2125 6.0875 40.4429 -1.5755 0.3015
