Pedestrian -1 -1 -1.6135 994.7249 767.0695 1035.3992 880.0425 1.7820 0.6551 0.7153 0.8891 4.1792 24.8550 -1.5638 0.7293
Pedestrian -1 -1 1.5303 1061.9609 773.0776 1090.4814 848.8449 1.6375 0.6305 0.6672 2.6128 5.0446 34.0360 1.6222 0.6953
Pedestrian -1 -1 1.6285 1027.6006 775.3328 1048.9834 834.9995 1.6261 0.5695 0.5832 2.2019 5.9559 42.7175 1.6942 0.5696
Pedestrian -1 -1 1.3789 1356.3169 703.0201 1505.9408 1057.6042 1.7751 0.6710 0.9005 2.5539 2.2301 8.2084 1.7435 0.4463
Pedestrian -1 -1 1.5704 1037.2390 775.4512 1061.9690 848.5975 1.5856 0.5533 0.5878 2.0118 5.0422 34.0212 1.6441 0.1698
Pedestrian -1 -1 1.6207 1006.6237 776.8856 1027.0822 837.0901 1.6399 0.5470 0.5891 1.5879 6.0097 42.6749 1.6717 0.1038
Cyclist -1 -1 -1.4606 891.2239 749.1761 963.9727 889.3878 1.7673 0.8260 1.8891 -0.4638 3.6414 21.5695 -1.4718 0.3920
Car -1 -1 -1.3883 544.0516 765.9832 782.3948 974.4598 1.5234 1.7395 3.5599 -2.8748 3.1206 15.1398 -1.5820 0.9656
Car -1 -1 -1.4520 679.8888 774.7389 831.9972 915.3556 1.5121 1.7518 3.6846 -2.9095 3.8895 21.8760 -1.5802 0.9417
Car -1 -1 2.1478 0.0000 757.6876 221.0971 876.1844 1.4627 1.7330 4.3462 -14.7044 3.9345 25.6261 1.6172 0.9283
Car -1 -1 -1.5237 833.2993 779.2305 900.6108 848.5399 1.6293 1.8271 3.8663 -2.8396 6.5470 45.7150 -1.5743 0.9226
Car -1 -1 -1.4804 748.3679 774.7252 858.4857 877.3349 1.5426 1.8153 3.6897 -3.0700 4.7065 29.7308 -1.5752 0.9110
Car -1 -1 2.0177 184.8588 758.5680 355.4736 851.1715 1.4820 1.6530 4.2900 -14.8135 4.5636 32.3179 1.5855 0.7784
Car -1 -1 -1.5027 787.9381 781.9404 874.8820 865.2152 1.5081 1.7893 3.6253 -3.0526 5.4547 35.7625 -1.5780 0.5609
Car -1 -1 1.8994 404.7236 765.5182 514.7024 834.1671 1.5239 1.8179 3.9859 -14.4848 5.7938 43.4058 1.5819 0.2382
Car -1 -1 1.9857 326.2366 749.3511 461.8424 825.0261 1.5111 1.7774 4.1147 -14.6592 4.9225 38.8876 1.6270 0.1519
Car -1 -1 1.9254 438.6340 778.0098 546.7922 842.6229 1.5103 1.8841 4.2917 -14.8287 6.6056 47.5685 1.6295 0.1341
Car -1 -1 1.9885 323.1149 787.4650 440.9465 854.2794 1.4732 1.7585 4.2788 -17.6526 6.6881 45.7873 1.6256 0.1291
Car -1 -1 2.0777 0.0000 738.5679 125.2530 823.1348 1.5616 1.7122 4.2114 -21.8123 4.4247 35.5227 1.5234 0.1224
