Pedestrian -1 -1 1.4299 1237.9330 751.5613 1336.2224 985.1859 1.7190 0.6806 0.8698 2.5949 2.7736 11.9814 1.6786 0.7567
Pedestrian -1 -1 -1.5515 991.9918 768.2291 1028.9275 872.2224 1.7889 0.6471 0.7498 0.8993 4.4348 27.2104 -1.5047 0.6111
Pedestrian -1 -1 1.6294 1018.2257 785.1536 1037.8341 840.5438 1.6379 0.5667 0.5985 2.0758 6.6524 46.4633 1.6881 0.4765
Pedestrian -1 -1 1.6202 1045.7175 781.1525 1071.9105 850.8506 1.6649 0.6178 0.6959 2.4704 5.6583 37.8340 1.7002 0.4658
Pedestrian -1 -1 1.6462 1014.4265 781.1473 1037.7756 848.3733 1.6185 0.5402 0.5831 1.6423 5.6059 37.8384 1.7037 0.1352
Pedestrian -1 -1 -1.7575 0.0000 726.7821 186.5986 1216.0000 1.5215 0.7236 0.7726 -2.7448 1.8442 4.2175 -2.5178 0.1247
Cyclist -1 -1 -1.4833 900.4976 753.6707 966.1406 889.9459 1.7248 0.7709 1.8969 -0.3865 3.6818 21.7497 -1.4905 0.4254
Cyclist -1 -1 1.4300 1237.2147 753.1786 1333.8965 985.8048 1.7042 0.6639 0.9089 2.5821 2.7736 11.9802 1.6776 0.1213
Car -1 -1 -1.4172 624.3209 771.7241 813.6570 940.7223 1.4923 1.7159 3.6219 -2.8283 3.4537 18.1651 -1.5716 0.9592
Car -1 -1 -1.5254 840.1334 784.1248 903.1134 848.3464 1.5763 1.8184 4.0406 -2.8801 6.9826 48.7538 -1.5727 0.9480
Car -1 -1 2.0157 242.8035 774.0313 402.1761 860.4670 1.4702 1.7289 4.4172 -15.0170 5.2270 35.4270 1.6152 0.9396
Car -1 -1 -1.4955 767.0016 774.7904 861.6507 866.8027 1.5274 1.7482 3.6313 -3.1455 4.9780 32.6001 -1.5828 0.9370
Car -1 -1 2.1011 58.8167 764.8786 265.7906 869.6715 1.4544 1.6648 3.9664 -14.9016 4.2772 28.1447 1.6078 0.9343
Car -1 -1 -1.4607 711.3374 776.6627 843.5554 897.7239 1.5025 1.7664 3.5610 -2.9714 4.2017 24.8140 -1.5739 0.9021
Car -1 -1 2.2601 0.0000 730.3858 80.3841 872.1065 1.5077 1.7674 4.3729 -14.9271 3.1809 21.4812 1.6349 0.8514
Car -1 -1 1.9219 346.7001 761.0898 464.9972 834.2021 1.5333 1.7172 4.1337 -15.1948 5.4675 41.1319 1.5711 0.7349
Car -1 -1 1.9016 414.3142 772.4413 522.6053 841.5397 1.5839 1.8383 4.1929 -14.8926 6.2737 45.4207 1.5902 0.3431
Car -1 -1 -1.4923 796.2685 789.4296 880.1072 868.5146 1.4902 1.7860 3.7390 -3.0642 5.8626 37.8645 -1.5627 0.2773
