Pedestrian -1 -1 1.3626 1271.3010 729.0494 1387.8246 991.0941 1.7417 0.6702 0.9482 2.6483 2.5308 10.8324 1.6440 0.6447
Pedestrian -1 -1 -1.5318 1001.5756 771.1628 1039.2911 877.5001 1.7872 0.6333 0.6093 1.0472 4.4002 26.3827 -1.4780 0.5923
Pedestrian -1 -1 1.5735 1051.2311 781.8042 1076.5000 852.4924 1.6371 0.6049 0.6630 2.5115 5.5118 36.5724 1.6570 0.5727
Pedestrian -1 -1 1.5947 1022.2019 786.1801 1041.2292 841.7079 1.5998 0.5529 0.5689 2.1296 6.5050 45.1753 1.6559 0.5131
Pedestrian -1 -1 1.5067 1003.1868 787.9694 1021.6833 844.0088 1.6200 0.5308 0.5655 1.5442 6.5788 45.1880 1.5546 0.1516
Pedestrian -1 -1 2.2111 286.0475 779.5547 332.3795 870.5012 1.7341 0.6545 0.5484 -13.0838 4.8733 30.0141 1.7978 0.1276
Pedestrian -1 -1 1.5904 1019.0858 782.7809 1041.9862 852.0931 1.6130 0.5395 0.5952 1.6959 5.5077 36.5710 1.6510 0.1255
Cyclist -1 -1 -1.4462 908.6702 755.3307 979.8282 891.8398 1.7078 0.7797 1.8460 -0.2243 3.6685 21.5160 -1.4456 0.4648
Cyclist -1 -1 1.3597 1268.6377 732.6443 1382.4288 989.8680 1.7154 0.6522 0.9477 2.6318 2.5351 10.8821 1.6381 0.1284
Car -1 -1 -1.4191 598.1202 769.3439 802.4984 952.6577 1.5160 1.7538 3.7109 -2.8705 3.3561 17.1814 -1.5863 0.9567
Car -1 -1 2.1309 13.2219 763.4791 241.3354 873.1164 1.4387 1.6818 4.1050 -14.9033 4.1343 26.9986 1.6187 0.9361
Car -1 -1 -1.5103 840.9056 782.5656 907.0719 848.3953 1.5878 1.8207 4.0003 -2.7418 6.8323 47.7291 -1.5559 0.9320
Car -1 -1 2.0125 219.1205 767.4371 384.2598 856.9080 1.4901 1.7192 4.4642 -15.0283 4.9792 34.3498 1.5995 0.9299
Car -1 -1 -1.5035 763.2943 773.4851 860.8700 871.2324 1.5750 1.7726 3.7107 -3.0981 4.9077 31.6679 -1.5923 0.9160
Car -1 -1 -1.4650 701.4658 778.0641 839.6625 905.1987 1.5002 1.7834 3.6056 -2.9551 4.1266 23.8295 -1.5829 0.8882
Car -1 -1 2.2555 0.0000 753.6199 52.2874 904.6717 1.4751 1.7663 4.4095 -14.8527 3.4465 20.6632 1.6139 0.8841
Car -1 -1 1.9707 323.1028 760.8817 452.2727 836.4420 1.5161 1.7208 4.0872 -15.0824 5.3011 39.5495 1.6087 0.3792
Car -1 -1 -1.4850 790.1086 790.2363 877.4661 872.4318 1.5088 1.7895 3.6857 -3.0804 5.7782 36.7622 -1.5584 0.3354
Car -1 -1 1.9530 343.2672 770.7150 461.8764 841.3744 1.6114 1.8684 4.3285 -16.8559 6.2466 45.3445 1.6018 0.2296
Car -1 -1 -0.7396 0.0000 694.5886 444.7327 1216.0000 1.5011 1.6986 3.6430 -2.7084 1.7586 3.6830 -1.5980 0.1442
Car -1 -1 1.9398 449.5764 768.4130 553.3160 830.0766 1.4651 1.7666 4.0913 -14.5230 6.2216 47.4547 1.6488 0.1023
