Pedestrian -1 -1 1.3975 1281.5453 737.3726 1395.9126 1003.1104 1.7199 0.6687 0.9434 2.6599 2.5564 10.6152 1.6859 0.6631
Pedestrian -1 -1 1.5678 1023.9872 784.8236 1042.8052 841.7795 1.6327 0.5576 0.5733 2.1658 6.4636 44.8712 1.6302 0.5643
Pedestrian -1 -1 -1.5410 1001.1396 771.6000 1038.8536 878.1248 1.7804 0.6349 0.6267 1.0350 4.3903 26.2663 -1.4874 0.5509
Pedestrian -1 -1 1.5672 1052.7012 779.6164 1078.5868 852.3716 1.6678 0.6175 0.6905 2.5306 5.4532 36.2196 1.6519 0.5372
Pedestrian -1 -1 1.5920 1029.0735 783.4859 1052.7538 853.7952 1.6264 0.5543 0.6317 1.9441 5.5291 36.4627 1.6597 0.1454
Pedestrian -1 -1 1.5606 1005.8990 786.4016 1023.7373 843.1506 1.6325 0.5317 0.5330 1.6075 6.5083 44.8709 1.6102 0.1434
Pedestrian -1 -1 2.1783 288.2405 775.9973 333.1590 870.5452 1.8114 0.6428 0.5225 -13.0424 4.8734 29.9871 1.7658 0.1215
Pedestrian -1 -1 2.1455 279.1054 751.0751 309.8102 810.5696 1.7753 0.6703 0.5637 -20.6696 5.7150 46.3610 1.7291 0.1031
Cyclist -1 -1 -1.4536 894.5898 754.3900 963.3417 890.0743 1.7215 0.7689 1.8637 -0.4503 3.6920 21.7885 -1.4639 0.4044
Cyclist -1 -1 1.3872 1279.5621 736.1586 1395.2349 1002.8644 1.7226 0.6655 0.9582 2.6453 2.5490 10.5963 1.6747 0.1289
Car -1 -1 -1.4132 592.3782 770.2910 800.8115 956.9137 1.5122 1.7394 3.6804 -2.8537 3.3306 16.8526 -1.5832 0.9631
Car -1 -1 2.1394 12.3893 759.9600 237.1968 867.8112 1.4282 1.6684 3.9597 -14.8965 4.0396 26.8917 1.6254 0.9362
Car -1 -1 -1.4630 701.8984 780.4562 839.1944 909.6180 1.4964 1.7324 3.6068 -2.9143 4.1297 23.5030 -1.5810 0.9204
Car -1 -1 -1.4870 758.9706 774.8874 858.8810 871.9873 1.5596 1.7560 3.5884 -3.1369 4.8878 31.3832 -1.5781 0.9163
Car -1 -1 -1.5150 840.5740 783.0456 907.0983 848.6545 1.5804 1.8437 3.8948 -2.7289 6.8011 47.4111 -1.5608 0.9087
Car -1 -1 2.0303 212.6964 765.6973 383.1587 854.8340 1.4616 1.7136 4.5279 -14.9934 4.8876 34.0874 1.6152 0.8963
Car -1 -1 2.2614 0.0000 737.2241 44.5531 881.9446 1.4473 1.7274 4.2655 -14.8037 3.1495 20.4932 1.6161 0.7627
Car -1 -1 -1.5032 799.6041 787.0645 881.9578 867.3140 1.4975 1.7560 3.6909 -2.9477 5.7334 37.2157 -1.5719 0.4113
Car -1 -1 1.9872 317.6811 756.7094 452.3874 832.1292 1.4905 1.7522 4.1097 -14.9316 5.1116 38.9855 1.6234 0.3822
Car -1 -1 1.9605 336.0490 771.2413 457.2155 842.9436 1.6157 1.8693 4.3587 -16.8778 6.2290 44.9317 1.6057 0.2703
Car -1 -1 1.9646 423.4726 774.2327 531.2211 838.9952 1.5060 1.8147 3.7461 -14.7213 6.2630 45.6920 1.6585 0.2193
Car -1 -1 -0.5548 0.0000 651.0508 456.5735 1216.0000 1.5028 1.7749 3.9879 -2.6026 1.5907 3.0241 -1.5580 0.1403
Car -1 -1 1.8553 481.4713 776.2593 575.7296 838.7094 1.5625 1.8791 4.2088 -14.3376 6.8154 49.7838 1.5820 0.1047
