Pedestrian -1 -1 -1.5722 990.5438 768.3392 1025.6987 870.6630 1.7746 0.6346 0.7445 0.8627 4.4401 27.4032 -1.5270 0.6668
Pedestrian -1 -1 1.4588 1227.5959 748.4401 1322.3824 981.0327 1.7488 0.6898 0.9767 2.5706 2.8114 12.3336 1.6982 0.6529
Pedestrian -1 -1 1.6214 1013.0955 786.1707 1031.4932 840.4693 1.6245 0.5413 0.5530 1.9131 6.7092 46.8461 1.6761 0.5317
Pedestrian -1 -1 1.5724 1038.6372 782.3312 1061.8396 851.1641 1.6663 0.5815 0.7021 2.2795 5.7348 38.2751 1.6464 0.5123
Pedestrian -1 -1 -2.0785 0.0000 753.5056 251.5617 1216.0000 1.4158 0.7221 0.8050 -2.7591 1.8487 4.5556 -2.7858 0.1544
Pedestrian -1 -1 1.6356 1014.6508 781.5716 1037.6053 847.1483 1.5935 0.5417 0.5800 1.6583 5.6286 38.1938 1.6930 0.1203
Cyclist -1 -1 -1.4762 900.9083 753.8434 967.8939 892.3871 1.7095 0.7564 1.8680 -0.3610 3.6215 21.2105 -1.4827 0.4673
Cyclist -1 -1 1.4615 1225.3420 750.0421 1318.2598 979.7625 1.7246 0.6767 0.9945 2.5473 2.8028 12.3478 1.6985 0.1544
Car -1 -1 -1.4205 621.7045 767.4296 811.1344 937.3407 1.5232 1.7411 3.7520 -2.9006 3.4603 18.4430 -1.5763 0.9630
Car -1 -1 -1.5332 838.4205 781.6953 900.4346 846.1169 1.5942 1.8289 4.0991 -2.9724 6.9577 49.0938 -1.5820 0.9490
Car -1 -1 2.1191 59.2131 765.2047 270.6771 869.0868 1.4410 1.6832 4.0623 -14.9973 4.3029 28.4272 1.6275 0.9416
Car -1 -1 -1.4867 765.0075 773.4921 859.9882 863.6548 1.5227 1.7507 3.5246 -3.2114 4.9617 32.8440 -1.5754 0.9324
Car -1 -1 2.0112 250.6693 770.0611 404.1828 855.6581 1.4982 1.7065 4.2729 -15.0272 5.1751 35.7085 1.6134 0.9208
Car -1 -1 -1.4576 708.3568 774.9030 839.7715 894.5544 1.5032 1.7617 3.5279 -3.0498 4.1863 24.9824 -1.5732 0.8972
Car -1 -1 1.9393 342.3795 760.8892 464.8639 835.1655 1.5732 1.7696 4.2366 -15.4322 5.5515 41.6160 1.5874 0.8391
Car -1 -1 2.2527 0.0000 733.1575 62.6615 875.2487 1.5182 1.8020 4.3257 -15.2216 3.2372 21.5418 1.6198 0.7215
Car -1 -1 -1.4839 796.7148 785.8456 881.5032 864.9116 1.5259 1.8113 3.7371 -3.0856 5.8631 38.4149 -1.5536 0.4728
Car -1 -1 1.9493 419.5698 753.4000 528.5262 819.3370 1.5892 1.7718 4.2429 -15.1443 5.7904 46.7130 1.6410 0.4284
Car -1 -1 -1.6726 953.3265 780.2429 1060.9058 897.2280 1.5995 1.6479 3.8774 0.7814 4.6834 27.7029 -1.6307 0.1050
