Pedestrian -1 -1 1.5245 1026.0592 778.9973 1046.8191 839.2256 1.6652 0.5803 0.6227 2.1734 6.1580 43.2836 1.5888 0.6157
Pedestrian -1 -1 -1.5845 994.3464 764.4004 1033.0846 874.8655 1.7692 0.6433 0.6798 0.8832 4.1516 25.1885 -1.5356 0.6044
Pedestrian -1 -1 1.3426 1331.0367 705.2682 1474.3713 1026.6376 1.7452 0.6714 0.8644 2.5817 2.2444 8.8221 1.6838 0.5804
Pedestrian -1 -1 1.4929 1059.4674 774.8563 1088.1156 850.3485 1.6548 0.6173 0.6888 2.5934 5.1505 34.5122 1.5831 0.5533
Pedestrian -1 -1 1.5760 1035.1213 774.8382 1059.8689 848.0258 1.6129 0.5598 0.6028 1.9972 5.1144 34.5997 1.6483 0.1742
Cyclist -1 -1 -1.4437 891.1263 746.4821 964.8400 884.3755 1.7523 0.8168 1.9047 -0.4620 3.6014 21.7491 -1.4547 0.3816
Car -1 -1 -1.3987 556.4249 767.5587 786.8145 971.0812 1.5212 1.7465 3.6462 -2.8778 3.1835 15.5885 -1.5862 0.9623
Car -1 -1 -1.4499 686.9312 775.3638 835.0839 912.0348 1.5011 1.7313 3.6404 -2.8912 3.9248 22.2644 -1.5747 0.9425
Car -1 -1 2.1463 0.0000 759.3184 226.3866 877.0954 1.4714 1.7615 4.3261 -14.7607 3.9990 25.9159 1.6193 0.9356
Car -1 -1 -1.5158 833.9495 777.6862 901.6119 845.8164 1.6236 1.8305 3.8178 -2.8411 6.5327 46.1347 -1.5659 0.9136
Car -1 -1 -1.4926 751.8590 775.1987 858.6884 875.9551 1.5286 1.8190 3.6981 -3.0741 4.7418 30.1078 -1.5861 0.9082
Car -1 -1 2.0141 195.4469 756.9260 362.6463 846.8716 1.4665 1.6945 4.1640 -14.7696 4.5322 32.6290 1.5868 0.7646
Car -1 -1 -1.5056 789.7037 782.2393 874.8889 864.7872 1.5144 1.7814 3.6102 -3.0671 5.5099 36.1621 -1.5803 0.5368
Car -1 -1 2.0197 323.9367 768.6318 450.4700 838.4408 1.5224 1.7879 4.2136 -16.7112 5.9372 43.7558 1.6588 0.1481
Car -1 -1 2.0656 0.0000 737.1365 110.9327 823.7632 1.5731 1.7105 4.2249 -21.8056 4.3575 34.9329 1.5035 0.1096
