Pedestrian -1 -1 -1.6154 997.0156 771.2028 1036.6182 885.2087 1.7704 0.6254 0.6275 0.9002 4.1834 24.3486 -1.5644 0.7549
Pedestrian -1 -1 1.4981 1062.9019 774.9980 1092.9617 853.5602 1.6522 0.6253 0.7254 2.5885 5.0246 33.2297 1.5912 0.5408
Pedestrian -1 -1 1.6391 1026.8602 775.9295 1048.9216 836.1898 1.6145 0.5730 0.5874 2.1561 5.8942 42.0468 1.7045 0.4782
Pedestrian -1 -1 1.4162 1393.4701 714.5720 1546.8158 1088.9221 1.6835 0.6485 1.0655 2.5573 2.1752 7.6050 1.8122 0.3229
Pedestrian -1 -1 1.5770 1038.8993 776.3616 1064.2067 850.3660 1.5693 0.5507 0.5945 2.0147 4.9777 33.3342 1.6521 0.1482
Cyclist -1 -1 -1.4635 891.7645 749.1954 961.8970 889.2054 1.7565 0.7894 1.8831 -0.4733 3.6219 21.4679 -1.4753 0.3830
Car -1 -1 -1.3576 521.6107 766.7235 776.8808 985.0806 1.5349 1.7248 3.4714 -2.8824 3.0774 14.5212 -1.5613 0.9574
Car -1 -1 -1.4414 666.4254 772.2001 824.2813 916.1738 1.5145 1.7432 3.6194 -2.9739 3.7875 21.2607 -1.5772 0.9387
Car -1 -1 -1.5364 829.3098 779.2911 896.2482 850.7163 1.6538 1.8328 3.8796 -2.9228 6.5061 45.0427 -1.5899 0.9289
Car -1 -1 -1.4759 742.6689 775.8447 856.8076 879.6711 1.5074 1.8200 3.7356 -3.0632 4.6253 29.0195 -1.5732 0.9043
Car -1 -1 2.1613 0.0000 759.7890 195.2422 880.6500 1.4521 1.7301 4.2141 -14.7682 3.8909 24.8947 1.6152 0.8979
Car -1 -1 -1.4987 784.2672 779.8232 874.0193 866.1915 1.5446 1.8044 3.6788 -3.0549 5.3824 35.2021 -1.5755 0.7226
Car -1 -1 2.0240 173.8474 755.6850 345.1334 848.8192 1.4768 1.6461 4.0919 -14.6886 4.4159 31.5490 1.5851 0.5663
Car -1 -1 1.9882 265.3967 783.9615 389.3257 853.5267 1.4784 1.7683 4.1490 -18.3318 6.3224 43.4478 1.5927 0.2594
Car -1 -1 -1.4904 837.7029 773.7863 902.2969 831.7314 1.5195 1.8658 4.0308 -3.1164 6.8766 51.7638 -1.5389 0.1078
