Pedestrian -1 -1 1.3559 1295.3679 731.4180 1419.0778 1005.8488 1.6939 0.6670 0.8622 2.6409 2.4422 10.0460 1.6595 0.6957
Pedestrian -1 -1 -1.5752 992.7499 767.8083 1030.6130 876.0775 1.7846 0.6476 0.6747 0.8770 4.2959 25.9275 -1.5276 0.6540
Pedestrian -1 -1 1.5778 1055.1600 778.1293 1080.8213 850.0724 1.6274 0.5962 0.6392 2.5464 5.3156 35.6483 1.6641 0.5921
Pedestrian -1 -1 1.6017 1026.1292 781.2707 1045.9753 838.8660 1.6289 0.5619 0.5805 2.2181 6.2967 44.3242 1.6659 0.5423
Pedestrian -1 -1 1.5985 1031.2681 778.4402 1055.5724 850.1071 1.6331 0.5561 0.6236 1.9721 5.3496 35.8600 1.6679 0.2233
Pedestrian -1 -1 1.5832 1005.4925 781.9327 1024.1259 839.1354 1.6352 0.5411 0.5163 1.5957 6.3402 44.5313 1.6329 0.1229
Cyclist -1 -1 -1.4364 894.0223 753.3938 966.7526 891.2324 1.7342 0.7880 1.8636 -0.4249 3.6743 21.6047 -1.4456 0.3960
Cyclist -1 -1 1.3465 1295.2010 733.8063 1419.2941 1008.4353 1.6879 0.6569 0.8858 2.6363 2.4524 10.0299 1.6501 0.1042
Car -1 -1 -1.4016 580.4216 769.9318 797.4328 962.3807 1.5262 1.7424 3.6562 -2.8639 3.3000 16.4562 -1.5768 0.9599
Car -1 -1 2.1431 0.0000 763.9886 224.7422 875.1023 1.4435 1.6750 3.9093 -14.8860 4.0860 26.4160 1.6214 0.9458
Car -1 -1 -1.4674 700.3073 777.1121 838.5356 909.5864 1.5152 1.7261 3.6489 -2.8869 4.0601 23.1651 -1.5862 0.9412
Car -1 -1 -1.4910 755.9932 774.2942 857.7230 872.4243 1.5492 1.7779 3.6412 -3.1405 4.8310 31.0185 -1.5834 0.9182
Car -1 -1 -1.5054 836.0866 780.0627 904.1857 847.1635 1.6109 1.8383 3.9375 -2.8235 6.6997 47.0615 -1.5538 0.9079
Car -1 -1 2.0170 205.6791 771.8464 375.5212 862.2105 1.4558 1.7215 4.4789 -14.9921 4.9905 33.7101 1.5977 0.8765
Car -1 -1 2.2607 0.0000 745.0003 30.1877 896.5986 1.4575 1.7033 4.3441 -14.7550 3.2459 20.0669 1.6066 0.7493
Car -1 -1 -1.4992 792.3162 786.0635 876.7607 866.7775 1.4994 1.7768 3.6076 -3.0671 5.6592 36.7936 -1.5722 0.4624
Car -1 -1 1.9065 420.4037 773.6007 523.8599 840.1270 1.5459 1.8122 3.7591 -14.7065 6.2255 45.1590 1.5971 0.3449
Car -1 -1 1.9813 295.7423 763.5748 438.1109 841.3997 1.4741 1.8182 4.2546 -15.0734 5.2146 38.1777 1.6070 0.2950
Car -1 -1 1.9639 328.9413 770.5170 452.8600 843.9069 1.6291 1.8625 4.4102 -16.8086 6.1612 44.3065 1.6057 0.1341
Car -1 -1 1.8704 477.0918 773.8795 574.0674 837.2673 1.5768 1.8729 4.2936 -14.3716 6.7307 49.5653 1.5951 0.1225
