Pedestrian -1 -1 -1.5093 993.7048 765.8754 1034.7926 875.0031 1.7592 0.6496 0.6687 0.9048 4.1910 25.4277 -1.4598 0.7489
Pedestrian -1 -1 1.5755 1027.8013 778.3511 1047.5729 836.4553 1.6203 0.5656 0.5873 2.2330 6.1331 43.6661 1.6407 0.6122
Pedestrian -1 -1 1.3196 1320.7404 707.9051 1459.0494 1016.4284 1.7586 0.6627 0.8568 2.6220 2.2956 9.2212 1.6498 0.6036
Pedestrian -1 -1 1.5418 1056.1208 776.3206 1082.9954 850.4020 1.6430 0.6172 0.6674 2.5277 5.2176 34.9525 1.6290 0.5045
Pedestrian -1 -1 1.5907 1023.2169 776.7759 1047.6604 849.1373 1.6139 0.5514 0.5800 1.7367 5.1977 34.9753 1.6546 0.1374
Pedestrian -1 -1 1.5805 1006.5078 780.1218 1025.1063 837.0695 1.6035 0.5333 0.5222 1.6021 6.1881 43.8921 1.6308 0.1216
Cyclist -1 -1 -1.4444 891.6879 747.5744 964.3259 885.7891 1.7531 0.8009 1.9067 -0.4614 3.6167 21.7247 -1.4554 0.4005
Car -1 -1 -1.3985 564.9814 765.5681 793.2048 967.0375 1.5379 1.7562 3.7495 -2.8617 3.2133 15.9279 -1.5804 0.9631
Car -1 -1 2.1503 0.0000 761.2498 205.0160 872.4186 1.4319 1.6644 3.7704 -14.9490 3.9686 25.8993 1.6174 0.9362
Car -1 -1 -1.5110 834.9553 778.4329 902.6382 846.3183 1.6238 1.8259 3.8622 -2.8313 6.5960 46.4893 -1.5603 0.9338
Car -1 -1 -1.4525 693.1417 775.7328 837.9921 909.8542 1.5035 1.7311 3.5934 -2.8719 3.9656 22.6111 -1.5741 0.9336
Car -1 -1 -1.4827 749.6788 773.1102 856.0051 874.1528 1.5632 1.7970 3.6976 -3.1582 4.7633 30.4337 -1.5779 0.9065
Car -1 -1 2.0240 193.5657 765.4576 368.8499 857.1302 1.4645 1.7254 4.5361 -14.9704 4.8013 33.2091 1.5990 0.8622
Car -1 -1 2.2640 0.0000 745.9986 4.8858 900.5826 1.4464 1.7093 4.2456 -14.7182 3.1986 19.4944 1.5959 0.6938
Car -1 -1 -1.5031 790.0054 783.0228 875.0316 865.8660 1.5216 1.7738 3.6720 -3.0764 5.5589 36.3407 -1.5775 0.4148
Car -1 -1 1.9100 431.2229 763.3270 537.5781 827.5065 1.4969 1.8358 4.0753 -14.5597 5.9358 45.8824 1.6080 0.1387
Car -1 -1 1.9201 339.9550 764.0628 458.3171 837.5405 1.5624 1.7835 4.0386 -15.5155 5.6117 41.4893 1.5655 0.1064
