Pedestrian -1 -1 1.3938 1253.2002 741.7006 1355.7990 980.6509 1.7092 0.6641 0.8293 2.6403 2.6473 11.5699 1.6559 0.6965
Pedestrian -1 -1 -1.5276 998.8165 770.4907 1036.7515 875.1543 1.7938 0.6475 0.6407 1.0222 4.4519 26.9532 -1.4756 0.6518
Pedestrian -1 -1 1.5956 1049.9337 778.4660 1075.3960 847.8019 1.6387 0.6079 0.6464 2.5291 5.5018 37.2655 1.6782 0.6163
Pedestrian -1 -1 1.6077 1020.6526 786.0418 1039.4696 839.7842 1.5711 0.5485 0.5580 2.1105 6.5444 45.8483 1.6678 0.5176
Pedestrian -1 -1 2.1152 296.5475 776.1321 342.7296 865.7028 1.7510 0.6824 0.5519 -13.1409 4.8816 30.6359 1.7082 0.2085
Pedestrian -1 -1 1.5205 1002.8859 786.9258 1020.7552 841.6816 1.6069 0.5272 0.5651 1.5479 6.6048 45.8456 1.5681 0.1532
Pedestrian -1 -1 1.6102 1027.2480 782.5688 1051.2544 850.5388 1.6097 0.5655 0.6530 1.9533 5.5919 37.4151 1.6767 0.1477
Cyclist -1 -1 -1.4385 909.3307 754.3819 983.5684 893.6115 1.7496 0.8068 1.9300 -0.1925 3.7145 21.6824 -1.4362 0.4475
Car -1 -1 -1.4140 616.5807 775.8306 811.9119 950.6979 1.4919 1.7164 3.6607 -2.8126 3.4683 17.7509 -1.5715 0.9621
Car -1 -1 -1.5107 838.4726 782.4833 904.1465 848.0847 1.5947 1.8252 4.1024 -2.8623 6.9044 48.3253 -1.5582 0.9365
Car -1 -1 2.1156 35.9882 757.3503 252.6575 864.3013 1.4616 1.6723 4.0088 -14.8913 4.0795 27.5203 1.6122 0.9287
Car -1 -1 -1.4690 709.8154 777.3463 842.2129 902.2114 1.5192 1.7580 3.5806 -2.9422 4.1895 24.3937 -1.5832 0.9222
Car -1 -1 2.0136 237.6868 770.2348 397.4373 856.7850 1.4658 1.7130 4.3869 -14.9618 5.0863 35.0270 1.6100 0.9165
Car -1 -1 -1.4971 764.0541 775.5099 860.6893 869.8165 1.5488 1.7721 3.6129 -3.1465 4.9742 32.1917 -1.5857 0.9083
Car -1 -1 2.2468 0.0000 730.7405 55.5937 873.1070 1.4797 1.7421 4.2842 -14.9160 3.1163 20.9497 1.6090 0.8246
Car -1 -1 1.9029 344.0660 754.5605 461.1021 828.8785 1.5600 1.7198 4.1248 -15.1340 5.2716 40.7277 1.5499 0.8234
Car -1 -1 -1.4778 792.7974 788.6866 879.8011 869.6646 1.5119 1.7878 3.6855 -3.0651 5.8024 37.3127 -1.5495 0.4104
Car -1 -1 1.8810 423.8954 769.8916 527.5919 838.1817 1.5650 1.7736 4.1502 -14.5940 6.1462 45.1721 1.5739 0.1764
Car -1 -1 -0.4328 0.0000 632.6614 410.9033 1216.0000 1.5490 1.8075 4.0284 -2.8156 1.5748 2.8923 -1.5056 0.1521
