Pedestrian -1 -1 -1.5575 1006.1161 766.7086 1046.9652 887.4688 1.7512 0.6054 0.6452 1.0008 3.9493 22.8363 -1.4992 0.7022
Pedestrian -1 -1 1.4930 1077.4573 772.1293 1109.9259 856.9858 1.6413 0.6179 0.7045 2.6999 4.6831 30.5358 1.5971 0.6689
Pedestrian -1 -1 1.5180 1034.6644 776.3051 1057.1377 841.3625 1.6259 0.5642 0.6707 2.2214 5.6393 39.2995 1.5888 0.5363
Pedestrian -1 -1 1.1188 1584.6346 637.9546 1886.5800 1216.0000 1.8244 0.6469 0.8840 2.5127 1.8719 4.9481 1.7363 0.4704
Pedestrian -1 -1 1.9194 0.0000 649.2319 99.9024 1076.2510 1.7033 0.6076 0.6691 -4.1205 1.8147 6.4271 1.2427 0.1142
Cyclist -1 -1 -1.5353 900.2409 751.2945 960.2579 887.8984 1.7282 0.7805 1.8561 -0.4295 3.6324 21.5924 -1.5448 0.4704
Car -1 -1 -1.3283 453.9986 762.7231 756.4745 1016.0135 1.5190 1.7024 3.4138 -2.8149 2.8331 12.5459 -1.5633 0.9638
Car -1 -1 -1.4260 647.4905 765.4443 827.4945 929.9503 1.5466 1.7316 3.9558 -2.7881 3.5585 19.4260 -1.5668 0.9417
Car -1 -1 -1.4537 731.0873 775.1025 854.3095 884.3987 1.4779 1.7716 3.6336 -2.9783 4.3816 27.0802 -1.5561 0.8810
Car -1 -1 -1.5103 824.9505 780.0550 897.1882 851.2653 1.5937 1.8275 3.6839 -2.8614 6.2847 43.3661 -1.5651 0.8278
Car -1 -1 2.2040 0.0000 724.3954 142.6114 855.3660 1.4999 1.7890 4.2644 -14.5065 3.1478 22.5973 1.6175 0.7469
Car -1 -1 2.0222 268.1668 757.3379 420.0071 839.9390 1.4843 1.7062 4.1790 -14.7011 4.8506 35.8713 1.6336 0.5582
Car -1 -1 2.0900 140.6694 745.6024 332.2048 840.1179 1.4379 1.6907 4.0467 -14.4762 4.0370 30.1264 1.6373 0.5485
Car -1 -1 1.9398 374.6225 769.1523 489.9608 839.1962 1.4745 1.6635 4.1749 -14.8858 5.7596 42.3075 1.6055 0.4475
Car -1 -1 -1.4832 773.5715 778.0117 874.2012 870.0541 1.5498 1.8791 3.9060 -3.0268 5.1968 33.6602 -1.5635 0.1340
