Pedestrian -1 -1 -1.6207 998.1044 763.9552 1040.8312 883.2131 1.7721 0.6437 0.7610 0.9088 3.9921 23.4928 -1.5679 0.7774
Pedestrian -1 -1 1.4691 1071.7773 772.0908 1104.4341 855.3289 1.6641 0.6256 0.7445 2.6750 4.8099 31.5883 1.5693 0.7039
Pedestrian -1 -1 1.1804 1487.9081 671.6841 1723.3221 1163.9489 1.7525 0.6454 0.8031 2.4840 1.9491 5.8451 1.6928 0.4988
Pedestrian -1 -1 1.5648 1035.3297 776.3282 1055.3506 835.7285 1.5240 0.5326 0.5698 2.2620 5.6258 40.2060 1.6354 0.4295
Pedestrian -1 -1 1.6128 1013.5078 775.9860 1034.0217 836.1408 1.5577 0.5262 0.5047 1.6895 5.6666 40.3927 1.6685 0.2264
Pedestrian -1 -1 1.6264 1044.8936 771.9229 1072.2228 848.0829 1.5400 0.5412 0.5580 2.0683 4.6933 31.7604 1.7063 0.1245
Cyclist -1 -1 -1.5148 897.9454 752.1834 960.6816 890.2759 1.7412 0.7804 1.8733 -0.4417 3.6581 21.5675 -1.5249 0.4997
Car -1 -1 -1.3349 484.9776 764.8756 765.8416 999.9531 1.5059 1.6949 3.4108 -2.8379 2.9157 13.3436 -1.5558 0.9625
Car -1 -1 -1.4271 649.4364 768.6287 822.7981 924.4808 1.5248 1.7448 3.8081 -2.9086 3.6351 20.0513 -1.5690 0.9419
Car -1 -1 -1.4639 736.3230 774.8052 857.0450 882.4855 1.4931 1.8089 3.7197 -2.9847 4.4668 27.7989 -1.5635 0.9082
Car -1 -1 -1.5174 824.0613 774.6431 896.4866 846.9286 1.6384 1.8679 3.8443 -2.9109 6.2160 43.7905 -1.5726 0.8654
Car -1 -1 1.9800 270.3986 781.3635 412.4505 862.9326 1.4554 1.7359 4.0140 -15.0225 5.4831 36.4717 1.5906 0.7005
Car -1 -1 2.1897 0.0000 726.1081 150.2414 850.5886 1.5031 1.7522 3.9907 -14.7080 3.2237 23.3920 1.6139 0.6593
Car -1 -1 2.1047 135.6042 761.3391 331.3965 859.0725 1.4500 1.7156 4.0771 -14.5460 4.3929 30.1541 1.6511 0.5621
Car -1 -1 2.0480 247.6870 770.9117 383.3049 841.8071 1.4820 1.8142 4.0814 -18.0569 5.7902 42.0222 1.6448 0.3586
Car -1 -1 -1.4815 775.7161 774.6786 872.6122 864.1249 1.5554 1.8389 3.7294 -3.0708 5.1633 34.1495 -1.5618 0.3158
Car -1 -1 1.9311 385.8381 788.1761 494.5661 854.5413 1.4107 1.6832 4.0000 -15.1835 6.4122 43.7823 1.6024 0.2360
Car -1 -1 -1.4569 838.2107 773.3529 904.9524 832.2602 1.5539 1.8192 3.7419 -3.0239 6.8171 51.0906 -1.5044 0.1233
Car -1 -1 -1.6851 955.5831 774.8987 1084.9530 913.4601 1.6140 1.6577 3.8941 0.8547 4.1954 23.7385 -1.6351 0.1020
