Pedestrian -1 -1 -1.6208 999.5957 767.5381 1041.4697 886.8243 1.7544 0.6240 0.7110 0.9145 4.0016 23.2037 -1.5673 0.7617
Pedestrian -1 -1 1.4365 1070.9231 775.6016 1106.2780 860.2105 1.6548 0.6443 0.7795 2.6414 4.8267 31.0753 1.5371 0.5978
Pedestrian -1 -1 1.5728 1034.4209 778.8448 1055.4598 839.6946 1.5457 0.5501 0.5677 2.2299 5.6764 39.8235 1.6431 0.5156
Pedestrian -1 -1 1.1206 1532.2965 661.4991 1794.3040 1208.3330 1.7865 0.6365 0.7676 2.4788 1.9278 5.3581 1.6819 0.5076
Pedestrian -1 -1 1.5188 1012.9666 780.0965 1033.5474 841.5406 1.5649 0.5262 0.5762 1.6492 5.7292 39.8371 1.5742 0.1352
Cyclist -1 -1 -1.5322 900.0559 753.5798 961.0764 891.5775 1.7393 0.7872 1.8703 -0.4239 3.6759 21.5598 -1.5414 0.5015
Car -1 -1 -1.3338 475.3951 761.5961 762.7786 1003.3492 1.5209 1.6948 3.4162 -2.8272 2.8726 13.0689 -1.5592 0.9639
Car -1 -1 -1.4215 649.1930 770.2584 827.1125 929.6165 1.5087 1.7280 3.9671 -2.8339 3.6251 19.7823 -1.5617 0.9418
Car -1 -1 -1.4606 734.7126 777.1457 856.1567 885.2177 1.4759 1.7899 3.6853 -2.9741 4.4632 27.4912 -1.5610 0.9180
Car -1 -1 -1.5144 825.5049 776.8231 898.3900 849.9825 1.6515 1.8640 3.8352 -2.8525 6.2811 43.6510 -1.5685 0.8518
Car -1 -1 2.1943 0.0000 733.6114 139.7439 862.6801 1.4790 1.7591 4.1819 -14.6336 3.2935 22.8364 1.6093 0.8155
Car -1 -1 2.0403 241.5492 775.2756 377.5816 846.9932 1.4718 1.8010 4.0835 -18.0245 5.8623 41.5676 1.6338 0.3645
Car -1 -1 1.9164 377.9545 787.6574 486.0563 855.1904 1.4134 1.6450 4.0478 -15.1931 6.3293 43.1344 1.5825 0.2843
Car -1 -1 1.9685 254.8707 777.7526 401.7918 858.5117 1.4099 1.7987 4.0662 -15.0686 5.2809 35.8389 1.5712 0.2832
Car -1 -1 2.0810 141.6454 756.0815 327.5263 849.6966 1.4084 1.6657 3.9288 -14.5249 4.2282 30.1359 1.6275 0.2384
Car -1 -1 -1.4934 774.8323 778.2963 872.4066 869.4268 1.5568 1.8727 3.8387 -3.0614 5.2355 33.9406 -1.5739 0.1895
Car -1 -1 -1.4926 836.6917 774.0196 900.8206 833.1940 1.5516 1.8395 3.7905 -3.1037 6.8104 50.8162 -1.5420 0.1183
