Pedestrian -1 -1 -1.5696 999.4115 770.0171 1038.8938 883.7972 1.7500 0.6273 0.6000 0.9375 4.1219 24.1257 -1.5166 0.7653
Pedestrian -1 -1 1.4813 1065.6827 774.7132 1097.1504 854.8856 1.6629 0.6340 0.7617 2.6335 4.9902 32.8307 1.5769 0.7151
Pedestrian -1 -1 1.6116 1030.3416 775.2912 1051.6028 835.4232 1.5903 0.5575 0.5812 2.2116 5.7923 41.4642 1.6791 0.4956
Pedestrian -1 -1 1.2687 1409.2557 688.7225 1597.7847 1114.5173 1.8034 0.6508 0.8408 2.4834 2.1186 6.9285 1.6950 0.4291
Pedestrian -1 -1 1.5962 1010.0329 775.5278 1030.3231 836.6088 1.6196 0.5402 0.5683 1.6349 5.8263 41.4599 1.6495 0.1751
Pedestrian -1 -1 1.5846 1039.0607 774.5456 1064.2183 849.0204 1.5653 0.5378 0.5829 1.9968 4.8998 33.0080 1.6597 0.1164
Cyclist -1 -1 -1.4951 894.9481 752.3900 959.6572 888.9847 1.7296 0.7782 1.8842 -0.4732 3.6621 21.7028 -1.5066 0.4354
Cyclist -1 -1 3.7160 0.0000 703.3531 420.2793 1215.8939 1.5673 0.7845 1.5693 -2.7788 1.8597 5.1403 3.0872 0.1056
Car -1 -1 -1.3683 521.1230 767.5894 774.5794 984.1456 1.4976 1.7173 3.3944 -2.8490 3.0224 14.2811 -1.5735 0.9596
Car -1 -1 -1.4345 662.6275 770.9302 823.8301 916.1434 1.5146 1.7443 3.6101 -2.9698 3.7452 21.0362 -1.5717 0.9412
Car -1 -1 -1.5313 827.5041 778.2028 895.4338 848.3825 1.6143 1.8348 3.8616 -2.9482 6.4101 44.8374 -1.5857 0.9105
Car -1 -1 2.1651 0.0000 731.9078 190.3656 851.9057 1.5149 1.7238 4.0011 -14.6171 3.4175 24.5509 1.6158 0.8929
Car -1 -1 2.0742 184.3368 746.1578 364.8405 840.6614 1.5236 1.7052 4.0907 -14.3941 4.2570 31.6075 1.6437 0.7217
Car -1 -1 -1.4628 743.1553 778.6649 861.6663 881.2601 1.4671 1.8442 3.6060 -2.9712 4.5983 28.6380 -1.5584 0.6360
Car -1 -1 -1.4976 783.3248 777.1962 874.9171 863.4205 1.5390 1.8349 3.6893 -3.0424 5.2987 35.0689 -1.5745 0.4967
Car -1 -1 2.0647 106.6932 774.3630 272.7797 860.1641 1.4843 1.7385 4.0591 -17.9677 5.1912 35.0435 1.5898 0.1977
Car -1 -1 2.1841 0.0000 735.3870 67.0757 824.9626 1.5393 1.8727 4.2930 -22.1055 4.1525 33.2042 1.5910 0.1546
Car -1 -1 2.0681 288.1318 755.3286 444.0312 832.6397 1.4464 1.8165 4.3100 -14.9461 4.9411 37.8190 1.6929 0.1352
Car -1 -1 2.0186 282.8570 781.1196 413.6374 852.4374 1.5012 1.8065 4.2956 -17.6691 6.2573 43.3261 1.6353 0.1181
Car -1 -1 2.0938 160.9297 760.1772 311.9624 837.1752 1.5938 1.8519 4.1658 -19.5978 5.4646 40.6435 1.6457 0.1094
Car -1 -1 2.1061 0.0000 763.8137 188.2702 864.8348 1.4685 1.7600 4.1652 -17.2348 4.4074 29.5538 1.5720 0.1092
