Pedestrian -1 -1 -1.6317 997.6122 764.0065 1038.9119 881.2336 1.7779 0.6265 0.7010 0.9049 4.0313 23.8719 -1.5798 0.7242
Pedestrian -1 -1 1.4554 1069.4902 772.9169 1101.9867 855.2033 1.6793 0.6267 0.7569 2.6829 4.9127 32.2838 1.5539 0.6489
Pedestrian -1 -1 1.6122 1030.9004 774.0626 1052.6160 834.3016 1.5770 0.5639 0.5740 2.2101 5.7011 41.0304 1.6802 0.4566
Pedestrian -1 -1 1.2379 1440.2313 693.8183 1644.9891 1142.2714 1.7731 0.6477 0.8313 2.4977 2.0938 6.5050 1.6964 0.4523
Pedestrian -1 -1 1.5950 1009.9133 774.8785 1030.3804 835.7766 1.5996 0.5406 0.5564 1.6178 5.7464 41.0490 1.6483 0.1676
Pedestrian -1 -1 1.4526 87.8747 728.6823 151.1900 834.9979 1.7181 0.8596 0.7948 -14.5606 3.5532 25.8666 0.9297 0.1084
Cyclist -1 -1 -1.4993 896.7454 752.5695 963.1653 890.8630 1.7407 0.8047 1.8819 -0.4314 3.6644 21.5678 -1.5089 0.4887
Car -1 -1 -1.3575 504.5033 765.9973 770.7042 993.1121 1.5122 1.7108 3.4602 -2.8414 2.9813 13.8392 -1.5696 0.9617
Car -1 -1 -1.4340 657.5141 767.6584 821.4847 917.1505 1.5253 1.7255 3.6195 -2.9456 3.6585 20.5331 -1.5740 0.9481
Car -1 -1 -1.5335 828.8007 779.0702 897.6931 849.4707 1.5981 1.8491 3.8120 -2.8583 6.3612 44.2801 -1.5867 0.8839
Car -1 -1 -1.4719 741.3585 778.5477 859.1075 882.6140 1.4686 1.8278 3.5816 -2.9651 4.5490 28.1890 -1.5690 0.8064
Car -1 -1 2.1696 0.0000 733.4689 164.1303 856.3026 1.4907 1.7025 3.9217 -14.5531 3.3522 23.6516 1.6043 0.7697
Car -1 -1 2.0922 159.3804 752.8917 349.5018 849.1904 1.4765 1.7201 4.0695 -14.3383 4.2750 30.5998 1.6502 0.7178
Car -1 -1 -1.5075 839.0154 775.4573 901.2445 833.5372 1.5165 1.8365 3.9047 -3.0804 6.8697 51.2053 -1.5559 0.3113
Car -1 -1 2.0376 262.8372 772.6680 398.6261 843.4619 1.4976 1.8529 4.2976 -18.0679 5.9725 43.0756 1.6437 0.2484
Car -1 -1 -1.4769 779.0155 776.1755 875.4425 863.6456 1.5389 1.8458 3.7132 -3.0466 5.2335 34.6524 -1.5550 0.2050
Car -1 -1 2.0758 131.0998 767.1161 305.6060 855.4822 1.4644 1.7314 4.1326 -16.6012 4.8651 33.6555 1.6156 0.1443
Car -1 -1 2.1222 71.8541 754.6420 255.2502 842.1304 1.5215 1.7969 4.2176 -18.3175 4.7086 34.5750 1.6325 0.1318
Car -1 -1 2.2038 40.4925 744.3971 219.7638 824.2859 1.6183 1.8554 4.4859 -21.9068 4.9734 39.6440 1.6982 0.1223
Car -1 -1 2.1751 97.2493 744.5323 268.8777 823.6669 1.5596 1.7893 4.3020 -19.9247 4.8202 38.5118 1.6969 0.1121
