Pedestrian -1 -1 1.4672 1084.3926 776.5057 1119.0092 867.3731 1.6875 0.6160 0.7139 2.7498 4.6971 29.3282 1.5771 0.6592
Pedestrian -1 -1 1.5638 1038.6890 783.7609 1061.6471 849.4842 1.5879 0.5794 0.6476 2.2689 5.6748 38.1297 1.6379 0.6103
Pedestrian -1 -1 0.9067 1753.3895 651.5209 1936.0000 1216.0000 1.7422 0.6469 0.8370 2.6560 1.8224 4.0497 1.6929 0.5048
Pedestrian -1 -1 -1.5592 1013.8130 769.5806 1056.0433 893.4589 1.7467 0.6084 0.5564 1.0915 3.9127 22.0881 -1.4950 0.4117
Pedestrian -1 -1 1.6502 1060.5657 782.1334 1083.7010 843.2279 1.4709 0.5367 0.5361 2.8117 5.4890 37.9064 1.7392 0.1220
Cyclist -1 -1 -1.5147 898.5921 753.4577 965.1648 894.0216 1.7402 0.8197 1.8759 -0.3967 3.6467 21.2204 -1.5229 0.4770
Car -1 -1 -1.3132 413.4432 759.9034 746.0743 1032.3892 1.4940 1.6983 3.3902 -2.7665 2.6929 11.5817 -1.5664 0.9577
Car -1 -1 -1.4122 631.0240 767.7519 824.3142 940.7818 1.5355 1.7377 3.9449 -2.7671 3.4946 18.5261 -1.5597 0.9512
Car -1 -1 -1.4590 732.5508 777.6527 860.1742 893.4167 1.4953 1.7786 3.7654 -2.8100 4.3656 26.2064 -1.5588 0.9343
Car -1 -1 -1.5093 821.9849 781.6637 897.6817 857.0666 1.6374 1.8602 3.7782 -2.8180 6.2646 42.2466 -1.5648 0.7852
Car -1 -1 2.1266 98.9319 745.2247 306.4611 842.4582 1.4090 1.6840 4.1101 -14.5897 3.9155 29.0328 1.6549 0.5674
Car -1 -1 2.0115 255.4575 755.6772 405.9709 838.0593 1.4616 1.6808 4.0679 -14.7285 4.7181 35.1691 1.6145 0.4165
Car -1 -1 -1.5016 839.3060 778.8802 903.9106 838.6138 1.4754 1.7973 3.7788 -2.8787 6.6851 48.6866 -1.5490 0.1573
Car -1 -1 1.9642 372.9386 752.0282 496.0135 823.5270 1.4938 1.7123 4.0950 -14.2862 5.1394 40.7885 1.6303 0.1342
Car -1 -1 -1.4819 766.1965 778.3136 868.4083 875.1123 1.5493 1.8060 3.9852 -3.0377 5.0636 32.2598 -1.5668 0.1309
Car -1 -1 2.0071 286.4088 739.8375 479.5343 845.7872 1.7496 2.0087 5.0312 -12.5551 4.4746 32.8743 1.6416 0.1236
