Pedestrian -1 -1 1.4738 1085.3889 776.2838 1121.6726 868.6424 1.6798 0.6370 0.7750 2.7421 4.6426 28.8756 1.5849 0.6664
Pedestrian -1 -1 1.5969 1043.1343 784.1508 1067.0603 850.7534 1.5876 0.5755 0.6082 2.3591 5.6235 37.5671 1.6743 0.5862
Pedestrian -1 -1 -1.5745 1012.0352 768.4735 1054.1674 894.7114 1.7405 0.6000 0.5683 1.0407 3.8437 21.6052 -1.5116 0.4378
Pedestrian -1 -1 0.7772 1857.3883 640.0409 1936.0000 1216.0000 1.6615 0.6200 0.8602 2.6822 1.7024 3.5727 1.6679 0.2612
Cyclist -1 -1 -1.4917 897.1792 756.7167 963.9545 897.4087 1.7365 0.7813 1.8767 -0.4155 3.6925 21.2268 -1.5009 0.4161
Car -1 -1 -1.3126 393.6432 759.5208 740.8688 1045.9413 1.4904 1.6883 3.4209 -2.7272 2.6445 11.1062 -1.5745 0.9648
Car -1 -1 -1.4101 620.9892 769.4067 818.2651 943.3052 1.5053 1.7378 3.7502 -2.7776 3.4219 17.9528 -1.5637 0.9427
Car -1 -1 -1.4554 726.9045 777.3070 858.7090 895.2753 1.4867 1.7889 3.7759 -2.8073 4.2949 25.6546 -1.5576 0.9177
Car -1 -1 -1.5164 820.8916 784.6682 896.2325 860.6393 1.6124 1.8409 3.7532 -2.8042 6.2488 41.5185 -1.5727 0.8858
Car -1 -1 2.0939 99.2320 748.2729 299.0637 849.0011 1.4628 1.6859 3.9018 -14.4386 3.9850 28.5821 1.6199 0.6660
Car -1 -1 2.2070 0.0000 720.8446 101.1582 853.2956 1.4548 1.7206 4.1835 -14.5279 2.9763 21.6008 1.5968 0.4787
Car -1 -1 2.0234 245.8787 764.4989 404.1110 850.0477 1.4639 1.7017 4.2268 -14.6885 4.9118 34.7798 1.6236 0.4754
Car -1 -1 -1.4686 798.1783 779.7181 893.7330 865.1774 1.4506 1.7686 3.8900 -2.6009 5.2291 34.5214 -1.5339 0.3514
Car -1 -1 -1.4819 844.8377 779.0964 911.1203 839.3699 1.4724 1.7663 3.8149 -2.6564 6.6673 48.4350 -1.5250 0.1311
Car -1 -1 -1.4477 766.5588 780.1066 881.9009 883.9713 1.5627 1.8321 3.9714 -2.7264 4.9455 30.5702 -1.5277 0.1009
