Pedestrian -1 -1 1.4662 1093.1427 778.3871 1131.1946 876.2740 1.7017 0.6339 0.7667 2.7799 4.5742 27.5994 1.5835 0.7288
Pedestrian -1 -1 -1.5689 1020.0467 766.9916 1064.7594 897.2240 1.7371 0.6153 0.5850 1.1404 3.7571 20.9456 -1.4993 0.6646
Pedestrian -1 -1 1.5711 1052.6443 780.7456 1077.6661 853.3501 1.6690 0.5956 0.6807 2.5246 5.4906 36.3057 1.6555 0.4993
Cyclist -1 -1 -1.4560 896.7220 753.5207 964.1821 892.3262 1.7315 0.7364 1.8726 -0.4214 3.6575 21.4225 -1.4653 0.3443
Cyclist -1 -1 0.8626 1163.3303 762.8938 1240.9022 846.5470 1.8040 0.9035 1.8545 5.8910 5.2827 36.6706 1.0397 0.1251
Car -1 -1 -1.2784 319.3901 757.6425 722.3154 1074.0791 1.4716 1.7141 3.4739 -2.7552 2.5269 10.1504 -1.5716 0.9619
Car -1 -1 -1.3903 588.8313 771.4144 803.7278 955.5025 1.4900 1.7404 3.6956 -2.8655 3.3294 16.9169 -1.5602 0.9589
Car -1 -1 -1.5289 818.1903 783.4926 893.5259 859.6974 1.5556 1.8391 3.9456 -2.8250 6.0919 40.7873 -1.5871 0.9365
Car -1 -1 -1.4534 725.2436 778.2065 860.6399 899.4348 1.4684 1.7683 3.7730 -2.7088 4.2075 24.8188 -1.5556 0.9303
Car -1 -1 2.1401 44.8827 758.5706 257.9313 863.6611 1.4385 1.6163 3.8930 -14.7858 4.0798 27.5510 1.6402 0.7550
Car -1 -1 -1.4802 786.4142 778.5341 883.2307 865.3878 1.4416 1.7856 3.8232 -2.7768 5.0879 33.5656 -1.5532 0.5421
Car -1 -1 2.0257 231.2668 764.4214 388.5144 850.3296 1.4439 1.6066 4.2110 -14.8002 4.8371 34.2282 1.6169 0.5212
Car -1 -1 -1.5159 848.9471 785.2819 909.5222 843.8436 1.4948 1.7910 3.7829 -2.7321 7.1145 50.4969 -1.5580 0.1628
Car -1 -1 -1.4666 754.8071 781.2486 868.5812 884.6133 1.5315 1.8358 3.7772 -2.9109 4.8477 29.8158 -1.5555 0.1567
Car -1 -1 2.1891 0.0000 747.5950 51.2432 859.5483 1.4230 1.7951 4.1551 -17.7661 3.6974 25.6418 1.5713 0.1524
Car -1 -1 -0.3343 0.0000 530.8434 440.3640 1216.0000 1.5777 1.9201 4.2798 -2.7438 1.5549 2.5744 -1.4891 0.1096
