Pedestrian -1 -1 -1.5673 1011.0070 766.8841 1055.0776 898.3575 1.7742 0.6136 0.6315 1.0237 3.8227 21.2405 -1.5043 0.6574
Pedestrian -1 -1 1.4267 1090.5803 778.0033 1127.9591 873.1104 1.6890 0.6131 0.7148 2.7768 4.6037 28.1029 1.5419 0.6044
Pedestrian -1 -1 1.5468 1044.1654 785.7927 1067.9928 855.2529 1.6197 0.5805 0.6941 2.3372 5.6300 36.9118 1.6248 0.5906
Pedestrian -1 -1 1.0811 29.2743 750.6552 323.8932 1166.1379 1.3957 0.6830 0.7965 -3.0361 1.9251 5.8077 0.4885 0.1141
Cyclist -1 -1 -1.4737 894.0662 753.3752 961.9626 895.3873 1.7530 0.7631 1.8708 -0.4504 3.6547 21.1705 -1.4847 0.3056
Cyclist -1 -1 0.9484 1162.4319 766.8012 1235.4371 845.0457 1.6871 0.8791 1.8664 5.8671 5.2977 37.0182 1.1232 0.1152
Car -1 -1 -1.2918 340.8524 758.3200 726.0590 1065.5134 1.4863 1.7222 3.5068 -2.7832 2.5817 10.5202 -1.5760 0.9628
Car -1 -1 -1.3972 603.5858 771.4323 811.5314 950.1738 1.4875 1.7463 3.7139 -2.8192 3.3729 17.3737 -1.5592 0.9527
Car -1 -1 -1.4545 726.4191 775.5865 860.5172 897.6260 1.5043 1.7712 3.8611 -2.7390 4.2370 25.1761 -1.5562 0.9443
Car -1 -1 -1.5175 821.3739 786.1647 896.4607 861.8338 1.5681 1.8089 3.7993 -2.7585 6.1947 41.0010 -1.5736 0.9117
Car -1 -1 2.1263 64.5646 754.1083 274.6075 858.3225 1.4573 1.6411 3.9521 -14.6676 4.0483 27.9611 1.6363 0.8192
Car -1 -1 2.0603 214.3581 761.3386 382.9666 847.4752 1.4430 1.7214 4.2397 -15.0070 4.7557 34.1306 1.6451 0.6839
Car -1 -1 -1.5093 797.2495 782.4381 889.8801 869.6824 1.4534 1.8115 3.8524 -2.6020 5.2194 33.8180 -1.5762 0.4160
Car -1 -1 2.2576 0.0000 724.3566 61.7228 856.9896 1.4133 1.7535 4.0259 -14.8432 2.9519 21.0778 1.6247 0.2331
Car -1 -1 1.9084 455.1971 771.8318 559.0049 835.7397 1.4867 1.7909 4.2092 -14.1445 6.2969 46.8092 1.6210 0.1019
Car -1 -1 2.0855 182.6077 760.9474 317.2417 829.4411 1.5908 1.8195 4.3155 -21.6791 5.9571 45.7732 1.6461 0.1016
