Pedestrian -1 -1 1.6100 1037.6133 782.2336 1061.4014 847.6532 1.5966 0.5783 0.6398 2.2759 5.6877 38.5345 1.6836 0.6738
Pedestrian -1 -1 -1.5694 1008.7845 764.8867 1050.5372 889.3495 1.7585 0.6097 0.6393 1.0207 3.8709 22.2274 -1.5089 0.6129
Pedestrian -1 -1 1.4352 1082.5006 775.0571 1118.1196 865.5764 1.6955 0.6170 0.7730 2.7582 4.7189 29.7152 1.5441 0.5543
Pedestrian -1 -1 1.0359 1674.3408 659.6020 1936.0000 1216.0000 1.7955 0.6415 0.9266 2.5243 1.9071 4.2938 1.7519 0.4305
Pedestrian -1 -1 1.9606 0.0000 634.0640 22.1523 1112.4303 1.7171 0.6391 0.6930 -4.1094 1.7554 5.8197 1.2214 0.1840
Cyclist -1 -1 -1.5312 898.5302 751.3653 961.8618 890.2665 1.7287 0.8069 1.8469 -0.4223 3.6048 21.2496 -1.5408 0.4782
Car -1 -1 -1.3057 423.7428 755.8527 747.7579 1021.2568 1.5093 1.6808 3.3716 -2.8020 2.6984 11.8801 -1.5549 0.9646
Car -1 -1 -1.4217 636.3228 766.8284 823.2205 935.6984 1.5281 1.7314 3.9082 -2.7849 3.4959 18.7777 -1.5680 0.9492
Car -1 -1 -1.4576 731.1552 775.8356 857.8878 889.9631 1.4985 1.7863 3.7797 -2.8823 4.3714 26.5631 -1.5587 0.9362
Car -1 -1 -1.5099 822.6342 779.8521 896.1970 854.0416 1.6333 1.8247 3.7553 -2.8601 6.2496 42.6689 -1.5657 0.8670
Car -1 -1 2.1966 0.0000 724.4078 131.8697 854.8721 1.4781 1.7393 4.1591 -14.4263 3.1000 22.2669 1.6053 0.7683
Car -1 -1 2.1033 112.5512 751.4909 315.8762 850.1595 1.4377 1.6935 4.1887 -14.5716 4.1121 29.4461 1.6385 0.7085
Car -1 -1 2.0244 263.0817 753.7114 417.0867 836.3133 1.4768 1.7369 4.1023 -14.5979 4.7062 35.3906 1.6330 0.2977
Car -1 -1 -1.4787 770.1613 780.0714 872.3143 872.7803 1.5180 1.8517 3.8827 -3.0210 5.1412 32.9669 -1.5609 0.1043
