Pedestrian -1 -1 1.4227 1123.1991 782.0948 1173.2469 902.3791 1.7172 0.6585 0.8146 2.8468 4.1596 22.8269 1.5659 0.7319
Pedestrian -1 -1 -1.5600 1036.4674 760.7853 1092.2620 916.9875 1.7560 0.6440 0.6427 1.2306 3.4030 17.7737 -1.4742 0.7159
Pedestrian -1 -1 1.4532 1073.8748 779.8174 1104.1953 863.5963 1.6850 0.5763 0.6416 2.6972 4.9931 31.6078 1.5542 0.5108
Cyclist -1 -1 -1.4868 896.1915 753.7586 962.8015 897.1723 1.7543 0.7585 1.9076 -0.4263 3.6510 21.0322 -1.4967 0.3289
Cyclist -1 -1 1.2736 1339.4119 762.4655 1427.7194 893.5255 1.6987 0.7576 2.0669 6.3486 3.8720 22.5907 1.5747 0.2696
Car -1 -1 -1.0781 0.0000 730.5047 628.9392 1216.0000 1.4560 1.7609 3.6445 -2.7260 2.0393 6.4324 -1.5639 0.9475
Car -1 -1 -1.4958 806.4980 785.4015 893.0574 867.5693 1.4655 1.7807 4.2303 -2.7055 5.6762 37.1059 -1.5582 0.9451
Car -1 -1 -1.4381 679.4883 771.2319 845.3549 914.6675 1.4592 1.7941 3.8451 -2.6974 3.7113 21.0840 -1.5616 0.9316
Car -1 -1 -1.3239 456.0928 770.5219 762.6298 1009.8873 1.4516 1.7829 3.6382 -2.9057 2.9090 13.1335 -1.5542 0.9241
Car -1 -1 2.2521 0.0000 731.2707 130.1848 855.5881 1.4386 1.7186 3.9816 -14.8184 3.2136 22.8934 1.6622 0.7937
Car -1 -1 -1.4763 769.8687 775.3986 879.4796 877.3650 1.5056 1.7790 3.9565 -2.6636 4.7200 29.9492 -1.5563 0.7702
Car -1 -1 -1.5152 847.7437 784.8810 912.0085 846.1362 1.4781 1.8049 3.8082 -2.5726 6.8195 48.0127 -1.5570 0.2754
Car -1 -1 -1.4709 735.3257 783.5266 863.9669 896.8953 1.4461 1.8371 3.6896 -2.7407 4.4097 26.0920 -1.5683 0.1375
Car -1 -1 -1.4869 834.0790 778.2307 908.4338 845.9888 1.4490 1.7669 3.9776 -2.5480 6.0792 43.1388 -1.5347 0.1139
