Pedestrian -1 -1 -1.5418 1030.2903 769.3895 1079.3883 908.3281 1.7274 0.6160 0.5591 1.2273 3.6465 19.5508 -1.4632 0.7057
Pedestrian -1 -1 1.5106 1064.9388 777.9996 1091.6486 852.4453 1.6175 0.5804 0.5924 2.6621 5.1352 34.0547 1.6040 0.6351
Pedestrian -1 -1 1.4113 1109.8699 782.9886 1154.6255 890.7476 1.7079 0.6487 0.7673 2.8808 4.4182 25.2461 1.5428 0.4571
Pedestrian -1 -1 -1.5973 1099.6644 774.2851 1147.1992 910.0753 1.6998 0.6122 0.5055 2.1253 3.6882 19.6228 -1.4704 0.2393
Pedestrian -1 -1 1.5993 1040.3907 779.5031 1065.7852 852.3652 1.5780 0.5526 0.5658 2.0906 5.1268 34.0155 1.6754 0.1266
Cyclist -1 -1 -1.4862 902.8654 757.2089 967.2731 895.9016 1.6972 0.7335 1.8365 -0.3497 3.6429 21.0463 -1.4922 0.4792
Cyclist -1 -1 1.2880 1192.8741 758.5895 1253.9250 851.4592 1.9402 0.9164 2.0548 6.1802 5.1977 35.3734 1.4794 0.1083
Car -1 -1 -1.1877 152.8713 748.0420 688.2271 1139.9875 1.4677 1.7111 3.4462 -2.7455 2.3058 8.4364 -1.5483 0.9603
Car -1 -1 -1.3774 552.0231 766.4326 798.1136 974.4376 1.5016 1.7594 3.7975 -2.7720 3.1298 15.2970 -1.5618 0.9546
Car -1 -1 -1.5211 810.7802 782.1537 890.3309 861.8440 1.5332 1.8188 4.1169 -2.8330 5.8528 39.0088 -1.5829 0.9532
Car -1 -1 -1.4456 693.5609 775.5111 846.3502 908.6086 1.4886 1.8343 3.8494 -2.8480 4.0023 23.0279 -1.5636 0.9050
Car -1 -1 2.1864 0.0000 737.3579 201.8293 849.4341 1.4079 1.6893 4.0559 -14.7086 3.4486 25.0524 1.6439 0.8138
Car -1 -1 2.3095 0.0000 718.3580 3.5734 872.2082 1.4659 1.7741 4.2259 -14.5293 2.7914 19.0442 1.6340 0.7697
Car -1 -1 1.9698 275.1126 774.0444 395.6472 842.4758 1.5236 1.8401 4.0521 -18.4142 6.1338 44.1921 1.5787 0.3891
Car -1 -1 -1.4532 744.3402 778.5556 863.9073 885.4415 1.5542 1.8477 3.6902 -2.9721 4.7233 28.9771 -1.5474 0.3806
Car -1 -1 -1.4933 852.4391 781.4060 912.7749 841.6213 1.5406 1.6892 3.8256 -2.6083 7.0088 50.3058 -1.5332 0.2656
Car -1 -1 2.0175 216.3777 762.0994 354.5435 835.8917 1.5097 1.8059 4.0552 -18.1052 5.3923 40.2689 1.5965 0.2393
