Pedestrian -1 -1 1.4600 1102.0599 777.9927 1141.7661 880.3107 1.6958 0.6261 0.7701 2.8241 4.4320 26.3390 1.5842 0.6662
Pedestrian -1 -1 -1.5293 1025.4312 771.8945 1073.7233 907.5367 1.7322 0.6163 0.6086 1.1952 3.7478 20.1679 -1.4545 0.5928
Pedestrian -1 -1 1.5397 1048.8087 780.3333 1074.0328 854.6276 1.6549 0.5812 0.7070 2.3553 5.3536 35.2175 1.6214 0.4758
Pedestrian -1 -1 1.0664 0.0000 714.7448 302.9871 1216.0000 1.4399 0.6798 0.8101 -2.4366 1.7216 4.2270 0.3634 0.1005
Cyclist -1 -1 -1.4591 898.1116 756.8458 965.8187 895.6577 1.7183 0.7433 1.8329 -0.3970 3.6786 21.2676 -1.4673 0.4337
Cyclist -1 -1 1.0036 1170.3937 757.7368 1247.9034 848.2669 1.9091 0.9649 1.9254 5.9090 5.1811 35.7606 1.1855 0.1125
Car -1 -1 -1.2282 222.5605 751.1675 700.0646 1108.9049 1.4713 1.7237 3.4943 -2.7797 2.3916 9.1450 -1.5611 0.9632
Car -1 -1 -1.3755 561.3502 769.7018 793.9717 967.4265 1.5032 1.7390 3.6757 -2.8781 3.2243 15.9254 -1.5585 0.9603
Car -1 -1 -1.5265 814.5344 781.7496 892.2429 861.0847 1.5787 1.8362 3.9911 -2.8128 5.9550 39.7147 -1.5864 0.9444
Car -1 -1 -1.4479 711.7927 778.3784 855.2023 905.2795 1.4572 1.7716 3.8101 -2.7300 4.0893 23.7282 -1.5566 0.9327
Car -1 -1 2.3027 0.0000 718.8949 30.4190 863.7169 1.4425 1.7426 4.1096 -14.5535 2.8171 19.7546 1.6456 0.7994
Car -1 -1 2.1384 8.3098 752.9179 231.1287 858.8050 1.3960 1.6220 3.8685 -14.7479 3.8298 26.4579 1.6209 0.7868
Car -1 -1 -1.4910 786.0619 778.6390 884.8405 870.2003 1.4755 1.7981 3.8658 -2.6752 5.0215 32.5521 -1.5636 0.6704
Car -1 -1 -1.5702 854.6429 789.9500 909.4913 850.9272 1.5378 1.7793 3.9327 -2.6503 7.3368 50.5421 -1.6105 0.3965
Car -1 -1 2.0060 238.5190 769.9629 368.8813 841.6052 1.5001 1.7844 3.9870 -18.1572 5.7201 41.4888 1.5958 0.3601
Car -1 -1 2.0398 217.6460 731.2699 441.9994 846.0934 1.7471 2.1361 4.9479 -12.4927 4.0628 30.0115 1.6420 0.2655
Car -1 -1 1.9415 344.5514 772.6273 457.6399 836.8284 1.4582 1.8430 4.1168 -17.0003 6.1669 45.5906 1.5892 0.1933
Car -1 -1 -0.5921 0.0000 704.7796 468.2061 1216.0000 1.4616 1.7538 3.8191 -2.5874 1.7341 3.1721 -1.5489 0.1133
