Pedestrian -1 -1 -1.5293 1028.2949 771.8409 1077.4556 908.6253 1.7216 0.6186 0.6176 1.2236 3.7110 19.9033 -1.4521 0.7675
Pedestrian -1 -1 1.4193 1103.8037 778.7092 1146.1179 885.0681 1.7307 0.6300 0.7722 2.8260 4.4318 25.8678 1.5457 0.5956
Pedestrian -1 -1 1.5276 1060.1733 779.9086 1085.3910 852.4527 1.6051 0.5671 0.5719 2.5822 5.2292 34.6644 1.6171 0.5511
Pedestrian -1 -1 1.5240 1037.1207 779.9706 1061.3672 852.6068 1.6079 0.5426 0.5691 2.0355 5.2305 34.6422 1.5973 0.1866
Pedestrian -1 -1 -1.5963 1099.6545 781.7355 1145.1479 913.3000 1.6704 0.5957 0.5119 2.1473 3.7926 19.9503 -1.4702 0.1297
Cyclist -1 -1 -1.4582 899.7956 758.8457 968.0284 897.9745 1.7133 0.7454 1.8406 -0.3680 3.6985 21.2086 -1.4650 0.4583
Car -1 -1 -1.2018 181.1245 747.0969 696.6581 1124.6130 1.4685 1.7235 3.5185 -2.7549 2.3284 8.7455 -1.5492 0.9599
Car -1 -1 -1.3720 558.0175 768.9207 797.9784 971.2149 1.5031 1.7527 3.7139 -2.8160 3.1902 15.6467 -1.5546 0.9583
Car -1 -1 -1.5200 812.6243 780.6807 891.6826 861.3168 1.5877 1.8261 4.0991 -2.8246 5.9123 39.4566 -1.5807 0.9530
Car -1 -1 -1.4482 704.8464 778.3654 852.5202 907.5550 1.4593 1.8052 3.8779 -2.7704 4.0679 23.4705 -1.5601 0.9394
Car -1 -1 2.3114 0.0000 723.7563 6.8475 876.8026 1.4646 1.7609 4.2035 -14.6108 2.8801 19.2551 1.6392 0.8107
Car -1 -1 2.1420 0.0000 749.1518 216.0252 857.1959 1.4072 1.6373 3.7981 -14.7142 3.7162 25.8569 1.6147 0.7482
Car -1 -1 1.9549 292.1196 778.1271 410.5250 846.1196 1.5161 1.8530 4.1066 -18.1368 6.3034 44.6667 1.5734 0.3071
Car -1 -1 -1.5377 857.2887 789.6371 914.3268 848.7207 1.4960 1.7544 3.8968 -2.5214 7.2966 50.7037 -1.5753 0.2722
Car -1 -1 2.0141 214.6068 764.8358 352.8820 838.7569 1.5169 1.8159 4.1392 -18.3380 5.5196 40.6856 1.5924 0.1749
Car -1 -1 -1.4362 784.1909 769.8820 893.2888 861.7380 1.4740 1.8020 3.9183 -2.5827 4.8070 32.3653 -1.5064 0.1658
Car -1 -1 2.0360 211.4984 735.2419 439.9623 850.9956 1.7421 2.1831 5.0480 -12.5774 4.1494 30.0351 1.6362 0.1602
Car -1 -1 -0.5783 0.0000 648.3506 448.7166 1216.0000 1.4397 1.8180 3.9185 -2.5434 1.5169 2.9390 -1.5975 0.1505
Car -1 -1 1.9739 363.0156 774.8646 478.0995 840.8174 1.4673 1.7645 4.1042 -16.1717 6.1848 44.9386 1.6332 0.1033
