Pedestrian -1 -1 1.4508 1096.6687 777.3160 1136.0865 877.6636 1.7129 0.6348 0.7572 2.8011 4.5090 27.0555 1.5710 0.7274
Pedestrian -1 -1 -1.5505 1020.7679 768.2012 1066.4670 901.5270 1.7491 0.6087 0.5839 1.1395 3.7556 20.6212 -1.4799 0.5871
Pedestrian -1 -1 1.5474 1047.7662 780.5092 1072.4689 854.0558 1.6706 0.5860 0.7143 2.3713 5.4474 35.9224 1.6282 0.5214
Pedestrian -1 -1 1.0176 0.0000 733.2984 283.4127 1216.0000 1.3917 0.6734 0.7764 -2.7718 1.7775 4.8728 0.3531 0.1184
Pedestrian -1 -1 -2.1176 0.0000 754.6851 321.4828 1216.0000 1.3890 0.6899 0.6925 -2.1837 1.7620 3.8648 -2.8332 0.1033
Cyclist -1 -1 -1.4506 899.1111 758.2742 969.6552 897.7551 1.7383 0.7744 1.8573 -0.3650 3.7378 21.4526 -1.4570 0.4154
Car -1 -1 -1.2496 286.9984 752.9417 720.4713 1085.6316 1.4748 1.7062 3.5006 -2.7320 2.4608 9.7518 -1.5541 0.9635
Car -1 -1 -1.3760 581.2171 768.6550 804.3943 959.1110 1.5129 1.7336 3.6726 -2.8330 3.2809 16.5357 -1.5483 0.9561
Car -1 -1 -1.5222 815.3818 782.8416 892.6784 860.3376 1.5642 1.8420 3.9897 -2.8426 6.0388 40.3621 -1.5816 0.9447
Car -1 -1 -1.4508 717.6473 779.8399 857.4514 902.7011 1.4403 1.7764 3.7869 -2.7284 4.1496 24.2438 -1.5567 0.9362
Car -1 -1 2.1575 34.5395 757.0062 252.2589 860.3866 1.3862 1.6082 3.8545 -14.6948 3.9571 27.1162 1.6529 0.8268
Car -1 -1 -1.4958 787.1820 779.2183 884.1373 868.7357 1.4676 1.8123 3.8534 -2.7176 5.0820 33.0972 -1.5682 0.7626
Car -1 -1 2.0082 232.7776 763.6537 385.3560 849.1115 1.4476 1.6104 4.0616 -14.7477 4.7975 34.0504 1.5987 0.4283
Car -1 -1 -1.5597 851.2689 785.5016 908.9904 845.3214 1.5183 1.8566 3.9051 -2.7055 7.1616 50.5675 -1.6012 0.1842
Car -1 -1 2.0042 274.5345 772.7845 401.6711 841.9445 1.5026 1.8355 4.1529 -18.1029 6.0284 43.6505 1.6146 0.1745
Car -1 -1 -1.4886 839.1127 782.2916 907.3234 843.8486 1.4251 1.7675 3.9113 -2.7097 6.5561 46.7649 -1.5349 0.1496
Car -1 -1 2.0550 194.9474 758.4457 349.3858 836.3532 1.5322 1.8451 4.4036 -18.0322 5.2492 39.3734 1.6265 0.1377
Car -1 -1 -0.4587 0.0000 648.1985 477.8182 1216.0000 1.5230 1.8827 4.1396 -2.6075 1.5998 2.8165 -1.5206 0.1257
Car -1 -1 1.9335 384.1240 771.1358 493.8983 834.2870 1.4767 1.8400 4.3307 -16.4507 6.3197 47.3300 1.6043 0.1095
