Pedestrian -1 -1 1.4319 1113.8536 783.2609 1161.2415 898.5815 1.7330 0.6602 0.8438 2.8292 4.3256 24.0588 1.5673 0.7489
Pedestrian -1 -1 -1.5554 1034.7800 762.8101 1085.6704 907.3365 1.7177 0.6172 0.6018 1.2441 3.4756 18.7321 -1.4728 0.7408
Pedestrian -1 -1 1.5381 1069.0961 777.0368 1095.9098 854.1523 1.6199 0.5801 0.6343 2.6779 5.0184 33.0704 1.6344 0.5983
Cyclist -1 -1 -1.5063 900.6845 752.5068 963.4510 893.4111 1.7306 0.7437 1.8802 -0.3921 3.6099 21.0647 -1.5145 0.4132
Cyclist -1 -1 1.4487 1113.8695 783.1374 1160.5975 899.8309 1.7446 0.6569 0.8865 2.8191 4.3335 24.0188 1.5839 0.1078
Car -1 -1 -1.1612 24.2178 739.7582 659.1583 1191.1826 1.4657 1.7275 3.5539 -2.7454 2.1811 7.5369 -1.5708 0.9569
Car -1 -1 -1.3554 515.4430 767.1665 783.2827 987.7172 1.4881 1.7562 3.6972 -2.8283 3.0301 14.3492 -1.5579 0.9555
Car -1 -1 -1.4950 809.5173 782.6279 894.5101 862.7672 1.4823 1.7968 4.1925 -2.7225 5.7206 38.0741 -1.5558 0.9533
Car -1 -1 -1.4244 677.3515 771.4227 841.8243 905.1070 1.4264 1.8430 3.8694 -2.8878 3.7924 22.1936 -1.5497 0.8211
Car -1 -1 2.2038 0.0000 730.8903 175.5506 844.7407 1.4189 1.6699 3.9693 -14.8505 3.2988 24.4812 1.6456 0.7892
Car -1 -1 -1.5278 847.3961 784.8013 908.3340 845.6108 1.5214 1.7818 3.5758 -2.6746 6.9100 48.6072 -1.5710 0.3954
Car -1 -1 -1.4716 772.2028 768.6011 880.8041 867.0110 1.5366 1.8256 3.7838 -2.7112 4.6836 30.8394 -1.5505 0.2215
Car -1 -1 -1.5153 839.4800 776.9872 907.8983 843.0446 1.4789 1.7641 3.7965 -2.5433 6.1645 44.1654 -1.5615 0.1558
Car -1 -1 2.0329 260.9101 761.8068 394.3847 830.1634 1.4645 1.8315 4.1793 -18.0348 5.5773 42.7787 1.6366 0.1374
Car -1 -1 -1.4492 732.7620 780.3073 859.4158 890.0457 1.4638 1.8119 3.7020 -2.9176 4.4761 27.1160 -1.5490 0.1217
