Pedestrian -1 -1 1.4016 1126.5559 781.8947 1179.2621 907.0338 1.7211 0.6624 0.7376 2.7984 4.0583 21.8874 1.5483 0.7586
Pedestrian -1 -1 -1.5691 1036.4330 766.5210 1091.5280 925.5822 1.7488 0.6264 0.5965 1.1961 3.4220 17.3437 -1.4835 0.7333
Pedestrian -1 -1 1.5201 1078.9567 783.3777 1109.8044 871.6852 1.7162 0.6067 0.6189 2.7165 4.9890 30.5571 1.6248 0.6431
Pedestrian -1 -1 0.0404 1295.1246 746.1840 1374.5763 924.8210 1.4943 0.6808 0.6462 3.3813 2.6247 13.5122 0.3215 0.1597
Pedestrian -1 -1 -1.5402 1101.6533 775.9996 1153.9414 928.1120 1.7073 0.5892 0.5170 1.9733 3.5251 17.6883 -1.4091 0.1199
Cyclist -1 -1 -1.4635 891.4168 757.8936 960.4786 900.2941 1.7261 0.7493 1.8661 -0.4729 3.6699 20.8925 -1.4759 0.3755
Car -1 -1 -1.0142 0.0000 724.3663 595.0937 1216.0000 1.4523 1.7498 3.6288 -2.7145 1.9511 5.6836 -1.5685 0.9570
Car -1 -1 -1.3246 434.4734 766.7757 757.1161 1024.8259 1.4787 1.7635 3.6957 -2.8468 2.8368 12.4615 -1.5641 0.9499
Car -1 -1 -1.5038 801.0447 786.9515 889.6700 873.2269 1.5198 1.8214 4.2074 -2.7559 5.6880 36.3587 -1.5690 0.9494
Car -1 -1 -1.4389 666.4975 773.9085 840.6392 922.5671 1.4540 1.8318 3.7548 -2.7066 3.6614 20.2739 -1.5686 0.9192
Car -1 -1 -1.5314 837.0122 786.7523 898.0185 852.8863 1.5799 1.7367 4.0757 -2.9546 6.9742 47.7933 -1.5815 0.6984
Car -1 -1 1.9760 286.9665 767.5838 408.1751 833.5223 1.4511 1.7791 4.2348 -18.0898 5.8806 44.2884 1.5917 0.1578
Car -1 -1 -1.4710 731.6932 782.1766 862.1408 899.4194 1.4576 1.8116 3.7719 -2.7247 4.3421 25.5401 -1.5703 0.1378
Car -1 -1 2.0390 212.7561 759.5963 356.9020 833.0732 1.4680 1.7603 4.2975 -18.0312 5.2758 40.0873 1.6176 0.1270
