Pedestrian -1 -1 -1.5654 1035.0094 764.5150 1088.7772 912.9394 1.7219 0.6448 0.6563 1.2416 3.4706 18.3743 -1.4815 0.8225
Pedestrian -1 -1 1.4090 1119.5624 785.9598 1167.6227 901.4899 1.7002 0.6438 0.7968 2.8641 4.2796 23.5438 1.5488 0.6797
Pedestrian -1 -1 1.5276 1070.4869 780.2344 1097.9536 858.7822 1.6195 0.5771 0.6268 2.6658 5.0256 32.4624 1.6251 0.5496
Cyclist -1 -1 -1.4979 897.8948 750.7897 964.1330 892.8095 1.7339 0.7717 1.8685 -0.4030 3.5748 20.9114 -1.5069 0.3649
Cyclist -1 -1 1.2644 1323.1068 756.8560 1413.6289 887.0204 1.7755 0.8365 2.0537 6.3737 3.9428 23.5274 1.5551 0.1527
Car -1 -1 -1.1268 0.0000 739.7524 656.5891 1216.0000 1.4582 1.7459 3.6583 -2.7135 2.1456 7.1112 -1.5592 0.9516
Car -1 -1 -1.5041 808.4961 783.5752 893.8407 865.2368 1.4924 1.8159 4.1990 -2.7094 5.7066 37.6121 -1.5655 0.9491
Car -1 -1 -1.3413 488.3605 767.4070 771.8134 995.5128 1.4845 1.7766 3.6277 -2.8940 2.9772 13.8389 -1.5574 0.9387
Car -1 -1 -1.4382 682.4171 770.3140 845.5516 909.9124 1.4639 1.8162 3.8322 -2.7480 3.7533 21.6188 -1.5606 0.8983
Car -1 -1 2.2203 0.0000 728.9346 155.7994 846.6552 1.4199 1.6821 3.9283 -14.7423 3.2052 23.6383 1.6484 0.7508
Car -1 -1 2.0436 232.9890 744.7810 395.1823 827.9745 1.4761 1.7787 4.0975 -14.9085 4.4263 34.6982 1.6367 0.4017
Car -1 -1 -1.5182 848.3315 783.8955 910.8022 844.8416 1.5162 1.7908 3.6054 -2.6108 6.8624 48.4713 -1.5602 0.3764
Car -1 -1 -1.4585 767.9614 772.3781 881.3775 873.1961 1.5256 1.8294 3.8996 -2.7038 4.7184 30.3964 -1.5384 0.3518
Car -1 -1 2.3002 0.0000 708.5232 2.7678 864.3286 1.4944 1.8184 4.2038 -14.3771 2.6653 18.7932 1.6225 0.1861
Car -1 -1 -1.4424 733.6639 779.8357 863.7733 893.2606 1.4894 1.8101 3.6886 -2.8145 4.4412 26.6199 -1.5405 0.1855
Car -1 -1 -1.5072 832.8869 780.5020 903.6305 846.3058 1.4357 1.7749 3.8005 -2.6662 6.1697 43.5842 -1.5571 0.1501
