Pedestrian -1 -1 -1.5430 1035.5173 765.4066 1091.5465 922.2451 1.7540 0.6340 0.6274 1.2151 3.4492 17.6946 -1.4578 0.7747
Pedestrian -1 -1 1.4339 1126.3341 785.7179 1175.8129 906.9848 1.7000 0.6479 0.7818 2.8368 4.1515 22.4027 1.5792 0.6925
Pedestrian -1 -1 1.4756 1076.3481 784.9590 1107.4357 869.8613 1.6831 0.5978 0.6118 2.7146 5.0465 31.1165 1.5786 0.6081
Pedestrian -1 -1 -1.5236 1099.1606 775.2768 1152.7542 927.2605 1.7379 0.6084 0.5269 1.9894 3.5826 18.0320 -1.3941 0.1554
Cyclist -1 -1 -1.4643 893.8338 757.6667 963.0909 898.2795 1.7204 0.7615 1.8786 -0.4422 3.6803 21.1035 -1.4749 0.3872
Cyclist -1 -1 1.3231 1342.2081 773.9339 1419.7717 903.2090 1.6207 0.6829 1.9904 6.1743 3.9233 22.0929 1.6231 0.1785
Car -1 -1 -1.3292 449.5462 768.8965 759.5618 1017.0629 1.4700 1.7616 3.6312 -2.8647 2.8776 12.7956 -1.5630 0.9547
Car -1 -1 -1.0451 0.0000 727.2785 607.6748 1216.0000 1.4639 1.7522 3.6260 -2.7526 2.0050 6.0867 -1.5654 0.9537
Car -1 -1 -1.4858 803.5096 785.0244 893.3917 868.9583 1.4869 1.8021 4.2286 -2.7108 5.6521 36.7663 -1.5490 0.9513
Car -1 -1 -1.4364 674.2210 771.1520 842.8540 916.6686 1.4561 1.7912 3.8073 -2.7015 3.6690 20.7163 -1.5627 0.9398
Car -1 -1 2.1683 0.0000 732.9020 175.3980 849.7000 1.4455 1.6815 4.0273 -14.7488 3.3508 24.3362 1.6106 0.8356
Car -1 -1 -1.4372 720.9024 781.4873 853.8038 896.6131 1.4568 1.7753 3.7119 -2.9328 4.3674 25.9172 -1.5431 0.1551
Car -1 -1 -1.4909 832.0902 784.6956 907.5496 852.1782 1.4164 1.8007 3.9096 -2.5661 6.1969 42.7563 -1.5396 0.1281
Car -1 -1 -1.4893 839.9371 783.7875 904.9077 845.9051 1.5136 1.7479 3.9297 -2.8475 6.8929 48.6349 -1.5361 0.1254
Car -1 -1 2.0066 285.1754 764.0576 411.0955 830.4089 1.4613 1.7977 4.2684 -18.0543 5.7816 44.2493 1.6226 0.1104
