Pedestrian -1 -1 -1.5713 1029.8981 764.4334 1081.8689 909.6917 1.7418 0.6470 0.6749 1.2063 3.5475 18.9898 -1.4919 0.8229
Pedestrian -1 -1 1.4020 1114.4243 784.1664 1160.7031 897.2523 1.7328 0.6388 0.8069 2.8815 4.3856 24.4948 1.5373 0.6960
Pedestrian -1 -1 1.5332 1067.8419 778.1002 1094.9586 854.7575 1.6326 0.5909 0.5943 2.6815 5.0882 33.4171 1.6287 0.6358
Cyclist -1 -1 -1.5078 900.1392 753.6536 964.1546 894.3816 1.7087 0.7562 1.8516 -0.3864 3.5838 20.8329 -1.5160 0.4602
Car -1 -1 -1.1766 83.0574 739.8975 665.7972 1164.2610 1.4717 1.6933 3.4774 -2.7508 2.2109 7.8717 -1.5674 0.9631
Car -1 -1 -1.5068 810.0676 783.8662 893.1845 864.0641 1.4969 1.8129 4.2195 -2.7569 5.8035 38.4002 -1.5679 0.9542
Car -1 -1 -1.3612 528.2532 766.9123 787.7979 983.1791 1.4996 1.7532 3.7044 -2.8172 3.0707 14.6808 -1.5577 0.9519
Car -1 -1 -1.4337 678.6544 774.8338 837.4312 909.0504 1.4571 1.8263 3.8535 -2.9557 3.9069 22.4981 -1.5600 0.9163
Car -1 -1 2.2044 0.0000 735.9901 187.4980 849.1877 1.4040 1.6837 4.0703 -14.8311 3.3992 24.7615 1.6526 0.8068
Car -1 -1 2.2415 0.0000 730.5099 116.2655 829.5156 1.5375 1.8421 4.4305 -19.4997 3.8465 30.4032 1.6636 0.3715
Car -1 -1 -1.4560 740.0895 779.9440 860.0044 886.8371 1.5083 1.8145 3.6904 -2.9843 4.6417 28.3613 -1.5530 0.3084
Car -1 -1 -1.4885 834.7719 780.5961 907.2558 845.8994 1.4441 1.7888 3.8304 -2.6274 6.2578 44.2893 -1.5365 0.2119
Car -1 -1 -1.5601 855.1075 786.1974 911.4277 846.3476 1.4892 1.7515 3.6593 -2.5117 6.9552 48.8225 -1.5996 0.1838
Car -1 -1 2.0198 255.8753 761.1837 387.5675 829.8927 1.4744 1.8326 4.0865 -18.0663 5.5331 42.4501 1.6199 0.1247
Car -1 -1 -1.6905 980.6578 778.7186 1138.8416 951.6288 1.6070 1.6313 3.8083 1.1711 3.7898 19.2838 -1.6139 0.1049
