Pedestrian -1 -1 -1.5896 1054.5355 757.3509 1117.5651 941.4088 1.7284 0.6107 0.6065 1.2378 3.0721 14.8425 -1.4877 0.7341
Pedestrian -1 -1 1.3925 1159.5005 767.0262 1222.7968 918.2451 1.6828 0.6385 0.6917 2.7044 3.3924 17.6410 1.5677 0.5479
Pedestrian -1 -1 1.5953 1096.1262 780.1905 1132.3027 883.6841 1.7190 0.6065 0.6944 2.7023 4.4993 26.3874 1.7145 0.5164
Pedestrian -1 -1 -1.5738 1132.3986 763.9462 1193.6036 936.5746 1.6267 0.5920 0.4879 2.0059 3.0332 14.8404 -1.4160 0.1331
Cyclist -1 -1 -1.4692 894.3370 747.9857 961.9858 885.4155 1.6975 0.7522 1.8575 -0.4481 3.5171 21.1483 -1.4802 0.5150
Car -1 -1 -1.2332 207.8440 741.3417 698.0037 1109.3109 1.5244 1.7574 3.7066 -2.8321 2.3870 9.2242 -1.5689 0.9596
Car -1 -1 -1.4946 776.8135 772.7336 874.0089 865.4918 1.5140 1.7869 4.1342 -2.9378 4.9886 33.0773 -1.5740 0.9453
Car -1 -1 -1.3877 598.8256 761.9966 817.7587 939.3282 1.4540 1.7913 3.8627 -2.7745 3.2123 17.2284 -1.5489 0.9411
Car -1 -1 -1.5273 823.8427 776.3850 887.6633 844.9355 1.5610 1.6928 3.9695 -3.1240 6.3095 44.8790 -1.5857 0.9240
Car -1 -1 -0.2654 0.0000 631.6199 278.9895 1216.0000 1.5574 1.7402 3.8069 -2.8071 1.5761 2.2264 -1.5350 0.9111
Car -1 -1 -1.4410 684.8450 770.3315 833.7756 900.9869 1.4615 1.7491 3.7526 -2.9849 3.8609 22.7927 -1.5668 0.4663
