Pedestrian -1 -1 -1.5713 1072.9642 771.6665 1138.1469 967.7729 1.7060 0.5861 0.5537 1.3346 3.0889 13.7813 -1.4541 0.7396
Pedestrian -1 -1 1.5212 1108.9784 792.8165 1146.9651 901.6802 1.6877 0.6014 0.6840 2.7458 4.4993 24.6744 1.6500 0.5921
Pedestrian -1 -1 1.4100 1186.8168 770.8662 1254.1334 942.5802 1.7134 0.6183 0.6721 2.7409 3.2952 15.8589 1.6069 0.4805
Cyclist -1 -1 -1.4951 896.3509 754.7313 962.2448 896.1887 1.7014 0.7536 1.8239 -0.4217 3.5743 20.6373 -1.5053 0.5020
Car -1 -1 -1.1682 56.5177 731.0151 662.6624 1172.3938 1.5391 1.7317 3.6117 -2.8117 2.2279 7.8958 -1.5654 0.9610
Car -1 -1 -1.3818 576.5261 765.6653 809.7217 962.2109 1.4945 1.7609 3.6796 -2.7053 3.1639 15.8812 -1.5541 0.9468
Car -1 -1 -1.5195 825.4509 778.9424 891.7374 849.1046 1.5338 1.6749 4.0265 -2.9467 6.2295 43.5683 -1.5760 0.9447
Car -1 -1 -1.4919 768.6256 772.4941 870.4998 871.1724 1.5677 1.8022 4.0043 -2.9418 4.9009 31.7662 -1.5754 0.9360
Car -1 -1 1.9694 240.5565 780.6318 362.6945 850.9630 1.4916 1.7763 3.9069 -18.6126 6.1093 42.3781 1.5586 0.6089
Car -1 -1 -1.4491 675.6052 772.8698 825.2379 911.4277 1.4686 1.6849 3.7287 -2.9694 3.8036 21.7251 -1.5813 0.4149
Car -1 -1 1.9294 350.9529 777.7499 464.0964 844.6716 1.4451 1.7674 4.0471 -16.0718 6.1103 43.6098 1.5807 0.1457
