Pedestrian -1 -1 1.4329 1153.2839 774.1094 1209.0479 915.9672 1.6433 0.6071 0.6334 2.6898 3.5051 18.3344 1.6007 0.5668
Pedestrian -1 -1 -1.5851 1050.2970 752.1849 1112.2380 934.8949 1.7617 0.6158 0.6263 1.2226 3.0867 15.2285 -1.4867 0.5645
Pedestrian -1 -1 1.5498 1083.3353 778.6428 1117.2817 879.8651 1.7265 0.6044 0.7439 2.5186 4.5547 27.1116 1.6590 0.3389
Pedestrian -1 -1 -1.5573 1129.6494 761.7406 1189.2614 930.3668 1.6285 0.5832 0.4897 2.0187 3.0464 15.2042 -1.4023 0.1932
Pedestrian -1 -1 -0.0166 1321.4886 708.1763 1412.5122 920.4498 1.5841 0.7205 0.6820 3.2489 2.2743 11.9506 0.2907 0.1068
Cyclist -1 -1 -1.4846 896.9172 750.5488 960.9461 886.2991 1.6764 0.7309 1.8329 -0.4385 3.5328 21.1522 -1.4952 0.5400
Car -1 -1 -1.2640 265.4369 741.8970 708.3567 1083.1667 1.5217 1.7486 3.7132 -2.8353 2.4347 9.8077 -1.5777 0.9555
Car -1 -1 -1.4929 779.0034 774.6016 875.0616 865.9204 1.5033 1.7852 4.2577 -2.9592 5.0928 33.7283 -1.5710 0.9464
Car -1 -1 -0.4519 0.0000 656.4260 363.6310 1216.0000 1.5321 1.7435 3.7540 -2.7772 1.6310 2.7930 -1.5448 0.9356
Car -1 -1 -1.4010 606.3757 759.8231 819.1562 933.8375 1.4694 1.8173 4.0341 -2.8152 3.2583 17.8003 -1.5587 0.9307
Car -1 -1 -1.5319 824.5765 776.6557 887.8038 845.0023 1.5720 1.7127 4.0162 -3.1480 6.3856 45.4100 -1.5900 0.9159
Car -1 -1 -1.4468 690.9861 770.1672 835.0650 901.5436 1.5414 1.7700 3.7122 -3.0271 4.0054 23.5087 -1.5700 0.1898
Car -1 -1 2.0829 123.5188 735.6528 318.7431 833.4548 1.5201 1.6103 4.4614 -15.0272 3.9582 30.6512 1.6221 0.1447
