Pedestrian -1 -1 -1.5571 1047.8358 755.6163 1107.6798 928.9356 1.7415 0.6134 0.5769 1.2381 3.1532 15.8297 -1.4611 0.6659
Pedestrian -1 -1 1.4114 1145.8699 765.9566 1202.9989 908.2424 1.7407 0.6425 0.6825 2.7467 3.5950 19.3160 1.5740 0.5672
Pedestrian -1 -1 1.4933 1085.6221 775.6628 1119.1326 870.3775 1.6955 0.5894 0.6819 2.6604 4.5777 28.2377 1.6038 0.4514
Pedestrian -1 -1 0.1009 1314.4114 722.0562 1403.3016 919.2580 1.5486 0.6971 0.6338 3.3626 2.3978 12.6260 0.4006 0.1432
Pedestrian -1 -1 -1.5775 1119.0074 766.6270 1176.3003 929.8503 1.6428 0.5924 0.4847 1.9748 3.1689 15.8212 -1.4314 0.1390
Pedestrian -1 -1 -3.0080 1351.2158 729.1366 1446.6854 927.8921 1.4275 0.6308 0.6079 3.3988 2.2650 11.5970 -2.6779 0.1293
Cyclist -1 -1 -1.4586 895.7237 752.5604 962.0704 887.9947 1.6778 0.7235 1.8257 -0.4408 3.5727 21.2525 -1.4691 0.5105
Car -1 -1 -1.2866 328.0802 750.7241 724.4989 1060.2206 1.5034 1.7516 3.6759 -2.8398 2.5503 10.6020 -1.5741 0.9576
Car -1 -1 -1.5096 790.3567 777.2864 879.4451 865.6673 1.4988 1.7592 4.1508 -2.8649 5.2410 34.6382 -1.5824 0.9489
Car -1 -1 -0.7048 0.0000 686.5578 449.3916 1216.0000 1.4795 1.7171 3.4477 -2.7542 1.7060 3.7578 -1.5572 0.9457
Car -1 -1 -1.4164 634.6756 766.3091 832.7619 930.2940 1.4578 1.8347 3.8786 -2.7034 3.4015 18.6059 -1.5598 0.9337
Car -1 -1 -1.5510 833.1545 780.1368 891.6277 846.3837 1.5445 1.6744 3.8902 -3.0084 6.5329 46.0823 -1.6049 0.9226
Car -1 -1 -1.4745 703.5383 775.7440 836.8016 903.8749 1.5279 1.7513 3.7010 -2.9967 4.1476 24.1026 -1.5926 0.2334
Car -1 -1 1.9087 374.6339 781.0746 482.8198 846.9550 1.4820 1.8186 4.0932 -16.0946 6.4377 45.4038 1.5733 0.2015
Car -1 -1 -1.4309 796.4001 773.5720 883.2197 844.2731 1.4261 1.7824 3.6707 -3.1993 5.5934 40.0228 -1.5004 0.1892
Car -1 -1 2.0352 206.3958 768.9711 343.2756 839.9388 1.4703 1.7899 4.1260 -18.9963 5.6788 41.5874 1.6087 0.1361
