Pedestrian -1 -1 -1.5938 1062.9290 766.8751 1125.7686 957.8300 1.7185 0.5826 0.5399 1.2612 3.0936 14.1894 -1.4856 0.7109
Pedestrian -1 -1 1.3964 1172.2998 772.3884 1236.0748 929.8912 1.6643 0.6166 0.6254 2.7074 3.3434 16.7095 1.5813 0.5662
Pedestrian -1 -1 1.5362 1103.9733 789.0416 1138.1941 891.2435 1.6340 0.5669 0.6688 2.7122 4.4632 25.4182 1.6600 0.5240
Cyclist -1 -1 -1.4819 895.9044 750.8444 962.5403 888.1897 1.6843 0.7555 1.8671 -0.4313 3.5389 21.0610 -1.4922 0.5064
Car -1 -1 -1.1969 130.6065 731.5510 682.4335 1139.0311 1.5580 1.7565 3.6987 -2.8304 2.2999 8.5462 -1.5626 0.9624
Car -1 -1 -1.3893 587.0508 761.0631 812.0717 950.0845 1.5020 1.7775 3.7490 -2.7454 3.1751 16.4880 -1.5570 0.9430
Car -1 -1 -1.5052 773.5593 769.2670 871.7893 866.4348 1.5770 1.8092 3.9936 -2.9234 4.8851 32.2564 -1.5866 0.9403
Car -1 -1 -1.5277 826.1833 776.6360 889.0935 845.5126 1.5413 1.6395 3.9398 -3.0197 6.2248 44.1764 -1.5849 0.9300
Car -1 -1 -1.4436 680.2671 769.2006 830.5791 904.0083 1.4710 1.7221 3.7992 -2.9725 3.8052 22.2888 -1.5721 0.6012
Car -1 -1 0.0160 0.0000 0.0000 1936.0000 1216.0000 1.5535 1.7278 3.6926 -2.8105 1.4497 1.5281 -1.4939 0.5187
Car -1 -1 1.8999 305.2561 775.8544 417.2159 843.5178 1.5154 1.8599 4.2190 -18.0714 6.2992 45.2400 1.5242 0.1854
Car -1 -1 1.9729 198.8567 758.0370 336.6133 835.2837 1.5849 1.8454 4.2099 -18.5258 5.3499 40.1586 1.5419 0.1098
