Pedestrian -1 -1 -1.5756 1042.1228 761.4293 1099.6949 927.5040 1.7676 0.6338 0.6310 1.2366 3.3343 16.8194 -1.4849 0.6760
Pedestrian -1 -1 1.3861 1132.9221 781.1482 1188.2135 911.5345 1.7245 0.6612 0.7255 2.7983 3.9625 21.0467 1.5384 0.6513
Pedestrian -1 -1 1.5305 1080.0195 786.3454 1110.6143 875.8815 1.7011 0.5948 0.6098 2.6771 4.9644 29.9035 1.6360 0.5618
Cyclist -1 -1 -1.4660 888.7148 757.6359 958.4258 901.0396 1.7256 0.7559 1.8653 -0.5021 3.6521 20.7413 -1.4801 0.3503
Car -1 -1 -0.9321 0.0000 722.5264 558.9689 1216.0000 1.4166 1.7540 3.5719 -2.7404 1.8658 5.0858 -1.5612 0.9518
Car -1 -1 -1.5035 794.9890 783.8268 885.8915 871.9087 1.5383 1.8410 4.1769 -2.8249 5.5595 35.7479 -1.5722 0.9464
Car -1 -1 -1.3101 406.2478 765.8571 750.2595 1040.8412 1.4961 1.7619 3.6493 -2.8254 2.7855 11.8474 -1.5618 0.9462
Car -1 -1 -1.4321 659.4603 773.5309 839.9346 927.5181 1.4684 1.8333 3.7389 -2.6825 3.6182 19.7554 -1.5645 0.9322
Car -1 -1 -1.5294 838.7131 788.9911 899.5950 854.5812 1.5317 1.7026 4.1076 -2.8711 6.9469 47.2911 -1.5784 0.7370
Car -1 -1 -1.4440 710.1716 781.8343 848.2113 903.9786 1.5072 1.8151 3.7348 -2.9788 4.3458 25.1683 -1.5555 0.1484
Car -1 -1 2.0950 42.2538 755.1202 228.2745 844.6862 1.4526 1.6957 4.1083 -17.7364 4.4490 32.3409 1.5893 0.1424
Car -1 -1 1.9967 238.8146 767.5373 371.8274 839.4422 1.4797 1.7634 4.2390 -18.0549 5.6298 41.3759 1.5875 0.1391
Car -1 -1 2.2143 0.0000 730.6193 102.2611 852.1678 1.4039 1.6961 3.9351 -15.1079 3.1539 22.7540 1.6122 0.1004
