Pedestrian -1 -1 -1.5730 1045.5842 757.6397 1106.0753 933.6400 1.7492 0.6223 0.6556 1.2114 3.1791 15.7538 -1.4785 0.7321
Pedestrian -1 -1 1.5158 1092.5342 777.8864 1125.9456 873.8726 1.6827 0.5903 0.6634 2.7346 4.5498 27.6771 1.6310 0.4382
Pedestrian -1 -1 1.4237 1148.8241 767.6588 1207.4576 913.9626 1.7466 0.6497 0.7169 2.7378 3.5883 18.9282 1.5891 0.4223
Pedestrian -1 -1 0.2427 1309.8569 709.6933 1411.5861 911.5587 1.5405 0.7053 0.6343 3.2820 2.2626 12.2697 0.5447 0.1906
Pedestrian -1 -1 -1.5395 1120.9252 770.9924 1178.8617 935.4355 1.6449 0.5808 0.4919 1.9933 3.2146 15.7745 -1.3918 0.1223
Cyclist -1 -1 -1.4667 895.7155 754.1647 961.2345 888.3077 1.6649 0.7293 1.8161 -0.4482 3.5878 21.3073 -1.4775 0.5005
Car -1 -1 -1.2731 301.1330 746.0673 718.3973 1068.3491 1.5187 1.7566 3.6897 -2.8464 2.5012 10.2805 -1.5715 0.9525
Car -1 -1 -1.5018 784.2805 777.4576 877.4693 868.9004 1.5312 1.7896 4.2061 -2.9152 5.2339 34.1864 -1.5772 0.9495
Car -1 -1 -1.4120 630.9595 764.5151 829.2371 932.8113 1.4800 1.7860 3.8451 -2.7011 3.3683 18.2929 -1.5581 0.9445
Car -1 -1 -0.6312 0.0000 680.4001 418.6765 1216.0000 1.4836 1.7200 3.4999 -2.7684 1.6769 3.4460 -1.5546 0.9405
Car -1 -1 -1.5409 830.8682 779.1680 891.2848 846.4292 1.5726 1.6869 3.8469 -3.0311 6.5005 45.8259 -1.5956 0.9114
Car -1 -1 -1.4477 697.1998 771.1046 837.2697 899.0480 1.5323 1.7563 3.6296 -3.0137 4.0448 23.8813 -1.5680 0.3648
Car -1 -1 2.1188 108.0939 741.0475 307.1899 837.6487 1.4823 1.6244 4.2973 -15.2116 4.0194 30.4596 1.6506 0.1600
