Pedestrian -1 -1 1.4396 1138.5914 781.4128 1191.6521 914.7386 1.7342 0.6537 0.6755 2.8031 3.9273 20.6089 1.5952 0.7408
Pedestrian -1 -1 -1.5719 1043.3242 768.1631 1100.7812 934.3848 1.7571 0.6281 0.5876 1.2401 3.3860 16.6825 -1.4803 0.7241
Pedestrian -1 -1 1.5554 1078.3979 784.2208 1109.5894 877.3539 1.7447 0.6073 0.6435 2.6227 4.9302 29.5521 1.6601 0.5072
Pedestrian -1 -1 -1.5179 1106.9449 776.0105 1164.6420 935.7037 1.6968 0.6073 0.4976 1.9598 3.4211 16.7625 -1.3808 0.1012
Cyclist -1 -1 -1.3972 886.3398 757.0952 965.0319 898.1581 1.7052 0.7693 1.8696 -0.4749 3.6404 20.9073 -1.4097 0.3673
Car -1 -1 -0.8608 0.0000 710.4536 531.1148 1216.0000 1.4372 1.7595 3.5316 -2.7798 1.8094 4.7202 -1.5478 0.9519
Car -1 -1 -1.3092 393.3748 764.0162 745.6008 1045.8961 1.4950 1.7557 3.6456 -2.8142 2.7402 11.5599 -1.5671 0.9477
Car -1 -1 -1.5139 792.5485 785.2177 880.7806 873.3571 1.5169 1.8048 4.1884 -2.8966 5.5496 35.5094 -1.5853 0.9467
Car -1 -1 -1.4302 658.0773 773.2043 839.8706 929.2646 1.4591 1.8053 3.7985 -2.6548 3.5831 19.5111 -1.5631 0.9447
Car -1 -1 -1.5303 835.7419 787.1842 896.7071 852.0516 1.5032 1.6980 4.0983 -2.9460 6.8282 47.0113 -1.5813 0.7842
Car -1 -1 2.0131 220.5592 770.1940 356.8856 841.6354 1.4525 1.8060 4.1081 -18.3091 5.6295 40.9176 1.5943 0.3371
Car -1 -1 -1.4557 809.8163 781.6547 888.3325 851.5849 1.4486 1.7091 3.6191 -3.0397 5.9543 41.1319 -1.5187 0.3287
Car -1 -1 2.1268 32.2892 755.7548 228.8182 846.3074 1.4692 1.8077 4.1812 -17.9506 4.5046 32.5567 1.6190 0.2510
Car -1 -1 -1.4609 709.8428 781.8651 844.3503 903.5458 1.5066 1.8170 3.6910 -3.0122 4.3387 25.1337 -1.5739 0.2164
