Pedestrian -1 -1 -1.5631 1046.3002 763.9501 1104.6987 933.8157 1.7645 0.6227 0.5679 1.2547 3.3151 16.3625 -1.4689 0.7300
Pedestrian -1 -1 1.3690 1140.1039 774.2353 1199.2335 913.2617 1.7545 0.6619 0.7561 2.7947 3.8015 20.1065 1.5280 0.6275
Pedestrian -1 -1 1.5291 1082.2725 776.0221 1114.7427 872.0120 1.7627 0.6090 0.6827 2.6536 4.7256 28.9588 1.6368 0.5554
Pedestrian -1 -1 0.3297 1284.9668 720.5188 1385.6530 920.1265 1.6439 0.7056 0.6563 3.3176 2.5218 13.2510 0.6115 0.2796
Cyclist -1 -1 -1.4185 889.9067 757.3046 962.3698 894.9900 1.6807 0.7294 1.8554 -0.4744 3.6338 21.0890 -1.4308 0.4400
Car -1 -1 -0.8021 0.0000 694.3560 491.0746 1216.0000 1.4635 1.7453 3.5359 -2.7867 1.7447 4.2772 -1.5618 0.9527
Car -1 -1 -1.3023 368.1175 760.2969 736.8380 1049.6378 1.4766 1.7575 3.6805 -2.8335 2.6570 11.1959 -1.5718 0.9508
Car -1 -1 -1.4297 650.7974 771.9969 838.3934 931.3471 1.4564 1.8272 3.8680 -2.6589 3.5344 19.1866 -1.5655 0.9431
Car -1 -1 -1.5105 791.1279 781.1600 880.7685 869.2928 1.5106 1.8032 4.1453 -2.8793 5.3962 35.1025 -1.5824 0.9392
Car -1 -1 -1.5499 836.9935 784.2128 895.4561 849.0255 1.5123 1.6910 3.9317 -2.9273 6.6963 46.6706 -1.6010 0.8900
Car -1 -1 -1.4323 806.6821 777.1732 888.3659 846.8107 1.4375 1.7056 3.6022 -3.0607 5.7876 40.8616 -1.4965 0.3126
Car -1 -1 2.1199 41.1749 755.4711 235.2028 844.9506 1.4390 1.7606 4.1806 -17.6928 4.4527 32.3877 1.6159 0.2759
Car -1 -1 -1.4814 708.8241 779.2228 842.0529 904.9158 1.5338 1.8319 3.7459 -2.9971 4.2885 24.7981 -1.5957 0.2062
Car -1 -1 2.0120 215.6268 770.8766 356.5811 844.0885 1.4509 1.8258 4.1904 -18.0426 5.5794 40.1802 1.5917 0.1988
