Pedestrian -1 -1 -1.5970 1057.6425 759.5237 1120.3505 946.9431 1.7304 0.5964 0.5742 1.2410 3.0691 14.5611 -1.4930 0.6190
Pedestrian -1 -1 1.3781 1166.8540 769.7407 1232.1353 926.6207 1.6980 0.6336 0.6872 2.7284 3.3951 17.1745 1.5594 0.4698
Pedestrian -1 -1 1.5967 1098.6863 787.0410 1133.7030 887.4863 1.6372 0.5760 0.6784 2.6940 4.4942 25.9725 1.7174 0.3843
Pedestrian -1 -1 -1.5936 1135.7134 771.8006 1196.4701 948.0015 1.6257 0.5755 0.4770 1.9899 3.0804 14.5331 -1.4337 0.1120
Pedestrian -1 -1 1.4253 1106.4546 769.6735 1159.7583 917.6725 1.6099 0.5420 0.5315 1.9557 3.2876 17.0615 1.5598 0.1001
Cyclist -1 -1 -1.4761 894.1483 749.5853 960.2816 884.0274 1.6684 0.7506 1.8280 -0.4644 3.5186 21.2480 -1.4878 0.5157
Car -1 -1 -1.2141 173.7915 734.0126 689.0950 1117.7704 1.5470 1.7502 3.6864 -2.8468 2.3334 8.9288 -1.5641 0.9575
Car -1 -1 -1.3889 589.3810 760.2182 812.8543 941.8701 1.4643 1.7974 3.9052 -2.8040 3.1761 16.9512 -1.5550 0.9418
Car -1 -1 -1.4946 773.5796 770.1260 871.7404 865.2587 1.5449 1.7842 4.1800 -2.9692 4.9313 32.7754 -1.5759 0.9405
Car -1 -1 -1.5300 822.2120 775.5239 886.2484 844.5209 1.5588 1.6948 3.9741 -3.1447 6.2461 44.5332 -1.5895 0.9223
Car -1 -1 -0.1639 0.0000 0.0000 1936.0000 1216.0000 1.5772 1.7378 3.8216 -2.7966 1.5235 1.9424 -1.5281 0.8636
Car -1 -1 -1.4353 680.8585 768.5027 831.2718 902.1965 1.4821 1.7232 3.7801 -2.9993 3.8294 22.5482 -1.5634 0.3335
