Pedestrian -1 -1 -1.6105 1089.7614 773.2373 1156.5153 978.4140 1.7106 0.5733 0.5334 1.4213 3.0470 13.1809 -1.4809 0.7329
Pedestrian -1 -1 1.3841 1207.1500 778.6566 1279.7300 957.6303 1.7021 0.6297 0.6151 2.8380 3.2853 15.0818 1.5980 0.5874
Pedestrian -1 -1 1.3937 1118.3170 807.4067 1162.0905 917.8179 1.6247 0.5755 0.7611 2.8293 4.5639 23.6918 1.5312 0.3709
Cyclist -1 -1 -1.4868 898.7124 764.6378 965.6982 907.2371 1.7106 0.7567 1.8466 -0.3833 3.7382 20.7491 -1.4948 0.4812
Car -1 -1 -1.1200 0.0000 725.8326 643.8387 1216.0000 1.5359 1.7375 3.6923 -2.8044 2.1463 7.1883 -1.5600 0.9576
Car -1 -1 -1.3690 556.1974 766.1358 805.0422 974.5988 1.5070 1.7680 3.6252 -2.6886 3.1080 15.1217 -1.5500 0.9490
Car -1 -1 -1.5010 770.6894 773.5900 873.3961 876.2386 1.5916 1.8025 3.9632 -2.8133 4.8673 30.9520 -1.5828 0.9408
Car -1 -1 -1.5158 825.7230 783.0189 893.0050 853.2524 1.5010 1.6610 3.9457 -2.8736 6.2373 42.8205 -1.5717 0.9385
Car -1 -1 -1.4268 661.1970 772.8652 824.3863 916.8184 1.4514 1.7019 3.7659 -2.9434 3.7011 20.8485 -1.5642 0.4844
Car -1 -1 2.1050 58.6901 756.7395 242.0226 843.2737 1.4901 1.8705 4.0545 -18.3639 4.6773 34.0913 1.6080 0.3822
Car -1 -1 1.9839 261.0498 775.0402 390.1685 845.4507 1.4683 1.8416 4.0731 -17.7577 5.8892 41.9824 1.5867 0.2650
Car -1 -1 -1.4581 784.3585 779.7701 874.7232 860.0340 1.4866 1.7707 3.5867 -3.1675 5.4620 36.5621 -1.5346 0.1696
Car -1 -1 2.1128 147.9600 758.6606 303.4921 831.4909 1.4763 1.9174 4.0732 -19.6646 5.2598 40.1865 1.6584 0.1474
Car -1 -1 1.9924 312.6708 772.6539 432.4811 835.5750 1.4233 1.8610 4.1914 -18.0371 6.1826 46.0277 1.6233 0.1209
