Pedestrian -1 -1 -1.7310 1152.8358 763.8605 1242.8026 1017.2446 1.7045 0.5654 0.5659 1.6789 2.7230 10.6693 -1.5438 0.7439
Pedestrian -1 -1 1.2616 1315.1218 759.0588 1427.9567 1005.2045 1.6696 0.6247 0.7251 2.9773 2.6803 10.9026 1.5726 0.6089
Pedestrian -1 -1 -2.0226 1060.8672 803.0349 1090.2545 847.6987 1.1045 0.4607 0.9432 3.1812 6.1308 41.6727 -1.9314 0.1881
Cyclist -1 -1 -1.5083 917.2733 761.8729 983.4904 909.8787 1.7797 0.7794 1.8933 -0.1308 3.7692 20.7497 -1.5032 0.4084
Car -1 -1 -1.3376 457.5715 766.8970 791.2751 1036.9797 1.4462 1.7590 3.7734 -2.4721 2.7567 11.9032 -1.5567 0.9617
Car -1 -1 -1.4326 766.5833 776.5731 894.3372 889.7681 1.5259 1.7822 4.1492 -2.3617 4.5797 27.9833 -1.5083 0.9550
Car -1 -1 -0.7610 0.0000 694.5456 530.9283 1216.0000 1.5426 1.7459 3.7209 -2.6292 1.8187 4.0363 -1.5333 0.9512
Car -1 -1 -1.5327 837.9069 785.1882 907.1790 862.8364 1.5560 1.6445 3.7391 -2.3057 6.0009 39.5926 -1.5797 0.9333
Car -1 -1 -1.4055 627.6271 771.2642 829.6860 942.9778 1.4293 1.7277 3.9467 -2.6408 3.3688 17.8274 -1.5524 0.5826
Car -1 -1 1.9220 412.8350 765.8477 518.7452 828.3364 1.4571 1.8041 4.0406 -15.2321 6.0037 46.1858 1.6086 0.5684
Car -1 -1 1.9837 301.5824 762.9255 437.7703 838.4968 1.4476 1.7287 4.1296 -15.1012 5.1862 38.4072 1.6109 0.4683
Car -1 -1 2.1140 81.6875 742.7425 280.4191 832.6129 1.4457 1.7876 4.3762 -16.6412 4.1570 32.1677 1.6323 0.2339
Car -1 -1 -1.4096 787.0457 781.6027 892.0625 866.6305 1.4117 1.7603 3.5513 -2.6667 5.1149 33.4916 -1.4794 0.1222
Car -1 -1 -1.5464 852.6284 791.9069 913.3712 857.5256 1.5383 1.7321 3.5331 -2.3660 6.8626 45.8958 -1.5861 0.1072
