Pedestrian -1 -1 -1.6290 1077.8654 769.0674 1143.9540 965.6964 1.6916 0.5764 0.5027 1.3477 3.0216 13.5281 -1.5087 0.7382
Pedestrian -1 -1 1.3774 1199.1151 767.5588 1270.1824 945.1807 1.7459 0.6315 0.6171 2.8287 3.2558 15.5148 1.5847 0.6613
Pedestrian -1 -1 1.5406 1113.4562 790.5649 1151.3179 902.1006 1.6995 0.6026 0.7074 2.7763 4.4344 24.3051 1.6725 0.4897
Cyclist -1 -1 -1.4922 897.7343 755.6657 964.2452 896.7655 1.7042 0.7604 1.8575 -0.4008 3.6048 20.7819 -1.5012 0.5010
Car -1 -1 -1.1530 9.2614 729.2206 654.3981 1194.3619 1.5341 1.7214 3.6572 -2.7993 2.1911 7.5860 -1.5667 0.9585
Car -1 -1 -1.3796 570.0359 764.6706 808.1923 964.0731 1.4880 1.7631 3.6610 -2.6926 3.1175 15.5899 -1.5547 0.9516
Car -1 -1 -1.5114 824.5245 779.8401 892.4496 850.3033 1.5236 1.6766 4.0622 -2.9309 6.2219 43.3127 -1.5679 0.9429
Car -1 -1 -1.5011 767.9417 771.5667 870.4133 871.5864 1.5825 1.8323 3.9003 -2.9145 4.8528 31.3812 -1.5849 0.9111
Car -1 -1 -1.4406 669.0802 770.6966 825.9974 911.0519 1.4574 1.7139 3.7456 -2.9462 3.7173 21.3030 -1.5748 0.5157
Car -1 -1 2.1278 0.0000 737.7287 199.2881 853.4391 1.4732 1.7223 4.0439 -14.6765 3.5164 25.0442 1.5863 0.3112
Car -1 -1 1.9807 264.2328 776.9501 392.1664 846.9620 1.4557 1.8255 4.0753 -17.7143 5.9396 42.0499 1.5850 0.2480
Car -1 -1 2.0714 63.3836 757.0823 242.7542 844.1302 1.4903 1.8084 4.1846 -18.2869 4.6871 34.0691 1.5759 0.1707
Car -1 -1 -1.4339 783.1849 774.3408 876.2207 851.9931 1.4661 1.7940 3.5424 -3.2080 5.3526 37.0697 -1.5104 0.1533
Car -1 -1 2.0790 182.0823 764.5845 327.2276 835.3715 1.4909 1.9219 4.0901 -19.7136 5.6038 41.9240 1.6413 0.1464
Car -1 -1 1.8970 412.4920 769.7681 518.8868 836.6413 1.4762 1.7403 4.0198 -14.4393 5.9137 43.7865 1.5833 0.1149
