Pedestrian -1 -1 1.3766 1274.9938 760.7899 1374.5431 995.3456 1.7561 0.6682 0.7794 2.9257 2.8928 12.0935 1.6516 0.6583
Pedestrian -1 -1 -1.6860 1136.2723 757.8467 1219.4604 996.3859 1.7158 0.5802 0.5455 1.6383 2.7520 11.3669 -1.5147 0.5618
Cyclist -1 -1 -1.4497 914.4805 767.8291 987.0401 915.2493 1.7538 0.7595 1.8803 -0.1239 3.8234 20.6730 -1.4443 0.3336
Car -1 -1 -1.4479 765.8063 781.5093 887.3875 890.4848 1.5164 1.8076 4.1277 -2.5253 4.7688 28.9539 -1.5262 0.9541
Car -1 -1 -0.9114 0.0000 704.8580 594.1268 1216.0000 1.5369 1.7706 3.7358 -2.6471 1.9080 5.0370 -1.5297 0.9516
Car -1 -1 -1.3568 495.9675 766.2224 795.3966 1012.0453 1.4572 1.7630 3.7705 -2.5418 2.8585 12.9350 -1.5616 0.9477
Car -1 -1 -1.5326 833.8036 789.5909 901.9146 865.2412 1.5534 1.6657 3.7263 -2.5018 6.2457 40.7346 -1.5827 0.9369
Car -1 -1 2.1887 0.0000 745.3732 168.3140 839.7318 1.4601 1.7550 4.0634 -18.2718 4.0911 30.5680 1.6435 0.5768
Car -1 -1 -1.5530 853.1159 789.9136 910.7972 853.2014 1.6320 1.8223 3.7196 -2.6286 7.3837 50.2451 -1.5932 0.2860
Car -1 -1 -1.4290 781.2678 789.1181 879.5223 872.8658 1.4478 1.7599 3.4799 -2.9802 5.4535 34.6831 -1.5050 0.2339
Car -1 -1 -1.4001 632.3797 777.5755 821.7211 938.6397 1.4186 1.6967 3.9201 -2.8376 3.5504 18.9021 -1.5480 0.1955
Car -1 -1 1.8992 432.7125 770.2953 532.7487 831.7686 1.4738 1.7915 4.0933 -15.1992 6.3136 47.7097 1.5967 0.1347
Car -1 -1 2.0289 169.2623 760.6585 328.3803 840.1424 1.3821 1.7275 4.1283 -16.6482 4.7638 35.1743 1.5855 0.1194
