Pedestrian -1 -1 1.3113 1291.6509 762.6010 1389.8309 990.5605 1.6665 0.6189 0.6272 2.9440 2.7683 11.6439 1.5990 0.7080
Pedestrian -1 -1 -1.6887 1139.9437 751.4826 1227.8906 999.9792 1.7266 0.5883 0.6611 1.6411 2.6949 11.0917 -1.5127 0.6679
Cyclist -1 -1 -1.4955 915.4877 761.3898 980.8943 907.5559 1.7598 0.7475 1.8712 -0.1619 3.7428 20.7641 -1.4921 0.3821
Car -1 -1 -1.4488 763.7235 776.5595 888.1812 887.3456 1.5167 1.8163 4.1924 -2.4887 4.6182 28.4486 -1.5276 0.9593
Car -1 -1 -1.3444 477.4926 762.5205 794.5568 1016.4810 1.4464 1.7737 3.7762 -2.5153 2.7697 12.4789 -1.5557 0.9559
Car -1 -1 -0.8525 0.0000 694.5788 562.3123 1216.0000 1.5270 1.7675 3.7037 -2.6387 1.8263 4.5442 -1.5403 0.9542
Car -1 -1 -1.5210 837.0704 786.2234 906.5802 862.4664 1.5565 1.6379 3.6710 -2.3585 6.0853 40.1436 -1.5684 0.9399
Car -1 -1 -1.4101 629.4933 771.6935 823.0989 935.1780 1.4070 1.7200 4.0323 -2.7827 3.4255 18.5364 -1.5585 0.5998
Car -1 -1 1.9323 411.1601 766.7568 517.0885 829.4540 1.4790 1.7900 4.1086 -15.5034 6.1219 46.8499 1.6181 0.4104
Car -1 -1 -1.5482 854.6559 787.3002 911.6708 849.7180 1.5988 1.7689 3.6949 -2.5686 7.2153 49.8569 -1.5877 0.3058
Car -1 -1 -1.4489 791.5475 785.4189 888.5978 869.3923 1.4485 1.7790 3.5132 -2.7391 5.3429 34.4811 -1.5183 0.2026
Car -1 -1 2.0352 237.4125 750.5689 388.5273 828.2886 1.4628 1.7857 4.0749 -15.9300 4.7455 36.9775 1.6285 0.2013
Car -1 -1 2.0944 212.6883 751.3996 362.6195 823.1577 1.4331 1.8069 4.0668 -17.6690 4.9484 39.4409 1.6739 0.1798
