Pedestrian -1 -1 1.3404 1266.2103 770.2062 1361.3948 989.7864 1.7128 0.6451 0.7490 2.9490 2.9710 12.5621 1.6069 0.7702
Pedestrian -1 -1 -1.6956 1128.9187 764.2598 1209.6206 998.4102 1.7264 0.5726 0.5265 1.6098 2.8355 11.6273 -1.5309 0.6565
Cyclist -1 -1 -1.4638 912.3865 771.3211 984.0093 922.1708 1.7595 0.7555 1.8597 -0.1562 3.8402 20.2844 -1.4602 0.3813
Car -1 -1 -0.9536 0.0000 712.4542 602.4586 1216.0000 1.5348 1.7637 3.7851 -2.6855 1.9625 5.3827 -1.5357 0.9550
Car -1 -1 -1.3559 501.9860 765.8864 796.2828 1007.6777 1.4665 1.7636 3.7767 -2.5672 2.8885 13.1843 -1.5582 0.9543
Car -1 -1 -1.4628 767.1594 780.7185 884.5449 890.6949 1.5695 1.8117 3.9931 -2.5573 4.8117 29.0940 -1.5417 0.9456
Car -1 -1 -1.5342 831.7751 790.7252 899.7919 866.6357 1.5632 1.6764 3.7480 -2.5702 6.3103 40.9236 -1.5857 0.9366
Car -1 -1 2.1781 0.0000 743.3791 179.0198 835.7404 1.4606 1.7281 4.0752 -18.3082 4.0911 31.1101 1.6401 0.5996
Car -1 -1 1.9443 387.7697 774.2454 504.8440 844.9462 1.4728 1.7141 4.1156 -14.4204 5.8872 42.1061 1.6186 0.2899
Car -1 -1 2.1116 110.1190 744.9189 273.2172 820.1991 1.4301 1.7691 4.0374 -18.9821 4.5735 37.0925 1.6370 0.2775
Car -1 -1 1.9755 276.4517 774.1965 397.0204 839.3128 1.4645 1.8901 4.0562 -18.7272 6.1646 45.0373 1.5853 0.2664
Car -1 -1 -1.4508 781.1522 791.6668 875.5241 875.6870 1.4488 1.7368 3.5722 -3.0419 5.5373 34.8404 -1.5280 0.1839
Car -1 -1 -1.3921 632.5798 778.7953 821.9600 940.6304 1.4470 1.6979 3.8565 -2.8590 3.6075 19.0404 -1.5399 0.1305
Car -1 -1 -1.6013 863.3463 794.2488 922.1227 861.1693 1.6299 1.8539 4.1281 -2.2962 7.4495 49.2709 -1.6356 0.1289
