Pedestrian -1 -1 1.3679 1251.3722 778.5519 1341.3761 986.7544 1.6943 0.6538 0.7524 2.9327 3.0848 13.1407 1.6211 0.7215
Pedestrian -1 -1 -1.6866 1103.9871 765.8555 1180.3046 994.4194 1.7698 0.5716 0.5203 1.4661 2.9430 12.1785 -1.5424 0.5994
Pedestrian -1 -1 1.0974 1143.6530 811.7753 1200.3369 930.0450 1.5974 0.5475 0.7674 3.1042 4.4113 22.0680 1.2574 0.1234
Cyclist -1 -1 -1.4786 911.6165 775.3152 980.1122 924.6573 1.7452 0.7430 1.8648 -0.1895 3.8919 20.3793 -1.4767 0.4170
Car -1 -1 -1.0138 0.0000 711.1729 612.9498 1216.0000 1.5459 1.7473 3.7639 -2.7197 1.9950 5.8832 -1.5483 0.9567
Car -1 -1 -1.3623 521.3254 766.9250 797.9612 997.1266 1.4773 1.7548 3.7038 -2.6049 2.9610 13.7590 -1.5578 0.9554
Car -1 -1 -1.4775 770.8434 781.8655 880.8710 888.2171 1.5470 1.7670 3.9558 -2.6097 4.8648 29.6186 -1.5565 0.9540
Car -1 -1 -1.5254 829.8544 790.1587 897.5258 864.6180 1.5480 1.6576 3.8268 -2.6665 6.3496 41.5303 -1.5783 0.9440
Car -1 -1 2.1563 0.0000 744.5125 189.1181 836.3960 1.4680 1.7437 4.0618 -18.2007 4.1431 31.3704 1.6250 0.5944
Car -1 -1 -1.4399 784.2342 788.6879 880.0264 871.2266 1.4599 1.7789 3.4768 -2.9964 5.5243 35.3236 -1.5146 0.4074
Car -1 -1 2.0553 125.7754 748.5509 279.8230 823.1476 1.4382 1.7656 4.0691 -19.0025 4.7225 37.6720 1.5871 0.3888
Car -1 -1 1.9622 282.1065 773.9756 402.1657 839.5538 1.4883 1.9175 4.1500 -18.7428 6.2286 45.4722 1.5753 0.3153
Car -1 -1 -1.5263 837.4490 795.8076 899.4647 862.1836 1.6058 1.7608 3.6975 -2.9143 7.2547 47.5748 -1.5756 0.2809
Car -1 -1 1.9286 395.5861 774.6796 507.7140 843.1979 1.4387 1.6851 4.0231 -14.3612 5.8858 42.3602 1.6062 0.2795
Car -1 -1 -1.3981 637.7273 776.1877 819.6875 932.1626 1.4541 1.7030 3.7486 -2.9221 3.6201 19.5146 -1.5452 0.1779
