Pedestrian -1 -1 1.3805 1235.0516 780.0760 1319.0823 979.6750 1.7070 0.6497 0.7200 2.8926 3.1725 13.7482 1.6193 0.6294
Pedestrian -1 -1 -1.6231 1099.7457 767.2696 1171.7715 989.7088 1.7560 0.5814 0.5444 1.4492 2.9725 12.4816 -1.4839 0.6169
Pedestrian -1 -1 1.2559 1126.8219 811.6690 1177.9160 929.3066 1.6440 0.5721 0.7568 2.8898 4.5264 22.6579 1.4020 0.3621
Cyclist -1 -1 -1.4465 899.9882 775.0462 972.7565 922.6896 1.7339 0.7515 1.8649 -0.3200 3.8903 20.5068 -1.4512 0.4140
Car -1 -1 -1.3708 535.9536 769.5963 799.6905 990.9357 1.4727 1.7515 3.6826 -2.6285 3.0275 14.2189 -1.5607 0.9559
Car -1 -1 -1.0377 0.0000 710.9260 621.2597 1216.0000 1.5437 1.7293 3.5983 -2.7419 2.0083 6.2530 -1.5414 0.9538
Car -1 -1 -1.4862 770.2936 781.2512 878.1534 886.2153 1.5463 1.7835 4.0687 -2.6890 4.9108 30.1414 -1.5663 0.9496
Car -1 -1 -1.5143 825.4896 788.6469 894.2535 861.6041 1.5425 1.6700 3.7604 -2.8007 6.3410 41.9423 -1.5698 0.9427
Car -1 -1 1.8962 358.4634 789.3802 468.9250 859.5156 1.4852 1.7718 4.1123 -15.8382 6.4938 43.4642 1.5516 0.3343
Car -1 -1 2.1254 8.8679 750.7776 207.4070 842.1654 1.4589 1.7815 4.0502 -17.8882 4.2908 31.5884 1.6051 0.3245
Car -1 -1 -1.4706 794.6484 789.9808 884.6411 870.7043 1.4657 1.7898 3.4514 -2.8827 5.6411 36.0722 -1.5402 0.2768
Car -1 -1 2.1032 109.0513 749.4358 274.2359 827.1599 1.4939 1.8319 4.1892 -19.3207 4.8171 37.7608 1.6293 0.2557
Car -1 -1 -1.5263 840.1686 792.0089 901.0869 854.3370 1.5228 1.7494 3.5955 -2.8724 7.0872 47.9945 -1.5743 0.2485
Car -1 -1 1.9801 271.3406 775.8224 395.5709 842.2790 1.5019 1.9625 4.1901 -19.0159 6.3072 45.5016 1.5883 0.2479
Car -1 -1 -1.4149 644.2469 777.9274 819.5939 931.2855 1.4633 1.7213 3.7620 -2.9473 3.6965 19.9328 -1.5596 0.2134
