Pedestrian -1 -1 1.3847 1226.6549 776.9792 1303.5011 967.9435 1.7139 0.6313 0.5971 2.8830 3.1928 14.2309 1.6147 0.6857
Pedestrian -1 -1 -1.6184 1090.1083 771.5997 1160.3409 990.6175 1.7560 0.5803 0.6143 1.3915 3.0404 12.7627 -1.4872 0.5732
Pedestrian -1 -1 1.4831 1128.0865 810.9323 1167.6008 925.6568 1.6577 0.5607 0.6689 2.8762 4.5737 23.0910 1.6260 0.4568
Pedestrian -1 -1 -1.5985 1155.3490 776.2583 1221.4374 986.9653 1.7160 0.5524 0.5125 1.9576 3.0512 12.8971 -1.4208 0.1075
Cyclist -1 -1 -1.4494 898.1665 769.8270 971.4553 917.3467 1.7339 0.7613 1.8674 -0.3403 3.8107 20.4574 -1.4554 0.4344
Car -1 -1 -1.0755 0.0000 719.3199 626.1448 1216.0000 1.5287 1.7249 3.6085 -2.7734 2.0605 6.6051 -1.5543 0.9556
Car -1 -1 -1.3717 546.6878 768.4864 803.4494 984.8771 1.4846 1.7504 3.6566 -2.6274 3.0577 14.5430 -1.5566 0.9509
Car -1 -1 -1.4973 771.2955 777.7475 876.0326 882.5853 1.5852 1.7947 4.0329 -2.7387 4.9127 30.5331 -1.5779 0.9454
Car -1 -1 -1.5151 826.5043 786.7766 894.6964 859.4465 1.5370 1.6616 3.8898 -2.7993 6.3202 42.2423 -1.5701 0.9284
Car -1 -1 -1.4223 651.9069 772.8289 819.8427 923.1725 1.4932 1.7070 3.6694 -2.9590 3.6847 20.3137 -1.5646 0.3669
Car -1 -1 2.1276 29.4096 753.8014 223.1656 841.4072 1.4318 1.7775 4.1761 -18.1970 4.4448 32.8283 1.6175 0.3403
Car -1 -1 1.9004 402.8628 781.5104 512.7482 852.5254 1.5146 1.7443 4.0871 -14.4033 6.2333 43.0047 1.5822 0.3192
Car -1 -1 -1.4715 792.8247 785.9149 883.1411 867.0084 1.4783 1.7980 3.5550 -2.9333 5.5724 36.2215 -1.5422 0.2454
Car -1 -1 -1.5458 840.9643 787.2944 895.7313 849.6231 1.6347 1.7383 3.9358 -3.1682 7.4511 51.5727 -1.5952 0.1344
Car -1 -1 1.9421 329.3794 781.3914 450.4170 852.2335 1.4907 1.8059 4.3080 -16.4185 6.2379 43.1993 1.5832 0.1204
Car -1 -1 1.9356 337.0299 754.6733 465.6992 832.4415 1.5648 1.7870 4.0942 -14.5185 5.1288 39.0119 1.5816 0.1182
Car -1 -1 2.1415 128.7484 750.3193 294.0266 824.9158 1.5021 1.8947 4.3508 -19.9410 5.0464 39.9947 1.6791 0.1155
