Pedestrian -1 -1 1.2181 1331.4761 750.0710 1458.0920 1017.0681 1.7236 0.6481 0.7560 2.9995 2.6265 10.4013 1.5468 0.7484
Pedestrian -1 -1 -1.7445 1157.8783 757.9965 1251.2180 1021.7805 1.7394 0.5686 0.5657 1.6893 2.6942 10.4398 -1.5519 0.5917
Pedestrian -1 -1 1.4711 1166.0510 809.2639 1213.2811 950.0654 1.6750 0.5456 0.6444 2.9004 4.0628 19.0264 1.6446 0.4757
Pedestrian -1 -1 -2.8477 770.9116 770.8187 815.8736 873.6535 1.5737 0.6797 0.5517 -2.7310 3.9889 24.3655 -2.9533 0.1122
Cyclist -1 -1 -1.4900 917.2392 764.8972 987.0851 913.5457 1.7824 0.7965 1.8882 -0.1052 3.8157 20.7443 -1.4836 0.4012
Car -1 -1 -1.3359 446.2362 768.8528 788.2627 1046.2954 1.4454 1.7630 3.6976 -2.4529 2.7387 11.5772 -1.5604 0.9573
Car -1 -1 -1.4516 770.1768 778.1516 895.6489 891.8383 1.5159 1.7930 4.1088 -2.2911 4.5666 27.6759 -1.5256 0.9524
Car -1 -1 -0.7056 0.0000 684.2234 519.1069 1216.0000 1.5582 1.7609 3.7149 -2.6018 1.7819 3.7487 -1.5301 0.9391
Car -1 -1 -1.5360 840.5949 786.3896 910.2415 864.3150 1.5260 1.6468 3.8848 -2.2120 5.9829 39.3210 -1.5810 0.9289
Car -1 -1 -1.4010 615.6437 770.9709 821.7769 944.7008 1.4162 1.7163 4.0257 -2.7209 3.3357 17.6247 -1.5547 0.7181
Car -1 -1 2.0167 285.3638 763.2173 424.9449 839.2192 1.4376 1.6986 4.0107 -15.2399 5.1264 37.8255 1.6350 0.6367
Car -1 -1 1.8903 383.1917 773.4537 488.0103 840.1295 1.4940 1.7546 3.9932 -15.5583 6.1102 44.4615 1.5585 0.3512
Car -1 -1 2.0607 159.1770 745.9186 339.9009 838.8779 1.4601 1.6281 4.1695 -14.6904 4.1506 31.1267 1.6158 0.1997
