Pedestrian -1 -1 1.3454 1258.9418 763.9226 1340.3124 964.3436 1.7959 0.6337 0.6991 3.2157 3.1546 14.2561 1.5993 0.6958
Pedestrian -1 -1 0.9941 1627.6987 689.8048 1890.3408 1193.2400 1.7654 0.6261 0.7382 3.0190 2.0302 5.7219 1.6062 0.6565
Pedestrian -1 -1 -1.8188 1284.8387 737.1713 1434.5420 1102.6810 1.7329 0.6234 0.6879 2.0275 2.3367 7.6787 -1.5016 0.6424
Pedestrian -1 -1 0.3993 0.0000 725.2159 36.5136 888.9081 1.6848 0.6380 0.7044 -10.5637 2.8004 16.2465 -0.2053 0.1348
Cyclist -1 -1 -1.4873 969.6808 772.0261 1042.3132 922.0253 1.7465 0.8070 1.8487 0.6275 3.8370 20.2799 -1.4426 0.4547
Car -1 -1 -1.2346 183.5854 743.5634 763.1768 1184.2012 1.4811 1.7937 3.7662 -2.2317 2.2625 7.9489 -1.5523 0.9594
Car -1 -1 -1.4781 775.2833 784.7937 913.0995 916.9188 1.5142 1.7951 3.8580 -1.7768 4.2694 23.8158 -1.5443 0.9554
Car -1 -1 -1.5158 851.7583 792.1562 933.8478 881.3615 1.5743 1.6962 3.8535 -1.5790 5.7771 35.6319 -1.5486 0.9430
Car -1 -1 -1.5423 883.9971 796.6926 945.7834 863.6458 1.5051 1.7112 3.7614 -1.3634 6.9155 45.2067 -1.5600 0.9292
Car -1 -1 -1.4774 815.2438 790.1516 922.3874 891.2573 1.4803 1.7530 3.5155 -1.7657 4.9445 29.5548 -1.5270 0.9157
Car -1 -1 2.1099 65.4918 757.1422 267.7734 857.0548 1.4014 1.6378 3.8028 -14.7755 4.0527 28.0436 1.6182 0.4977
Car -1 -1 1.8811 495.3953 761.3847 598.6833 825.7230 1.5243 1.8503 4.4474 -13.0287 6.0487 47.3076 1.6188 0.2011
Car -1 -1 -1.5434 878.5170 803.4466 949.0424 875.8647 1.4593 1.8014 3.8076 -1.2725 6.6395 41.4749 -1.5618 0.1118
