Pedestrian -1 -1 1.0892 1554.1195 705.8904 1779.4431 1147.0718 1.7357 0.6338 0.7778 3.0076 2.1066 6.4402 1.6305 0.6840
Pedestrian -1 -1 -1.7884 1255.4110 733.2908 1390.6827 1082.3815 1.7777 0.6227 0.6143 1.9561 2.3920 8.1473 -1.5008 0.6645
Pedestrian -1 -1 1.3991 1241.2200 773.7767 1314.2710 959.7709 1.7568 0.6296 0.6804 3.1787 3.2922 15.0624 1.6368 0.5904
Pedestrian -1 -1 2.1104 0.0000 767.0641 66.8025 896.5375 1.7701 0.6270 0.5415 -13.2372 3.8256 21.3410 1.5403 0.1084
Cyclist -1 -1 -1.4586 959.7662 769.4268 1038.3767 919.4647 1.7433 0.8353 1.8673 0.5347 3.7969 20.2620 -1.4187 0.4904
Car -1 -1 -1.2634 254.9947 749.7299 774.7089 1152.3774 1.4793 1.7986 3.7973 -2.2383 2.3564 8.5943 -1.5539 0.9628
Car -1 -1 -1.4714 773.0919 781.9512 910.3123 910.2538 1.4959 1.8033 4.0463 -1.8680 4.2850 24.5067 -1.5393 0.9580
Car -1 -1 -1.5161 848.2638 787.0706 928.9042 874.5770 1.5856 1.6958 3.8477 -1.7094 5.7245 36.2267 -1.5519 0.9407
Car -1 -1 -1.5375 877.0308 788.6508 939.3626 854.9845 1.5333 1.7390 3.8135 -1.5911 6.7741 45.9448 -1.5599 0.9110
Car -1 -1 -1.4789 814.0724 787.4896 921.0633 886.5844 1.4807 1.7912 3.5736 -1.8266 4.9568 30.1489 -1.5293 0.8239
Car -1 -1 1.8139 514.7581 764.2891 605.1941 827.1697 1.5349 1.7990 4.3675 -12.9275 6.2529 48.4227 1.5599 0.1576
Car -1 -1 1.9382 390.1797 771.4123 505.0828 839.7623 1.4718 1.7769 4.0483 -14.7255 5.8959 43.0953 1.6135 0.1516
Car -1 -1 2.0964 89.0042 748.0309 280.9111 846.2451 1.4478 1.6249 3.7294 -14.7828 3.9674 28.7030 1.6144 0.1474
Car -1 -1 -1.3696 569.4277 780.9313 832.5988 993.7772 1.3895 1.7717 3.9179 -2.3834 3.1276 14.6689 -1.5349 0.1403
