Pedestrian -1 -1 -1.9588 1290.9636 740.9146 1458.6171 1117.7090 1.7316 0.6309 0.6331 2.0330 2.3326 7.4127 -1.6283 0.7657
Pedestrian -1 -1 0.9871 1675.7698 697.7216 1936.0000 1216.0000 1.7490 0.6110 0.6905 3.0219 2.0283 5.3711 1.6391 0.6853
Pedestrian -1 -1 1.3584 1273.5358 756.0228 1357.1387 960.7159 1.7833 0.6382 0.7109 3.2751 3.0327 13.8768 1.6238 0.6703
Cyclist -1 -1 -1.4821 969.5625 772.3281 1043.8457 923.9006 1.7820 0.8270 1.8856 0.6445 3.9002 20.4966 -1.4368 0.4123
Car -1 -1 -1.2261 159.3739 741.9314 758.6137 1200.3242 1.4846 1.7746 3.7107 -2.2069 2.2311 7.6683 -1.5540 0.9578
Car -1 -1 -1.4571 770.1178 784.3964 913.5314 918.5166 1.5238 1.7894 3.8177 -1.7932 4.2455 23.5707 -1.5250 0.9509
Car -1 -1 -1.5117 855.4318 794.0907 939.2971 882.8921 1.5350 1.7045 3.9082 -1.4573 5.7602 35.3670 -1.5414 0.9427
Car -1 -1 -1.5589 888.0659 796.3849 949.4540 864.0990 1.5255 1.7518 3.7068 -1.2397 6.8929 44.9501 -1.5741 0.9069
Car -1 -1 -1.4787 814.6927 789.5654 923.4811 892.1166 1.4940 1.7732 3.4965 -1.7441 4.9169 29.3013 -1.5281 0.9020
Car -1 -1 2.0856 77.0535 761.4498 291.1954 868.3698 1.4664 1.6754 4.3709 -14.5912 4.2594 28.3749 1.6047 0.6469
Car -1 -1 1.9101 352.0984 789.1775 461.7440 855.9344 1.4732 1.8224 4.1122 -16.6887 6.6680 45.2252 1.5618 0.1323
Car -1 -1 1.9112 487.8182 762.3036 594.5538 826.6736 1.5110 1.8259 4.4823 -13.1925 6.0631 47.2395 1.6452 0.1233
