Pedestrian -1 -1 -1.9114 1313.5037 729.4977 1485.6918 1127.6046 1.7454 0.6244 0.6640 2.0523 2.2632 7.0680 -1.5600 0.7429
Pedestrian -1 -1 0.9087 1743.7557 688.8163 1936.0000 1216.0000 1.7435 0.6186 0.7178 3.0236 1.9670 4.8521 1.6288 0.6286
Pedestrian -1 -1 1.3216 1292.1577 758.2729 1376.0170 968.1426 1.7624 0.5947 0.6854 3.3200 2.9851 13.3569 1.6009 0.5694
Pedestrian -1 -1 2.2001 0.0000 779.1454 24.3352 913.1735 1.7351 0.6037 0.6134 -13.2835 3.8727 20.4074 1.6066 0.1595
Pedestrian -1 -1 0.4133 0.0000 741.9219 0.0627 914.8745 1.6952 0.6109 0.7376 -10.5283 2.9409 15.5429 -0.2119 0.1262
Cyclist -1 -1 -1.4756 971.8124 775.2703 1047.3458 926.7333 1.7612 0.8257 1.8593 0.6779 3.9021 20.3120 -1.4282 0.4033
Car -1 -1 -1.1921 80.5219 742.7188 749.2704 1216.0000 1.4714 1.7846 3.7790 -2.2315 2.1931 7.2501 -1.5459 0.9592
Car -1 -1 -1.4699 773.1121 788.0630 918.1371 923.5651 1.4861 1.8109 3.9106 -1.6988 4.2311 23.1720 -1.5350 0.9539
Car -1 -1 -1.5206 857.8286 798.7095 941.3015 889.4907 1.5390 1.7027 3.9323 -1.3872 5.8300 34.9354 -1.5487 0.9413
Car -1 -1 -1.5747 893.6666 797.2010 954.9034 867.8514 1.5617 1.7400 3.8416 -1.0812 6.9030 44.4247 -1.5865 0.9119
Car -1 -1 -1.4806 817.5845 792.4479 928.1009 896.1101 1.4799 1.7851 3.5191 -1.6486 4.9252 28.9540 -1.5273 0.8729
Car -1 -1 2.0461 140.1469 768.4519 287.8874 844.3365 1.4943 1.7611 4.1979 -19.6591 5.4935 39.5497 1.5856 0.6745
Car -1 -1 1.8525 447.6125 787.4415 547.7311 854.9686 1.4925 1.7932 4.0158 -13.8163 6.5797 44.7860 1.5594 0.3260
Car -1 -1 1.9219 321.5237 783.3455 441.2242 854.8370 1.5066 1.8385 4.3190 -16.7075 6.3255 43.3102 1.5580 0.2707
Car -1 -1 2.0835 59.3475 750.3644 275.8365 860.7606 1.5232 1.6807 4.2292 -14.5037 4.0189 27.6139 1.5927 0.2582
Car -1 -1 -1.5160 906.9638 789.5585 966.2438 848.7015 1.5436 1.8026 3.8749 -0.8211 7.4926 52.0473 -1.5190 0.1599
