Pedestrian -1 -1 1.1672 1383.8739 732.6308 1525.3296 1033.3053 1.7117 0.6231 0.6864 2.9918 2.3939 9.1173 1.5433 0.7512
Pedestrian -1 -1 1.5288 1186.4830 784.0232 1240.1658 948.3585 1.7636 0.6032 0.9194 2.9431 3.6805 17.5154 1.7194 0.5777
Pedestrian -1 -1 -1.8720 1179.6610 742.7656 1292.3363 1036.4615 1.7759 0.5828 0.5673 1.7531 2.5564 9.5958 -1.6542 0.5713
Cyclist -1 -1 -1.4515 930.7285 762.7622 1011.6943 912.6683 1.7903 0.8745 1.9455 0.1625 3.7993 20.7682 -1.4314 0.3792
Cyclist -1 -1 1.5288 1186.4830 784.0232 1240.1658 948.3585 1.7636 0.6032 0.9194 2.9431 3.6805 17.5154 1.7194 0.1020
Car -1 -1 -1.3104 387.4003 764.9026 782.5698 1077.6627 1.4537 1.7903 3.7455 -2.4026 2.6155 10.5247 -1.5560 0.9578
Car -1 -1 -1.4647 774.0669 778.4451 899.0577 897.2520 1.5387 1.7619 4.0117 -2.1411 4.4855 26.6641 -1.5363 0.9564
Car -1 -1 -0.4251 0.0000 647.3570 430.2465 1216.0000 1.5584 1.7622 3.8030 -2.5622 1.6272 2.6495 -1.5289 0.9285
Car -1 -1 -1.5364 842.9684 788.4075 915.0642 867.7938 1.5023 1.6653 3.9209 -2.0631 5.9128 38.3712 -1.5789 0.9250
Car -1 -1 -1.5646 869.2894 788.7534 924.4198 854.3513 1.6108 1.6966 3.7157 -2.0322 7.0737 47.9805 -1.5948 0.7928
Car -1 -1 2.0988 107.5003 761.6715 294.0971 857.2031 1.4449 1.6629 3.8123 -15.2165 4.3808 30.1510 1.6268 0.6878
Car -1 -1 2.0148 257.6967 766.3424 404.6112 844.7708 1.4155 1.7119 4.0950 -15.3245 5.0750 36.6035 1.6190 0.5552
Car -1 -1 -1.5122 854.4278 789.2804 923.7069 861.2781 1.6341 1.7903 3.6557 -2.0936 6.6989 44.2287 -1.5476 0.4524
Car -1 -1 1.8852 406.6161 797.3028 511.1772 864.7569 1.4491 1.7763 3.9211 -14.7540 6.7623 44.1239 1.5683 0.1657
Car -1 -1 -1.3821 608.5420 784.7400 830.9470 968.7293 1.3760 1.7112 3.8160 -2.5233 3.3454 16.4875 -1.5352 0.1401
Car -1 -1 -1.4714 811.6382 782.3812 912.3026 871.2169 1.4512 1.8111 3.5368 -2.1096 5.0793 32.6451 -1.5258 0.1319
Car -1 -1 2.0232 236.2419 755.7764 360.0099 823.1226 1.6315 1.8316 4.3249 -20.7393 5.9344 46.9677 1.6109 0.1142
