Pedestrian -1 -1 1.0938 1468.3385 712.1506 1643.1528 1082.1096 1.7552 0.6268 0.6293 2.9903 2.2155 7.5676 1.5500 0.7087
Pedestrian -1 -1 1.4638 1222.1539 785.8732 1284.5688 958.8303 1.7440 0.6103 0.6167 3.1286 3.5089 16.0547 1.6836 0.5150
Pedestrian -1 -1 -1.7838 1231.9421 735.0107 1355.4387 1068.1901 1.7755 0.5923 0.6064 1.8757 2.4246 8.4975 -1.5194 0.4574
Cyclist -1 -1 -1.4299 952.1322 765.1976 1035.3728 915.0140 1.7645 0.8583 1.8968 0.4694 3.7836 20.5124 -1.3937 0.4808
Car -1 -1 -1.2813 305.5470 757.9066 779.3793 1125.8285 1.4659 1.8145 3.7917 -2.2928 2.4586 9.2506 -1.5540 0.9561
Car -1 -1 -1.4747 777.2784 780.7686 906.9003 904.9368 1.5185 1.7694 3.8936 -1.9257 4.3513 25.2076 -1.5425 0.9543
Car -1 -1 -1.5323 849.1706 788.8663 925.1420 874.2861 1.5813 1.6847 3.8744 -1.7878 5.8579 37.0656 -1.5691 0.9272
Car -1 -1 -1.5445 874.2772 789.7883 934.6622 856.1536 1.5603 1.7293 3.8101 -1.7292 6.9017 46.5373 -1.5694 0.9096
Car -1 -1 -0.0748 0.0000 0.0000 1936.0000 1216.0000 1.5229 1.7289 3.6611 -2.5042 1.4685 1.6915 -1.5149 0.6245
Car -1 -1 1.9907 248.2032 760.4648 400.1109 843.4456 1.4710 1.7322 4.2920 -15.1181 4.9070 35.7397 1.5906 0.2873
Car -1 -1 -1.4651 802.3427 790.1345 911.3359 888.0071 1.4815 1.8212 3.5876 -2.0781 5.0731 30.6698 -1.5228 0.2719
