Pedestrian -1 -1 -1.8521 1211.0049 747.0555 1328.7913 1052.4990 1.7398 0.5826 0.5501 1.8535 2.5009 9.0319 -1.6073 0.6598
Pedestrian -1 -1 1.0963 1424.4838 730.0058 1578.4467 1067.1766 1.7418 0.6130 0.5922 2.9605 2.3426 8.2352 1.5103 0.5819
Pedestrian -1 -1 1.5245 1209.3699 789.4124 1265.6672 959.3798 1.7699 0.6050 0.7029 3.0837 3.6543 16.7339 1.7326 0.3322
Cyclist -1 -1 -1.4432 941.0924 764.9171 1020.7701 912.4892 1.7594 0.8450 1.9066 0.2961 3.7962 20.7470 -1.4162 0.4103
Car -1 -1 -1.2856 335.5452 758.3881 779.7177 1100.9373 1.4509 1.7966 3.8220 -2.3561 2.4953 9.7694 -1.5486 0.9621
Car -1 -1 -1.4767 776.3555 779.8405 902.3782 901.0402 1.5221 1.7657 3.9262 -2.0244 4.4046 25.8375 -1.5464 0.9613
Car -1 -1 -1.5412 847.0089 787.7308 919.8760 871.3555 1.5598 1.6636 3.9386 -1.9072 5.8662 37.5725 -1.5806 0.9362
Car -1 -1 -1.5656 870.9177 788.8013 928.4702 856.3416 1.6301 1.7423 3.7478 -1.9083 7.0083 47.1773 -1.5939 0.8654
Car -1 -1 -0.1858 0.0000 629.1688 337.5615 1216.0000 1.5344 1.7439 3.8322 -2.5619 1.5456 1.9654 -1.5238 0.8231
Car -1 -1 2.1073 107.6493 757.3105 296.8158 856.8332 1.5058 1.6452 3.8169 -15.0059 4.3174 29.7955 1.6359 0.6257
Car -1 -1 2.0593 253.6040 760.7362 409.5428 842.1370 1.4594 1.7010 4.1992 -15.1469 4.9466 36.2214 1.6636 0.2869
Car -1 -1 1.8764 401.5818 790.2871 509.3221 860.8772 1.4848 1.7768 4.0632 -14.4960 6.4747 43.0755 1.5571 0.2026
Car -1 -1 -1.4962 811.0609 781.2571 911.5338 873.4764 1.4721 1.8275 3.5356 -2.0613 4.9746 31.7130 -1.5511 0.1612
Car -1 -1 1.8436 465.0858 772.7947 559.2648 834.7911 1.5080 1.8431 4.1485 -14.4710 6.5015 48.4063 1.5596 0.1348
Car -1 -1 -1.3797 592.3822 789.2978 830.8646 988.8573 1.4008 1.7401 3.8887 -2.4714 3.3456 15.7187 -1.5378 0.1149
Car -1 -1 -1.4799 859.8800 790.1073 933.8652 858.5391 1.4832 1.7742 3.6586 -1.8238 6.4820 43.3688 -1.5101 0.1145
