Pedestrian -1 -1 -1.7886 1196.2856 736.5527 1306.0465 1031.1492 1.7536 0.5853 0.5720 1.8137 2.4779 9.4109 -1.5590 0.7218
Pedestrian -1 -1 1.1771 1397.9808 734.1580 1542.4138 1048.5104 1.7229 0.6203 0.6553 2.9634 2.3865 8.7542 1.5659 0.6928
Pedestrian -1 -1 1.4946 1193.1821 786.5421 1249.7949 955.3878 1.7973 0.6001 0.7929 2.9797 3.6998 17.1710 1.6912 0.5358
Pedestrian -1 -1 -1.9187 1078.9349 810.5376 1109.9053 856.8701 1.0822 0.5189 1.0230 3.5540 6.1131 39.9681 -1.8145 0.1010
Cyclist -1 -1 -1.4436 936.1927 766.2084 1017.6664 913.6016 1.7724 0.8806 1.9142 0.2432 3.8465 20.9372 -1.4195 0.4035
Car -1 -1 -1.4659 776.3950 780.6410 901.4136 899.5252 1.5304 1.7601 3.9101 -2.0827 4.4902 26.4357 -1.5360 0.9609
Car -1 -1 -1.2947 371.4188 760.7671 784.1415 1081.2527 1.4495 1.7904 3.7180 -2.3726 2.5507 10.2398 -1.5453 0.9574
Car -1 -1 -1.5346 846.3902 790.0094 918.6077 871.1775 1.5314 1.6466 3.8536 -1.9549 5.9397 37.9968 -1.5747 0.9210
Car -1 -1 -0.3580 0.0000 633.3239 403.7607 1216.0000 1.5654 1.7488 3.8629 -2.5721 1.5902 2.4463 -1.5290 0.9179
Car -1 -1 2.0941 104.6788 762.3514 292.2391 860.2931 1.4755 1.6662 3.8120 -15.1523 4.4057 29.9344 1.6209 0.7901
Car -1 -1 -1.5563 872.2505 787.1956 928.6264 851.7673 1.5662 1.6951 3.7808 -1.9059 6.9528 47.7324 -1.5841 0.6434
Car -1 -1 2.0513 258.5186 765.6178 413.5473 845.7055 1.4267 1.7237 4.2188 -15.1413 5.0630 36.4667 1.6584 0.2596
Car -1 -1 -1.4819 810.9410 788.6937 911.1648 879.4621 1.4501 1.8047 3.5368 -2.0982 5.1714 32.1779 -1.5368 0.2142
Car -1 -1 -1.5284 859.0654 795.7529 926.1301 863.2320 1.4823 1.7653 3.5829 -1.9697 6.6878 43.7632 -1.5614 0.1336
Car -1 -1 1.8462 468.7143 769.4146 562.7742 831.0323 1.5172 1.8404 4.2147 -14.4864 6.4420 48.8486 1.5644 0.1133
Car -1 -1 1.8757 403.2597 782.3119 511.1239 853.1614 1.5080 1.7650 4.1498 -14.4826 6.2738 43.1892 1.5572 0.1046
