Pedestrian -1 -1 1.1180 1498.4965 718.4266 1688.9124 1112.8604 1.7475 0.6319 0.6922 3.0013 2.2170 7.1506 1.6030 0.7194
Pedestrian -1 -1 -1.8460 1244.4285 742.9647 1371.9303 1068.5002 1.7388 0.5984 0.5229 1.9465 2.4258 8.4393 -1.5703 0.5610
Pedestrian -1 -1 1.3846 1235.3511 770.5162 1304.8740 954.2189 1.8082 0.6188 0.6173 3.2046 3.3541 15.5535 1.6166 0.5161
Cyclist -1 -1 -1.4525 955.2511 768.2689 1034.3101 917.0793 1.7428 0.8381 1.8786 0.4804 3.7956 20.4198 -1.4157 0.4897
Car -1 -1 -1.2715 283.8806 755.9222 777.4462 1139.4318 1.4738 1.8074 3.7690 -2.2681 2.4243 8.9470 -1.5521 0.9628
Car -1 -1 -1.4701 774.4448 781.2436 908.6505 906.8106 1.4990 1.7929 4.0087 -1.9086 4.3196 24.9465 -1.5382 0.9575
Car -1 -1 -1.5300 847.8707 789.1758 925.4221 875.7472 1.5770 1.6934 3.9523 -1.7819 5.8296 36.7330 -1.5671 0.9137
Car -1 -1 -1.5433 876.0193 789.5074 936.5562 855.0610 1.5432 1.7272 3.7019 -1.6676 6.8517 46.3725 -1.5670 0.9089
Car -1 -1 0.0102 0.0000 0.0000 1936.0000 1216.0000 1.5583 1.7637 3.7851 -2.4890 1.4981 1.4864 -1.5079 0.3335
Car -1 -1 1.8223 526.3441 772.5767 612.5595 834.5488 1.5585 1.7526 4.2006 -12.9713 6.6780 49.7386 1.5746 0.2784
Car -1 -1 -1.4502 799.4631 787.6954 911.6308 885.5326 1.4743 1.8252 3.5519 -2.0885 4.9884 30.4513 -1.5089 0.2620
Car -1 -1 1.9264 390.0371 773.3624 504.2194 841.7910 1.4748 1.8044 4.0331 -14.7558 5.9605 43.1402 1.6014 0.2242
Car -1 -1 2.1095 88.4890 753.8680 282.0118 852.6861 1.4423 1.5704 3.8702 -14.9085 4.1109 28.9654 1.6283 0.1741
Car -1 -1 2.0348 242.0433 755.4730 403.0704 840.6211 1.5090 1.7608 4.3165 -15.0442 4.8006 35.4886 1.6337 0.1655
