Pedestrian -1 -1 1.2081 1355.1709 746.4371 1487.8251 1028.8256 1.7252 0.6346 0.7510 3.0126 2.5560 9.8428 1.5574 0.6995
Pedestrian -1 -1 -1.7765 1167.5558 753.1834 1265.3977 1024.8274 1.7394 0.5660 0.5507 1.7168 2.6306 10.1130 -1.5744 0.6131
Pedestrian -1 -1 1.5331 1169.1234 801.2750 1216.8635 947.7481 1.6824 0.5710 0.6595 2.8491 3.8985 18.4242 1.7091 0.4612
Cyclist -1 -1 -1.4451 919.6604 769.1976 996.8224 917.0614 1.7647 0.8187 1.8903 -0.0194 3.8652 20.7762 -1.4343 0.3405
Car -1 -1 -1.3223 425.8527 762.6091 788.5907 1055.9084 1.4797 1.7730 3.7411 -2.4271 2.6849 11.2018 -1.5531 0.9597
Car -1 -1 -1.4609 770.4653 779.3641 894.7249 894.8229 1.5257 1.7827 4.0015 -2.2611 4.5479 27.2278 -1.5353 0.9535
Car -1 -1 -1.5318 841.8240 787.6305 912.4259 865.9824 1.5279 1.6428 3.7780 -2.1452 5.9691 38.9193 -1.5757 0.9398
Car -1 -1 -0.5850 0.0000 666.7692 480.6866 1216.0000 1.5652 1.7840 3.8253 -2.5963 1.7095 3.2101 -1.5345 0.9345
Car -1 -1 -1.5669 860.6604 785.1574 916.6182 850.4904 1.6355 1.7414 3.6656 -2.3209 7.0236 48.4192 -1.6028 0.7543
Car -1 -1 2.0887 125.1995 761.4814 309.5013 853.1599 1.3944 1.6815 3.8860 -15.1303 4.3752 30.6502 1.6260 0.7348
Car -1 -1 -1.4021 619.0254 776.9972 830.0260 956.3534 1.4022 1.7121 3.9653 -2.5652 3.3426 17.0797 -1.5517 0.6438
Car -1 -1 -1.5167 856.3931 791.5792 922.8813 862.6079 1.6296 1.7468 3.6131 -2.1009 6.8139 44.6897 -1.5517 0.4604
Car -1 -1 2.0284 269.0539 763.5316 413.1864 840.0250 1.3991 1.6573 4.0721 -15.2507 5.0232 37.0060 1.6383 0.4341
Car -1 -1 -1.4804 814.1430 787.9302 909.8426 874.6797 1.4347 1.7737 3.5333 -2.1543 5.2595 33.2865 -1.5347 0.1796
Car -1 -1 1.9393 379.2714 780.4327 488.8058 846.7442 1.4656 1.7546 3.9058 -15.5617 6.2834 44.3394 1.6067 0.1187
