Pedestrian -1 -1 1.3140 1458.9702 693.3978 1607.7219 1034.4701 1.8070 0.6671 0.7151 3.2306 2.2151 8.4985 1.7472 0.6209
Pedestrian -1 -1 -2.2370 1571.0067 648.3621 1917.7169 1216.0000 1.7356 0.6099 0.6428 2.1036 1.8048 4.0881 -1.5747 0.6042
Pedestrian -1 -1 1.5457 1055.7875 788.2148 1074.6138 842.0925 1.6864 0.6139 0.7231 3.4366 7.1320 49.4854 1.6296 0.4821
Pedestrian -1 -1 -1.2312 487.4658 792.8067 519.0309 872.3120 1.8796 0.6155 0.4765 -11.2299 6.0257 36.6737 -1.5239 0.1181
Pedestrian -1 -1 1.6404 1071.3931 790.8748 1091.6149 840.0842 1.5400 0.6117 0.8073 4.0443 7.1696 50.2742 1.7355 0.1156
Cyclist -1 -1 -1.5005 967.2657 758.7350 1039.6021 905.7569 1.7513 0.8386 1.8920 0.6023 3.6832 20.5985 -1.4577 0.4218
Car -1 -1 -1.4403 704.3425 764.8888 890.7708 937.3130 1.6061 1.8436 4.1658 -2.0037 3.6265 19.4708 -1.5383 0.9637
Car -1 -1 -1.4933 813.8638 784.3328 912.1776 885.9016 1.5741 1.7099 3.8285 -1.9865 5.1048 31.1829 -1.5468 0.9480
Car -1 -1 -0.7263 0.0000 673.2219 598.7107 1216.0000 1.5344 1.8105 3.7665 -2.1930 1.7039 3.3526 -1.5597 0.9266
Car -1 -1 -1.5593 891.5906 796.8856 947.5539 859.5814 1.5004 1.7132 3.8678 -1.3120 7.2837 48.3497 -1.5739 0.9253
Car -1 -1 -1.5202 853.8053 786.2565 926.9600 861.9730 1.5407 1.7500 3.9263 -1.8879 6.1598 40.8325 -1.5548 0.8626
Car -1 -1 -1.4809 774.8958 783.9255 901.7294 903.7075 1.4998 1.7796 3.3991 -1.9840 4.3406 24.9976 -1.5519 0.7705
Car -1 -1 2.0100 406.4380 786.2861 522.4716 853.0937 1.4650 1.7122 4.1877 -15.0507 6.6148 45.5342 1.6966 0.1194
Car -1 -1 -1.5037 844.1152 792.1538 929.1993 874.4236 1.4901 1.7967 3.8086 -1.7860 5.8291 36.8654 -1.5408 0.1105
Car -1 -1 -2.1869 1260.0431 709.6519 1936.0000 1216.0000 1.6902 1.6526 3.8624 2.0930 2.0472 4.3643 -1.5759 0.1042
