Pedestrian -1 -1 1.3121 1370.0454 729.5009 1483.6062 989.5445 1.7251 0.6296 0.7467 3.2982 2.4976 10.6434 1.6622 0.6923
Pedestrian -1 -1 -1.9794 1427.8054 700.0527 1667.2896 1210.6804 1.6911 0.6269 0.7190 2.1046 1.9840 5.4462 -1.4985 0.6810
Pedestrian -1 -1 1.8089 1060.0475 792.4956 1082.8395 847.1899 1.7591 0.6084 0.7675 3.7875 7.5694 51.3838 1.8972 0.1849
Cyclist -1 -1 -1.4762 979.0735 755.3420 1053.6212 902.4318 1.7569 0.8262 1.8660 0.7798 3.6388 20.5904 -1.4242 0.4540
Car -1 -1 -1.4338 737.0612 765.0162 906.3239 918.1971 1.5670 1.8058 4.0922 -1.8679 3.7515 21.2207 -1.5153 0.9641
Car -1 -1 -1.0147 0.0000 705.1765 684.1143 1216.0000 1.4850 1.7758 3.6431 -2.1901 1.8533 5.0206 -1.5500 0.9543
Car -1 -1 -1.4948 834.9712 777.9810 927.3580 872.2355 1.5455 1.6917 3.8630 -1.7009 5.1087 32.8483 -1.5358 0.9518
Car -1 -1 -1.4771 794.8803 774.1693 915.6382 885.2072 1.5044 1.8044 3.5262 -1.8354 4.3661 26.8763 -1.5363 0.5117
Car -1 -1 -1.5048 858.1821 781.3242 938.5704 862.7847 1.6054 1.7955 3.8857 -1.5903 5.8947 39.0314 -1.5339 0.4566
Car -1 -1 -1.5648 900.7680 795.5565 956.0234 854.7401 1.4842 1.7777 3.7068 -1.0663 7.4087 50.0602 -1.5734 0.3618
Car -1 -1 1.8716 462.2753 777.1526 564.0273 844.5631 1.4764 1.7085 4.1478 -13.1969 6.1967 44.2743 1.5877 0.2375
Car -1 -1 1.8345 558.5450 766.4591 648.1461 827.3973 1.5107 1.7897 4.2749 -11.7421 6.3851 49.3235 1.6083 0.1831
Car -1 -1 2.0458 274.5762 770.5698 404.7340 836.0382 1.4376 1.8426 4.2634 -18.5527 6.0209 44.8476 1.6573 0.1470
Car -1 -1 2.1039 136.7640 753.9225 295.8695 830.4185 1.5332 1.8625 4.2333 -19.5702 5.1296 39.5045 1.6442 0.1234
Car -1 -1 -1.9978 1214.6031 741.0770 1936.0000 1216.0000 1.6460 1.6625 3.7735 2.0693 2.2349 5.6736 -1.5465 0.1178
