Pedestrian -1 -1 1.3275 1437.0804 707.1896 1570.4194 1018.1588 1.7747 0.6552 0.6626 3.2903 2.2974 9.1173 1.7370 0.7241
Pedestrian -1 -1 -2.0836 1516.5090 694.5392 1818.3105 1216.0000 1.7045 0.6248 0.6664 2.0870 1.9305 4.4962 -1.4921 0.6214
Pedestrian -1 -1 1.5691 1060.7751 784.2488 1079.8215 836.4882 1.6647 0.6279 0.6271 3.6517 7.0356 50.0644 1.6565 0.5862
Pedestrian -1 -1 1.6547 1079.0376 781.6133 1098.4122 832.4752 1.6198 0.5915 0.5865 4.2694 6.9035 50.0771 1.7546 0.1162
Cyclist -1 -1 -1.5204 970.5123 750.3207 1038.0208 895.9165 1.7469 0.8091 1.8788 0.6123 3.5556 20.5926 -1.4771 0.3904
Car -1 -1 -1.4317 713.9590 760.5672 897.9408 926.6580 1.5928 1.8362 4.1666 -1.9452 3.5940 19.9353 -1.5240 0.9627
Car -1 -1 -1.5055 823.7632 779.4171 916.2636 876.6578 1.5412 1.6668 3.7701 -1.8725 5.0059 31.6338 -1.5544 0.9491
Car -1 -1 -0.8219 0.0000 677.1283 625.9164 1216.0000 1.5096 1.8046 3.6872 -2.1998 1.7077 3.8127 -1.5529 0.9344
Car -1 -1 -1.5093 855.5279 783.3235 929.8193 858.5002 1.5507 1.7614 3.9772 -1.8478 6.1440 41.3447 -1.5423 0.8338
Car -1 -1 -1.5628 893.4714 788.6927 948.6292 850.6284 1.5334 1.7231 3.7646 -1.2802 7.0952 48.8929 -1.5765 0.8086
Car -1 -1 -1.4523 769.6450 776.2906 902.6097 894.1106 1.5070 1.8220 3.4155 -2.0489 4.2521 25.3681 -1.5248 0.5838
Car -1 -1 -1.5013 846.8646 785.0013 929.1319 865.5930 1.4947 1.7469 3.8374 -1.7814 5.7091 37.4177 -1.5376 0.2616
Car -1 -1 1.9331 414.8461 777.4833 521.0222 841.5066 1.4630 1.7483 4.1402 -15.2188 6.4078 46.3509 1.6216 0.2487
