Pedestrian -1 -1 -1.9536 1344.8658 714.4362 1521.3522 1142.7374 1.7706 0.5988 0.5624 2.0600 2.1815 6.5815 -1.5720 0.6579
Pedestrian -1 -1 1.3403 1317.6387 742.9073 1407.1520 959.0107 1.7208 0.6193 0.6370 3.3744 2.7434 12.6184 1.6407 0.6226
Pedestrian -1 -1 0.8934 1920.5243 660.3712 1936.0000 1216.0000 1.7748 0.5742 0.6264 3.0491 1.8792 4.0408 1.7502 0.2596
Cyclist -1 -1 -1.4637 981.7965 768.0130 1057.7292 919.7865 1.7675 0.8061 1.8611 0.8138 3.7998 20.2531 -1.4091 0.4053
Car -1 -1 -1.1544 0.0000 728.9245 740.5759 1216.0000 1.4661 1.7863 3.7309 -2.2002 2.0602 6.6503 -1.5415 0.9631
Car -1 -1 -1.4666 771.4048 784.7463 920.3303 925.0551 1.5196 1.8093 3.8005 -1.6465 4.1354 22.5380 -1.5316 0.9541
Car -1 -1 -1.5117 854.7744 798.1098 941.3636 889.9249 1.5381 1.7173 3.8964 -1.4012 5.7592 34.4702 -1.5408 0.9427
Car -1 -1 -1.5675 893.0012 798.9421 955.0817 869.8232 1.5361 1.7432 3.8879 -1.0617 6.8774 43.9431 -1.5791 0.9159
Car -1 -1 -1.4709 818.4692 791.4651 931.4901 897.9149 1.4855 1.7535 3.5159 -1.5694 4.8402 28.3158 -1.5161 0.8805
Car -1 -1 2.0579 124.2612 763.3906 274.2865 839.4718 1.4907 1.7554 4.0981 -19.7102 5.2828 38.8825 1.5888 0.6977
Car -1 -1 -1.5768 914.1078 797.8230 967.7595 857.3995 1.5595 1.7883 3.6747 -0.6895 7.7496 51.6884 -1.5771 0.6814
Car -1 -1 1.9036 327.6836 792.0848 442.4803 861.8839 1.4623 1.8309 4.2141 -16.7465 6.5836 43.6769 1.5422 0.4119
Car -1 -1 1.8853 456.4002 786.4084 559.3322 853.2928 1.4743 1.7773 3.9713 -13.4783 6.5166 44.6779 1.5985 0.2967
Car -1 -1 -1.3272 506.1787 773.0049 829.2288 1021.4790 1.3807 1.7775 4.0143 -2.3042 2.8531 12.8128 -1.5145 0.1694
