Pedestrian -1 -1 -1.9718 1353.7787 717.0118 1546.4775 1154.6003 1.7610 0.6257 0.6270 2.0938 2.1788 6.4666 -1.5769 0.7703
Pedestrian -1 -1 1.3538 1327.2701 747.5746 1415.4526 966.7464 1.7005 0.6022 0.6050 3.3630 2.7364 12.2990 1.6612 0.6071
Pedestrian -1 -1 -2.0980 1118.3470 818.6626 1157.4137 867.4932 1.0066 0.4950 1.0213 4.2335 5.7302 35.8897 -1.9640 0.1900
Cyclist -1 -1 -1.4968 983.0469 765.5831 1053.6273 915.0192 1.7530 0.7978 1.8239 0.7946 3.7522 20.2965 -1.4434 0.3815
Car -1 -1 -1.1401 0.0000 727.0714 732.6116 1216.0000 1.4701 1.7801 3.7034 -2.1865 2.0322 6.3534 -1.5462 0.9627
Car -1 -1 -1.4643 765.7977 780.3094 916.2903 922.6593 1.5389 1.8032 3.7984 -1.7005 4.0590 22.3176 -1.5328 0.9533
Car -1 -1 -1.5078 852.5737 795.8521 940.2080 887.3188 1.5112 1.7060 3.9433 -1.4258 5.6465 34.1762 -1.5381 0.9448
Car -1 -1 -1.5605 886.6459 795.4909 950.4514 867.2723 1.5674 1.7721 3.8157 -1.2064 6.7654 43.6550 -1.5757 0.8970
Car -1 -1 -1.4731 812.4432 790.0251 926.1776 896.3931 1.4792 1.7624 3.4764 -1.6635 4.7782 28.0980 -1.5224 0.8311
Car -1 -1 -1.5543 911.7797 799.7412 968.1843 860.4970 1.5510 1.8189 3.8554 -0.6942 7.7755 51.2969 -1.5548 0.7815
Car -1 -1 1.8627 478.1004 780.8824 577.1999 846.1924 1.4878 1.8030 4.0520 -13.2310 6.4843 45.8606 1.5882 0.2502
Car -1 -1 1.9113 355.8291 786.6620 469.9016 855.7941 1.4880 1.8427 4.1988 -16.1049 6.4897 44.1357 1.5663 0.1532
Car -1 -1 1.7756 575.5651 770.0637 660.0076 834.4699 1.6224 1.8423 4.5299 -11.4669 6.7167 50.2042 1.5592 0.1447
Car -1 -1 2.0364 325.3585 768.9883 449.6359 832.3218 1.4612 1.8678 4.3897 -18.0091 6.2254 47.1640 1.6764 0.1442
Car -1 -1 -1.5630 881.9622 806.6999 952.4240 883.4574 1.4807 1.7825 3.7779 -1.1309 6.5411 39.7287 -1.5791 0.1286
Car -1 -1 -1.3308 487.9439 772.0615 822.1585 1030.1552 1.4014 1.8115 4.0597 -2.3471 2.8397 12.5469 -1.5264 0.1242
