Pedestrian -1 -1 -1.9611 1423.2388 697.5234 1645.1644 1202.3608 1.7522 0.6341 0.5951 2.1233 2.0400 5.6045 -1.4921 0.7404
Pedestrian -1 -1 1.3301 1360.5421 724.7816 1465.5883 972.3760 1.7147 0.6234 0.6669 3.3141 2.4745 11.0121 1.6698 0.6484
Cyclist -1 -1 -1.4943 984.0362 757.1580 1053.2262 903.3191 1.7554 0.7894 1.8776 0.8151 3.6748 20.7203 -1.4408 0.4423
Car -1 -1 -1.0523 0.0000 715.3268 696.7137 1216.0000 1.4885 1.7704 3.7395 -2.2008 1.9271 5.3646 -1.5497 0.9562
Car -1 -1 -1.4456 744.1718 766.2120 908.0696 916.7862 1.5691 1.8137 4.0069 -1.8324 3.7904 21.4634 -1.5242 0.9549
Car -1 -1 -1.4900 840.7368 780.5302 932.6969 874.8084 1.5630 1.6878 3.8305 -1.5966 5.2192 33.1817 -1.5272 0.9473
Car -1 -1 -1.5572 901.5106 793.7712 956.5756 852.9232 1.5134 1.7573 3.5953 -1.0522 7.4034 50.3564 -1.5653 0.8389
Car -1 -1 -1.5122 879.3777 789.4593 949.8456 861.0966 1.5390 1.7459 3.6522 -1.2849 6.4240 42.5324 -1.5302 0.6979
Car -1 -1 -1.4728 799.1009 775.3851 919.2694 884.4685 1.4930 1.8075 3.5194 -1.7889 4.4127 27.2185 -1.5292 0.4165
Car -1 -1 1.8704 454.3444 785.2206 556.2266 853.3986 1.5068 1.7778 3.9743 -13.4828 6.4851 44.4396 1.5819 0.2950
Car -1 -1 -1.5003 862.7233 788.1803 944.0761 867.4193 1.5412 1.8070 3.7472 -1.4548 5.9952 38.8801 -1.5259 0.2229
Car -1 -1 2.0052 303.1625 771.8275 424.8447 835.4786 1.4390 1.8370 4.2751 -18.3284 6.1837 46.1033 1.6311 0.1731
Car -1 -1 1.9897 208.9195 773.5214 353.6685 856.5991 1.5007 1.6531 4.2083 -16.5698 5.3543 36.6662 1.5657 0.1634
Car -1 -1 1.7950 553.8275 771.4351 638.9439 833.3687 1.5374 1.7865 4.3626 -12.0541 6.6177 49.6582 1.5645 0.1587
Car -1 -1 2.1710 0.0000 730.7365 102.7792 825.0684 1.5566 1.8084 4.1758 -20.2294 3.9362 31.5147 1.5935 0.1574
Car -1 -1 1.7737 623.0083 788.7359 723.3007 868.4767 1.5727 1.8046 4.3325 -7.7621 6.2671 40.6626 1.5930 0.1557
Car -1 -1 1.8101 495.7880 772.8375 611.9581 856.0221 1.6464 1.9409 4.6475 -10.8795 5.8619 40.2700 1.5518 0.1329
Car -1 -1 1.9693 404.1156 774.5344 519.5978 839.8838 1.4633 1.8203 4.2495 -15.1906 6.2579 45.7234 1.6540 0.1174
Car -1 -1 2.1083 152.5040 749.1038 310.8821 824.0062 1.5439 1.8760 4.3859 -19.6980 5.1045 40.6047 1.6572 0.1168
