Pedestrian -1 -1 1.2212 1495.3503 691.9838 1676.6851 1066.9270 1.8231 0.6886 0.8071 3.2620 2.1961 7.8726 1.6933 0.7218
Pedestrian -1 -1 -3.0654 1663.8647 625.3806 1936.0000 1216.0000 1.6704 0.6103 0.6699 2.1758 1.6717 3.6224 -2.2913 0.5885
Pedestrian -1 -1 1.6988 1054.9918 786.3808 1076.3468 840.5795 1.6688 0.5988 0.7413 3.4232 7.0065 49.0060 1.7831 0.4793
Cyclist -1 -1 -1.4819 962.8112 765.3550 1038.6104 914.5644 1.7500 0.8410 1.9455 0.5631 3.7689 20.4769 -1.4409 0.3832
Car -1 -1 -1.4296 689.9405 766.1290 885.7037 946.6089 1.6178 1.8387 4.1557 -2.0488 3.5942 18.8177 -1.5342 0.9628
Car -1 -1 -1.4896 806.9939 787.8584 907.5483 890.8912 1.5648 1.7116 3.7584 -2.0669 5.1083 30.6187 -1.5471 0.9504
Car -1 -1 -0.5058 0.0000 630.3169 535.4542 1216.0000 1.5803 1.8141 3.8752 -2.2475 1.5970 2.6655 -1.5529 0.9122
Car -1 -1 -1.5189 851.3573 793.6268 924.7434 871.8245 1.5580 1.7224 3.8888 -1.9210 6.3147 40.2011 -1.5550 0.8569
Car -1 -1 -1.5578 886.3243 797.2195 942.8010 860.3461 1.5194 1.7132 3.6878 -1.4622 7.2556 47.9325 -1.5758 0.8433
Car -1 -1 2.1282 98.9867 748.1771 286.1817 837.8162 1.5078 1.7870 4.0993 -16.8867 4.4103 33.0925 1.6531 0.5676
Car -1 -1 1.9077 390.8057 771.8945 499.5096 840.3771 1.5076 1.7537 3.9755 -14.9384 5.9791 43.4930 1.5814 0.5511
Car -1 -1 1.9871 292.8532 773.6037 435.3086 856.3016 1.5287 1.7590 4.1670 -14.8280 5.4558 37.3760 1.6112 0.3938
Car -1 -1 -1.4718 767.8645 785.6827 900.6823 906.0563 1.4771 1.8210 3.3936 -2.0201 4.3136 24.6629 -1.5455 0.3271
Car -1 -1 1.9003 447.5899 786.1061 552.0950 853.0011 1.5845 1.8843 4.3828 -14.8517 7.0395 48.3774 1.6093 0.1067
Car -1 -1 -2.0153 1344.1825 737.3962 1936.0000 1216.0000 1.6446 1.6355 4.0046 3.3099 2.3938 7.9348 -1.5420 0.1046
