Pedestrian -1 -1 -2.1489 1517.2905 687.4586 1804.4180 1216.0000 1.6910 0.6087 0.5871 2.1184 1.8954 4.5892 -1.5634 0.7340
Pedestrian -1 -1 1.2782 1412.7855 713.9807 1552.7728 1021.4402 1.7934 0.6611 0.8120 3.2622 2.3802 9.4133 1.6714 0.7257
Pedestrian -1 -1 1.5727 1060.8125 785.4697 1080.2822 836.9701 1.6466 0.6432 0.6489 3.6817 7.0916 50.3594 1.6603 0.6211
Cyclist -1 -1 -1.4993 969.8369 750.2874 1042.0170 898.8205 1.7496 0.8182 1.8882 0.6265 3.5312 20.2633 -1.4548 0.4159
Car -1 -1 -1.4392 722.4842 759.3513 899.7795 921.4121 1.5861 1.8168 4.1714 -1.9150 3.6004 20.2814 -1.5279 0.9647
Car -1 -1 -1.5044 827.0895 779.0841 917.6830 872.7786 1.5016 1.6469 3.6653 -1.8409 4.9810 31.8981 -1.5518 0.9461
Car -1 -1 -0.8778 0.0000 679.2567 640.4632 1216.0000 1.5147 1.7922 3.6416 -2.1831 1.7292 4.0663 -1.5559 0.9378
Car -1 -1 -1.5611 896.6998 789.4368 952.2269 849.8018 1.5001 1.7414 3.7303 -1.1765 7.1195 49.2061 -1.5725 0.7905
Car -1 -1 -1.4966 845.3417 782.0586 927.1597 859.8230 1.4696 1.7524 3.7781 -1.8526 5.6588 37.9422 -1.5342 0.6119
Car -1 -1 1.9584 416.7254 765.8220 529.0540 829.7002 1.4516 1.7742 4.2567 -14.8950 5.9785 45.8458 1.6495 0.2648
Car -1 -1 -1.4365 768.1501 774.6660 903.5983 890.1837 1.4822 1.8293 3.5204 -2.0783 4.2380 25.7038 -1.5091 0.2312
Car -1 -1 -1.4316 848.8838 783.6848 932.0495 858.0889 1.5339 1.7353 3.9738 -1.9228 6.1831 41.7188 -1.4660 0.1610
Car -1 -1 2.0879 154.3270 745.0438 329.8578 831.3551 1.4708 1.7140 4.1698 -16.0295 4.3404 33.5785 1.6399 0.1536
Car -1 -1 1.8080 542.9838 774.3621 628.9992 837.2109 1.5772 1.8055 4.1314 -12.3423 6.7230 49.4198 1.5709 0.1181
