Pedestrian -1 -1 -2.0387 1380.3521 715.7604 1586.9904 1174.4316 1.7395 0.6155 0.6098 2.1162 2.1304 6.1155 -1.6146 0.6918
Pedestrian -1 -1 1.3508 1339.8740 738.0345 1433.8600 966.0562 1.6773 0.6071 0.6093 3.3091 2.5850 11.6646 1.6706 0.6640
Cyclist -1 -1 -1.5025 981.4618 765.0887 1051.8087 913.5382 1.7558 0.8112 1.8532 0.7789 3.7671 20.4862 -1.4502 0.4341
Car -1 -1 -1.4567 754.9067 775.4017 911.0438 923.1259 1.5708 1.8072 3.9311 -1.7849 3.9840 21.9780 -1.5306 0.9538
Car -1 -1 -1.1082 0.0000 717.0551 717.5352 1216.0000 1.5049 1.7831 3.7488 -2.2106 1.9903 5.9816 -1.5483 0.9533
Car -1 -1 -1.5049 848.9827 791.6552 937.3853 884.0422 1.5209 1.6906 3.9075 -1.4798 5.5052 33.7500 -1.5375 0.9522
Car -1 -1 -1.5545 884.9081 794.8143 950.3472 866.4130 1.5566 1.7765 3.6775 -1.2171 6.6604 43.0804 -1.5704 0.8534
Car -1 -1 -1.4740 809.3459 785.3529 925.7944 893.3434 1.4832 1.7791 3.5084 -1.6667 4.6438 27.6632 -1.5245 0.7274
Car -1 -1 -1.5636 909.9887 797.5930 965.0160 857.6568 1.5459 1.7938 3.6373 -0.7740 7.6222 50.7948 -1.5660 0.7056
Car -1 -1 1.8774 475.5204 777.7303 575.9432 842.5144 1.4677 1.7662 4.1228 -13.2761 6.3637 45.8190 1.6017 0.2858
Car -1 -1 2.1564 0.0000 737.6396 125.3737 833.0741 1.5841 1.8519 4.3149 -20.1289 4.1711 32.1391 1.5911 0.2570
Car -1 -1 1.7942 565.5166 770.6260 650.0009 833.2762 1.5710 1.7757 4.4506 -11.7754 6.6680 50.0792 1.5711 0.2293
Car -1 -1 -1.5076 866.7436 795.9761 945.6542 874.9252 1.5537 1.7999 3.6212 -1.3994 6.2573 39.2709 -1.5313 0.2187
Car -1 -1 1.9692 224.2397 777.6447 365.0333 859.8019 1.4993 1.6802 4.2830 -16.5985 5.5460 37.4632 1.5533 0.1932
Car -1 -1 2.0015 318.4055 774.8795 439.5006 839.2880 1.4560 1.8320 4.3605 -18.0031 6.3392 46.4541 1.6365 0.1487
Car -1 -1 1.9595 414.2136 778.1703 526.7444 843.0192 1.4660 1.8150 4.2495 -15.1333 6.4405 46.3465 1.6497 0.1425
