Pedestrian -1 -1 1.3034 1391.0480 717.1171 1510.4496 991.6489 1.7362 0.6278 0.7209 3.2936 2.3838 10.1105 1.6721 0.7227
Pedestrian -1 -1 1.5442 1060.0701 789.4105 1078.0629 841.3558 1.6872 0.6050 0.6410 3.6779 7.3407 51.0529 1.6308 0.5688
Pedestrian -1 -1 -2.0875 1445.6750 693.0805 1704.6843 1216.0000 1.6838 0.6190 0.6476 2.0764 1.9324 5.1258 -1.5784 0.5679
Cyclist -1 -1 -1.4576 976.8915 752.5502 1055.9232 900.4373 1.7560 0.8464 1.9002 0.7788 3.5921 20.5023 -1.4055 0.4437
Car -1 -1 -1.4461 734.9777 763.8416 902.5154 919.3690 1.5687 1.7903 4.0716 -1.8757 3.6987 20.8545 -1.5298 0.9636
Car -1 -1 -1.5030 833.9113 778.2401 923.9293 872.4872 1.5420 1.6591 3.7164 -1.7321 5.0629 32.4583 -1.5458 0.9498
Car -1 -1 -0.9614 0.0000 691.9725 661.8788 1216.0000 1.4993 1.7739 3.6069 -2.2062 1.7888 4.6339 -1.5519 0.9459
Car -1 -1 -1.5104 860.1309 784.3176 938.5861 862.1165 1.4903 1.7513 3.9379 -1.5564 5.8416 38.8221 -1.5389 0.8684
Car -1 -1 -1.5856 900.5601 788.7681 956.9139 849.9433 1.5368 1.8012 3.7735 -1.0851 7.1915 49.6965 -1.5948 0.5884
Car -1 -1 -1.4447 777.2993 773.8349 908.7529 888.5466 1.5159 1.8374 3.5031 -2.0007 4.3092 26.2445 -1.5124 0.3760
Car -1 -1 1.8828 460.5146 785.5481 562.1760 851.1594 1.4032 1.6733 4.1095 -13.2375 6.3775 44.2285 1.5980 0.2126
Car -1 -1 2.0378 266.4340 771.2626 395.2093 837.2112 1.4326 1.7986 4.1915 -18.5515 5.9708 44.2121 1.6440 0.1478
Car -1 -1 1.8730 550.8348 763.7475 647.9114 825.9388 1.5119 1.8158 4.3899 -11.7125 6.2416 48.6839 1.6442 0.1243
