Pedestrian -1 -1 1.1230 1633.2843 669.7430 1883.5072 1142.1361 1.7944 0.6769 0.8563 3.2893 1.9960 6.2454 1.7233 0.7243
Pedestrian -1 -1 1.6369 1055.6781 786.7020 1076.1827 842.7216 1.6668 0.5872 0.7850 3.3213 6.8447 47.4241 1.7215 0.4570
Pedestrian -1 -1 0.8175 1583.7336 757.8323 1747.5254 1044.0947 1.6252 0.5621 0.7766 4.3857 2.4956 9.3475 1.3276 0.1265
Pedestrian -1 -1 0.4387 258.6285 721.9847 383.4055 949.5132 1.5720 0.7159 0.6132 -4.6937 2.3094 10.9983 -0.0044 0.1250
Pedestrian -1 -1 1.1146 1724.7275 609.7226 1936.0000 1155.3378 1.7971 0.5805 0.6579 3.1183 1.7472 5.3104 1.7922 0.1130
Cyclist -1 -1 -1.4996 970.8782 762.0425 1042.4301 910.5334 1.7585 0.8219 1.8997 0.6445 3.7324 20.5323 -1.4545 0.4823
Car -1 -1 -1.4295 670.9532 758.6992 877.9529 949.6879 1.6039 1.8112 4.1019 -2.0511 3.3590 17.5409 -1.5437 0.9567
Car -1 -1 -1.4940 803.0943 781.1520 905.6923 886.7540 1.5383 1.6812 3.8287 -2.0374 4.8138 29.4199 -1.5536 0.9524
Car -1 -1 -1.5280 844.0152 786.0148 918.7784 866.4465 1.5704 1.7313 3.8870 -2.0311 5.9749 38.9367 -1.5688 0.9031
Car -1 -1 -1.4500 747.8358 779.4781 889.5687 907.9299 1.4751 1.7489 3.4666 -2.1295 4.0538 23.1826 -1.5347 0.7007
Car -1 -1 2.1177 37.2451 771.1317 260.3302 877.4372 1.4059 1.7023 4.2418 -14.9896 4.3428 27.8755 1.6178 0.6650
Car -1 -1 2.2339 0.0000 735.5076 45.0157 875.4801 1.4705 1.7773 4.3530 -15.3547 3.2140 21.3764 1.5928 0.6405
Car -1 -1 -1.5373 877.4613 791.9799 939.7722 857.2888 1.5344 1.7715 3.7625 -1.6055 6.9637 46.7035 -1.5594 0.5846
Car -1 -1 1.9893 270.0214 772.6557 420.8531 857.6152 1.5090 1.8272 4.0943 -14.6624 5.2564 35.8526 1.6021 0.5768
Car -1 -1 -0.1067 0.0000 0.0000 1936.0000 1216.0000 1.5695 1.7650 3.6397 -2.3186 1.4223 1.6308 -1.5651 0.5236
Car -1 -1 1.9472 369.2230 772.8456 489.2196 845.1618 1.5129 1.7644 4.1071 -14.8313 5.8661 41.9147 1.6111 0.4073
Car -1 -1 1.9427 414.8377 798.8180 526.1747 866.5627 1.4934 1.8478 4.1566 -15.0359 7.0965 46.0463 1.6335 0.2708
Car -1 -1 1.8580 488.5279 785.8825 588.3971 851.9182 1.5181 1.8776 4.1005 -13.0888 6.7502 46.5345 1.5908 0.1871
Car -1 -1 -1.5136 818.6269 781.5977 907.9828 872.2684 1.6191 1.8380 3.7818 -2.2462 5.5006 35.1481 -1.5669 0.1611
Car -1 -1 1.8835 376.9860 793.1089 481.3330 860.5897 1.5816 1.9019 4.2871 -17.0039 7.2242 48.0004 1.5494 0.1400
