Pedestrian -1 -1 1.4851 1047.3285 782.4443 1068.1477 840.6412 1.6161 0.5613 0.6488 2.8116 6.2461 43.6223 1.5640 0.5061
Pedestrian -1 -1 1.0949 1744.5867 699.6658 1936.0000 1180.4917 1.7768 0.6843 0.7873 3.7021 2.1053 6.1187 1.7632 0.4340
Pedestrian -1 -1 1.5065 1068.6414 781.6392 1089.5072 839.9644 1.6268 0.5786 0.5977 3.4378 6.2360 43.6688 1.5999 0.4170
Cyclist -1 -1 -1.5301 973.9299 760.3834 1039.6167 906.5880 1.7383 0.7995 1.8933 0.6458 3.6904 20.5691 -1.4850 0.5236
Car -1 -1 -1.3687 573.2582 755.9114 847.9724 984.6833 1.5658 1.8497 4.1227 -2.2855 3.0413 14.7418 -1.5262 0.9648
Car -1 -1 -1.4606 768.1436 774.5032 889.1123 891.4244 1.5468 1.6975 3.6825 -2.2712 4.3779 26.4322 -1.5382 0.9573
Car -1 -1 -1.5145 825.4481 779.3289 908.5593 864.4773 1.5437 1.7450 3.9342 -2.2297 5.4894 36.2370 -1.5653 0.9143
Car -1 -1 -1.5322 861.7507 784.3911 927.7325 852.3964 1.5225 1.7453 3.5843 -1.9053 6.3765 43.7136 -1.5639 0.9030
Car -1 -1 -1.4131 688.2175 776.5721 866.8878 924.2721 1.4299 1.8117 3.7528 -2.3876 3.6858 20.3264 -1.5260 0.8120
Car -1 -1 2.0379 280.9921 766.4805 422.8636 842.7462 1.4478 1.7196 4.0097 -15.4506 5.2550 38.1435 1.6546 0.8001
Car -1 -1 1.9704 421.5567 778.8434 527.5232 842.5257 1.4483 1.6739 3.9278 -14.8631 6.3796 45.8708 1.6627 0.4841
Car -1 -1 2.2757 0.0000 731.4840 64.7170 867.3301 1.4407 1.7072 4.0136 -14.8507 3.0964 21.1647 1.6452 0.3251
Car -1 -1 -1.5017 881.8904 785.9735 947.4639 845.8433 1.5154 1.8921 3.7105 -1.5178 7.1039 49.9832 -1.5197 0.1743
Car -1 -1 1.6535 793.9250 788.1666 894.0994 885.4230 1.5377 1.7936 3.9673 -2.4707 5.2877 32.3504 1.5872 0.1144
Car -1 -1 2.1406 64.8462 750.8635 259.6226 843.5596 1.4861 1.7155 4.1065 -16.8799 4.3455 31.8335 1.6487 0.1109
