Pedestrian -1 -1 1.0834 1639.9397 716.3979 1821.1268 1060.6003 1.6837 0.6282 0.6942 4.0316 2.1885 7.8811 1.6454 0.7502
Pedestrian -1 -1 1.5061 1063.0139 774.7902 1082.7125 831.8974 1.6666 0.5689 0.6270 3.4040 6.2739 45.6460 1.5952 0.3992
Pedestrian -1 -1 1.0613 1854.1038 622.3274 1936.0000 1216.0000 1.8735 0.6570 0.7909 3.3214 1.8662 4.7436 1.8457 0.3117
Pedestrian -1 -1 1.4750 1052.5734 780.7582 1071.3729 833.2722 1.5434 0.5262 0.7173 3.1266 6.4240 46.4657 1.5567 0.2464
Pedestrian -1 -1 1.4628 1071.0391 781.7949 1090.1000 832.7952 1.5249 0.5388 0.6704 3.7581 6.5058 47.1368 1.5572 0.2454
Cyclist -1 -1 -1.5069 974.2956 746.5159 1046.6143 895.5494 1.7400 0.8230 1.9008 0.6817 3.4525 20.0668 -1.4592 0.4728
Car -1 -1 -1.3981 637.2940 750.2827 869.9226 955.1900 1.6096 1.8136 4.0397 -2.1129 3.1508 16.3238 -1.5267 0.9597
Car -1 -1 -1.4869 790.0588 771.3353 899.9597 882.7546 1.5689 1.6988 3.8155 -2.1099 4.5024 28.0342 -1.5531 0.9547
Car -1 -1 -1.5204 837.6824 777.0853 917.7026 858.1449 1.5210 1.7652 4.0605 -2.0553 5.5694 37.7443 -1.5638 0.9213
Car -1 -1 -1.5332 872.3632 778.6651 937.8719 845.5610 1.5577 1.8003 3.7623 -1.6645 6.4223 45.4169 -1.5578 0.8617
Car -1 -1 2.1327 2.7372 752.5485 239.5185 860.6718 1.4065 1.7131 4.2014 -14.8027 3.8629 26.6392 1.6167 0.8452
Car -1 -1 -1.4354 733.7229 767.5945 886.6487 903.1979 1.4892 1.7467 3.4433 -2.1250 3.7452 21.8840 -1.5263 0.6800
Car -1 -1 2.2578 0.0000 723.8974 11.7138 873.8875 1.5298 1.8305 4.3667 -15.2697 3.0240 20.3665 1.5939 0.6367
Car -1 -1 2.0166 206.6287 755.0715 371.4084 844.1624 1.4740 1.7070 4.0668 -14.6321 4.5076 32.7965 1.5949 0.4133
Car -1 -1 1.9782 301.1254 750.4117 444.2200 829.5606 1.4828 1.7576 4.1906 -14.4173 4.7566 36.8812 1.6063 0.1783
Car -1 -1 1.9664 350.8103 780.1826 465.1966 845.2031 1.4934 1.8408 4.2704 -17.2802 6.5920 46.9239 1.6188 0.1593
Car -1 -1 -1.5345 883.7760 781.4910 943.8221 840.0435 1.5267 1.8962 4.1665 -1.6195 7.2255 52.3232 -1.5531 0.1379
Car -1 -1 1.9962 388.9850 782.2287 509.5471 850.3093 1.4495 1.7630 4.2137 -15.0274 6.3220 44.1283 1.6731 0.1284
Car -1 -1 2.1772 106.5995 751.6887 273.2592 824.7291 1.4695 1.8604 4.2814 -20.5845 5.0618 40.1249 1.7032 0.1203
Car -1 -1 -1.4912 810.5688 770.9852 903.9789 868.9721 1.7137 1.7644 3.7491 -2.2852 5.1901 33.6937 -1.5488 0.1114
