Pedestrian -1 -1 1.0781 1652.9591 723.8099 1855.4169 1089.0256 1.6874 0.6485 0.7848 3.9773 2.2147 7.5549 1.6567 0.7850
Pedestrian -1 -1 1.5122 1058.2727 776.7557 1078.1755 833.4206 1.6413 0.5752 0.6033 3.2365 6.2711 45.2836 1.5982 0.4692
Pedestrian -1 -1 1.4861 1061.3824 782.9761 1080.8140 832.9155 1.4900 0.5661 0.6032 3.4377 6.4729 46.8364 1.5740 0.3833
Pedestrian -1 -1 0.9034 1932.9998 649.5003 1936.0000 1216.0000 1.8031 0.6222 0.7165 3.3459 1.8817 4.3684 1.7498 0.1564
Pedestrian -1 -1 1.5047 1053.7539 783.1633 1073.6946 835.1609 1.5115 0.5764 0.7146 3.1516 6.4221 46.0380 1.5876 0.1479
Cyclist -1 -1 -1.5119 979.5256 747.0137 1049.9733 895.1859 1.7667 0.8245 1.9209 0.7537 3.5206 20.4789 -1.4612 0.4399
Car -1 -1 -1.3802 622.7494 752.9344 867.7562 959.2457 1.5654 1.8244 4.0974 -2.1546 3.1188 16.0467 -1.5143 0.9642
Car -1 -1 -1.4739 783.7044 771.0212 896.8712 883.0222 1.5562 1.6902 3.7942 -2.1706 4.4510 27.7069 -1.5434 0.9541
Car -1 -1 -1.5336 871.8192 784.0359 936.1958 850.3586 1.5061 1.7527 3.8478 -1.6887 6.5193 45.1757 -1.5589 0.9426
Car -1 -1 -1.5151 834.7548 777.0222 915.6924 858.1843 1.5225 1.7609 3.9576 -2.1041 5.5387 37.4932 -1.5602 0.9204
Car -1 -1 -1.4079 716.4756 772.2737 879.3947 907.0502 1.4446 1.7844 3.4230 -2.2751 3.7524 21.6533 -1.5072 0.7456
Car -1 -1 2.1754 0.0000 737.6143 151.8109 852.3583 1.4506 1.6929 4.0425 -15.5208 3.4884 24.9858 1.6075 0.6828
Car -1 -1 -1.5191 887.5187 786.0201 948.1625 844.7923 1.4846 1.8200 4.1668 -1.4537 7.2595 51.4848 -1.5348 0.6088
Car -1 -1 1.9805 274.6531 790.2332 400.8708 861.6730 1.5073 1.8608 4.1415 -17.9723 6.5270 43.3135 1.5913 0.3419
Car -1 -1 1.9833 392.1765 785.2137 512.7999 856.2174 1.5068 1.7881 4.1756 -14.7712 6.4182 43.6537 1.6622 0.2145
Car -1 -1 1.8552 529.5342 766.8599 621.2697 828.5435 1.5404 1.7810 4.2857 -12.7194 6.4504 49.5451 1.6112 0.1671
Car -1 -1 -1.4885 807.5499 774.1141 901.4620 872.3530 1.6948 1.7508 3.7563 -2.3306 5.2230 33.4620 -1.5480 0.1433
Car -1 -1 1.8919 463.9820 776.5119 571.3423 845.1532 1.4949 1.7965 4.0706 -12.9153 6.1433 43.7808 1.6108 0.1382
Car -1 -1 2.0476 216.0919 773.5851 363.2101 849.5481 1.4566 1.7870 4.1794 -17.4980 5.5652 39.1848 1.6292 0.1361
Car -1 -1 2.0091 283.3896 749.5400 437.9925 833.6772 1.5370 1.7769 4.3563 -14.4063 4.7353 36.1453 1.6303 0.1359
Car -1 -1 2.1951 0.0000 767.9164 204.0439 868.3188 1.4386 1.8354 4.1490 -17.1556 4.4858 29.7104 1.6657 0.1299
Car -1 -1 1.9949 352.4731 780.0832 469.4194 846.6790 1.5571 1.8611 4.2960 -17.3994 6.7162 47.5013 1.6493 0.1142
Car -1 -1 2.0555 168.9093 753.8698 351.7127 846.9142 1.4575 1.7380 4.1640 -14.6040 4.3503 31.4229 1.6172 0.1085
