Pedestrian -1 -1 1.0678 1695.3064 720.2758 1918.9138 1116.4335 1.7118 0.6733 0.7719 3.9761 2.1905 7.0856 1.6824 0.7158
Pedestrian -1 -1 1.4630 1056.5239 778.1058 1077.4059 834.7673 1.6232 0.5689 0.6379 3.1729 6.2590 44.9249 1.5482 0.4683
Pedestrian -1 -1 1.4012 1062.6064 782.8939 1082.5250 833.7529 1.4865 0.5194 0.6514 3.4363 6.4042 46.2010 1.4902 0.2919
Cyclist -1 -1 -1.5198 974.6211 757.4014 1042.1979 905.3536 1.7519 0.8007 1.8951 0.6650 3.6508 20.4490 -1.4735 0.4481
Car -1 -1 -1.3775 606.8818 757.9683 859.3106 970.4004 1.5481 1.8189 4.0979 -2.2134 3.1236 15.6127 -1.5199 0.9630
Car -1 -1 -1.4660 777.3072 771.6746 893.7446 885.7915 1.5629 1.6932 3.7217 -2.2176 4.4199 27.2221 -1.5388 0.9576
Car -1 -1 -1.5245 832.0814 778.5195 914.1429 861.5363 1.5297 1.7959 4.0353 -2.1284 5.5423 37.0431 -1.5711 0.9345
Car -1 -1 -1.5293 868.5425 782.5623 934.2711 850.9730 1.5677 1.7626 3.6577 -1.7455 6.4640 44.5998 -1.5565 0.9071
Car -1 -1 -1.4321 714.4016 773.5206 874.4866 912.7632 1.4445 1.7478 3.5299 -2.2661 3.7244 21.1445 -1.5338 0.8696
Car -1 -1 2.1921 0.0000 751.5733 125.6905 869.4161 1.4441 1.6783 3.9854 -15.8141 3.7081 24.7028 1.6106 0.7576
Car -1 -1 1.9603 292.5143 793.4296 411.4363 861.9286 1.4807 1.8361 4.1187 -18.0760 6.7361 44.5662 1.5797 0.3505
Car -1 -1 1.9856 376.3049 785.4744 499.7166 856.1041 1.4807 1.8232 4.1878 -15.0867 6.3683 43.3544 1.6557 0.2170
Car -1 -1 2.0412 218.5195 772.0086 362.8640 848.6207 1.4699 1.7547 4.0475 -17.2571 5.4800 38.6977 1.6231 0.2108
Car -1 -1 -1.4844 803.9129 776.7466 899.1045 879.3353 1.7531 1.7413 3.8199 -2.3770 5.3208 33.2040 -1.5457 0.1974
Car -1 -1 -1.4980 883.3769 783.3777 947.8095 842.3508 1.4901 1.8526 3.9971 -1.5109 7.0943 50.8354 -1.5153 0.1951
Car -1 -1 1.9800 395.9299 782.7449 510.4297 849.1142 1.5463 1.8806 4.2710 -16.0831 6.8004 47.5677 1.6600 0.1191
Car -1 -1 1.9822 331.9569 758.4650 469.6140 835.1840 1.4902 1.7766 4.2551 -14.4446 5.1494 38.7952 1.6280 0.1125
Car -1 -1 2.1649 94.2109 757.6996 260.8250 834.4217 1.5465 1.8748 4.2860 -20.9135 5.3078 40.1198 1.6847 0.1023
