Pedestrian -1 -1 1.0849 1680.4491 665.1996 1936.0000 1171.9587 1.7829 0.6772 0.8887 3.3055 1.9533 5.8319 1.7293 0.6367
Pedestrian -1 -1 1.6131 1052.4893 783.5740 1071.8088 839.7087 1.6589 0.5627 0.7547 3.1671 6.6807 46.9187 1.6951 0.4733
Pedestrian -1 -1 0.9696 1574.2533 723.1694 1735.1537 1030.6213 1.6953 0.5893 0.7082 4.0951 2.3032 8.8693 1.4773 0.2910
Pedestrian -1 -1 -2.4873 156.7012 665.6842 311.8130 938.1472 1.6745 0.7031 0.6151 -4.7008 1.9498 9.7019 -2.9927 0.1627
Cyclist -1 -1 -1.4994 971.6028 760.2007 1044.0314 907.8974 1.7547 0.8360 1.8802 0.6610 3.7028 20.5494 -1.4535 0.4890
Car -1 -1 -1.4214 664.4437 761.4120 873.9631 951.5361 1.5632 1.7838 4.0483 -2.0812 3.3290 17.2923 -1.5393 0.9550
Car -1 -1 -1.4916 799.7603 782.0240 905.5252 890.2025 1.5649 1.7133 3.7492 -2.0418 4.8120 29.0139 -1.5524 0.9548
Car -1 -1 -1.5260 842.4996 784.2864 918.9815 866.1481 1.5892 1.7511 3.9160 -2.0302 5.9154 38.6293 -1.5672 0.9040
Car -1 -1 2.1235 23.1755 754.6857 250.6006 860.6705 1.4197 1.6980 4.2283 -14.9748 3.9888 27.4509 1.6164 0.6712
Car -1 -1 -1.5400 876.7540 788.2484 940.1760 853.2490 1.5354 1.8070 3.6503 -1.5988 6.8005 46.3686 -1.5623 0.6138
Car -1 -1 -1.4298 734.9683 779.0665 886.4889 912.7473 1.5151 1.7992 3.4669 -2.2123 4.0513 22.8248 -1.5199 0.5634
Car -1 -1 2.0375 274.6523 761.2221 427.1267 843.8952 1.5091 1.7923 4.0259 -14.6918 5.0021 36.2370 1.6531 0.5603
Car -1 -1 1.9525 362.2093 763.9247 483.0851 835.0460 1.4895 1.7438 4.0879 -14.8742 5.5429 41.5227 1.6121 0.5072
Car -1 -1 -1.5177 818.2807 784.1211 905.8747 877.6208 1.6629 1.7943 3.7113 -2.2523 5.5632 34.7761 -1.5718 0.2637
Car -1 -1 1.9853 411.5807 780.0813 525.4177 844.7044 1.4444 1.7924 4.0874 -15.0041 6.4134 45.7586 1.6742 0.1592
Car -1 -1 0.0295 0.0000 0.0000 1936.0000 1216.0000 1.5788 1.8455 3.8950 -2.4152 1.4694 1.3880 -1.5285 0.1416
Car -1 -1 2.2941 0.0000 721.5645 57.5162 861.2670 1.5158 1.8461 4.3563 -15.4142 3.0566 21.5867 1.6557 0.1393
