Pedestrian -1 -1 1.2381 1576.8700 681.0998 1792.5331 1122.6576 1.8384 0.7011 0.8906 3.2844 2.1156 6.8653 1.7834 0.6996
Pedestrian -1 -1 -3.0716 1787.3003 477.0364 1936.0000 1216.0000 1.7642 0.6346 0.6680 2.1655 1.5124 2.9991 -2.1348 0.6396
Pedestrian -1 -1 1.6686 1056.3644 787.8525 1076.3622 842.7751 1.6508 0.5568 0.7628 3.3682 6.9167 47.9001 1.7535 0.4319
Pedestrian -1 -1 1.7674 1069.2645 786.9675 1096.3320 843.0468 1.6932 0.6835 1.0459 4.0030 7.0918 49.2150 1.8634 0.1409
Pedestrian -1 -1 -2.5180 337.5591 711.9923 448.4958 944.4611 1.7387 0.6962 0.5245 -4.5047 2.4539 11.8824 -2.9119 0.1211
Pedestrian -1 -1 1.2831 1583.7837 645.0369 1776.7250 1125.1089 1.7755 0.5899 0.6393 2.8360 1.8608 5.9507 1.8445 0.1004
Cyclist -1 -1 -1.4951 968.8990 766.7763 1043.0487 914.6246 1.7535 0.8545 1.9076 0.6395 3.8075 20.6509 -1.4504 0.4539
Cyclist -1 -1 1.2433 1573.0818 681.2108 1787.9548 1125.2618 1.8410 0.6908 0.9394 3.2648 2.1197 6.8677 1.7858 0.1063
Car -1 -1 -1.4250 679.2261 766.0431 882.7661 951.3849 1.5877 1.8251 4.1655 -2.0482 3.5000 18.1465 -1.5343 0.9622
Car -1 -1 -1.4805 804.6291 785.0726 909.9246 890.0398 1.5326 1.7087 3.9532 -2.0144 4.9554 29.9533 -1.5378 0.9514
Car -1 -1 -1.5357 850.8057 789.6414 922.6660 868.9615 1.5643 1.7141 3.9029 -1.9248 6.1374 39.5588 -1.5728 0.9190
Car -1 -1 -1.5495 883.9567 795.2790 943.0919 859.8837 1.5138 1.7300 3.8413 -1.4661 7.0998 47.1062 -1.5681 0.8950
Car -1 -1 -1.4543 755.9323 782.8289 895.4608 910.2616 1.5055 1.7853 3.4174 -2.0724 4.1945 23.7216 -1.5341 0.8095
Car -1 -1 -0.2140 0.0000 0.0000 1936.0000 1216.0000 1.6011 1.7963 3.8808 -2.2794 1.4862 1.8815 -1.5632 0.8050
Car -1 -1 2.0581 292.6497 762.6184 441.5983 843.4221 1.5146 1.7691 4.0016 -14.6993 5.1359 37.2347 1.6835 0.3905
Car -1 -1 2.1500 0.0000 741.9174 126.1850 832.5075 1.5413 1.7327 4.2114 -20.5248 4.2932 33.0458 1.5892 0.2986
Car -1 -1 1.9871 371.2877 764.2073 496.9387 836.6703 1.5304 1.7684 4.2046 -14.7520 5.6533 42.0902 1.6539 0.2496
Car -1 -1 2.2542 0.0000 734.5357 131.3883 862.6581 1.5404 1.7685 4.1565 -15.3978 3.4445 23.8186 1.6666 0.2229
Car -1 -1 1.9780 427.1562 785.1160 540.6688 851.5793 1.4980 1.8201 4.1906 -14.7341 6.7022 46.3951 1.6767 0.1770
Car -1 -1 1.9020 490.2181 773.6065 592.4658 838.4647 1.4986 1.7877 4.0910 -12.9280 6.3096 46.2808 1.6361 0.1048
