Pedestrian -1 -1 1.2320 1522.0256 696.9818 1710.7791 1090.9263 1.8154 0.6884 0.7934 3.2575 2.1984 7.5000 1.7273 0.7140
Pedestrian -1 -1 1.5983 1056.2079 785.7581 1075.7834 840.0693 1.6652 0.6043 0.6956 3.3969 6.9208 48.4791 1.6828 0.5660
Pedestrian -1 -1 -2.9580 1702.1820 561.8851 1936.0000 1216.0000 1.6922 0.5840 0.6843 2.1948 1.5664 3.4292 -2.1322 0.3286
Pedestrian -1 -1 1.7104 1071.6519 784.9737 1095.0616 839.0323 1.6813 0.6548 0.8574 4.0786 7.0785 49.9279 1.8067 0.1103
Cyclist -1 -1 -1.4951 963.5372 766.8798 1038.3895 914.8214 1.7512 0.8626 1.9208 0.5702 3.8055 20.6332 -1.4539 0.4406
Car -1 -1 -1.4310 686.4905 768.5737 883.6806 949.2619 1.5858 1.8306 4.1369 -2.0522 3.5704 18.5588 -1.5375 0.9582
Car -1 -1 -1.4866 805.3414 787.8575 908.1854 890.9423 1.5138 1.7066 3.9896 -2.0535 5.0412 30.3539 -1.5442 0.9409
Car -1 -1 -1.5234 850.0963 791.5371 923.1609 870.4474 1.5767 1.7212 3.8291 -1.9463 6.2401 39.9269 -1.5605 0.9075
Car -1 -1 -0.3607 0.0000 440.4172 492.7459 1216.0000 1.6034 1.8031 3.9489 -2.2502 1.5708 2.2519 -1.5562 0.8847
Car -1 -1 -1.5553 882.9247 797.6575 941.0853 862.4009 1.5389 1.7432 3.8103 -1.5324 7.2632 47.6424 -1.5750 0.7261
Car -1 -1 2.1596 0.0000 741.6220 213.1932 849.0988 1.4848 1.7509 4.3561 -15.9307 3.8223 27.7209 1.6296 0.6191
Car -1 -1 1.9893 292.3730 762.3544 433.4012 843.1732 1.5218 1.7610 4.0233 -14.7784 5.1261 37.1664 1.6121 0.5008
Car -1 -1 1.9072 387.8508 767.7825 496.6570 835.9813 1.4985 1.7379 3.9681 -14.9189 5.8158 43.1938 1.5790 0.4867
Car -1 -1 -1.4634 759.1697 786.3448 897.7003 909.2000 1.4736 1.8454 3.4143 -2.0743 4.2764 24.2282 -1.5411 0.2796
Car -1 -1 -1.2619 248.6901 746.6241 773.6149 1150.7657 1.4975 1.8081 4.0470 -2.3000 2.3808 8.8110 -1.5516 0.1903
