Pedestrian -1 -1 1.0269 1751.0240 637.3224 1936.0000 1214.9451 1.8526 0.6816 0.8880 3.3293 1.9009 5.3115 1.7351 0.6434
Pedestrian -1 -1 1.1321 1604.7802 716.8352 1773.8096 1045.1578 1.7122 0.6276 0.7675 4.0856 2.2563 8.4402 1.6638 0.6142
Pedestrian -1 -1 1.5105 1053.9894 782.0223 1072.8103 837.5999 1.6354 0.5508 0.7239 3.1701 6.5549 46.4539 1.5933 0.4774
Pedestrian -1 -1 1.5466 1070.9830 785.3015 1087.6207 835.2224 1.4956 0.5224 0.7575 3.7659 6.6590 47.7426 1.6401 0.1961
Pedestrian -1 -1 1.4967 1051.4369 785.3536 1068.4978 835.0036 1.4817 0.4966 0.7278 3.1233 6.6022 47.3577 1.5770 0.1250
Cyclist -1 -1 -1.5113 978.3364 748.8450 1049.9336 896.5128 1.7551 0.8387 1.8650 0.7415 3.5250 20.3807 -1.4610 0.4632
Cyclist -1 -1 1.0508 1746.0001 638.3994 1936.0000 1216.0000 1.8534 0.6723 0.9153 3.3093 1.9061 5.3246 1.7543 0.1006
Car -1 -1 -1.4937 797.0613 777.5803 903.4832 886.2504 1.5480 1.6982 3.7855 -2.0530 4.6585 28.5607 -1.5562 0.9544
Car -1 -1 -1.4159 657.1851 758.1481 870.8841 950.6758 1.5642 1.7765 3.9626 -2.0950 3.2527 16.9409 -1.5378 0.9528
Car -1 -1 -1.5347 847.5723 780.5563 922.5475 861.2075 1.5539 1.7303 3.9004 -1.9030 5.7437 38.3006 -1.5731 0.9153
Car -1 -1 -1.5470 875.7315 783.9772 938.2029 849.4897 1.5351 1.7827 3.7255 -1.6299 6.6218 45.9547 -1.5703 0.8360
Car -1 -1 2.1393 14.1995 753.4036 247.7483 860.8583 1.4259 1.7116 4.2300 -14.9266 3.9467 27.1746 1.6290 0.8332
Car -1 -1 -1.4465 742.7258 775.6238 889.5471 909.7099 1.5038 1.7492 3.4255 -2.0953 3.9412 22.4385 -1.5331 0.8291
Car -1 -1 2.2355 0.0000 730.3099 24.9585 874.3467 1.4922 1.8070 4.2854 -15.2838 3.1099 20.7968 1.5822 0.6029
Car -1 -1 2.0193 206.5110 759.1817 372.4496 849.7430 1.4935 1.7020 4.1560 -14.7068 4.6446 32.9924 1.5983 0.5108
Car -1 -1 1.9943 310.6650 747.8041 454.7055 826.2048 1.5071 1.8250 4.1163 -14.3974 4.7592 37.4620 1.6284 0.2046
Car -1 -1 1.9936 412.0952 782.3641 530.8658 850.0898 1.4761 1.7959 4.2467 -14.6876 6.4566 45.0887 1.6844 0.1422
Car -1 -1 1.9607 367.5947 779.2341 480.6288 845.6115 1.5543 1.8424 4.3622 -17.0163 6.6964 47.5979 1.6230 0.1133
