Pedestrian -1 -1 1.0385 1752.7977 690.7078 1936.0000 1135.6056 1.7750 0.6436 0.7952 3.9554 2.0816 6.5309 1.6994 0.5567
Pedestrian -1 -1 1.4939 1067.5209 781.7264 1088.3452 840.8702 1.6642 0.5747 0.6013 3.4306 6.3109 44.0035 1.5866 0.4342
Pedestrian -1 -1 1.4594 1047.9058 782.1920 1067.8280 840.8691 1.6503 0.5293 0.6072 2.8429 6.3157 44.0442 1.5384 0.4247
Pedestrian -1 -1 1.4402 1054.4095 784.3229 1073.8828 837.9356 1.5648 0.5294 0.5989 3.1496 6.4819 45.8126 1.5235 0.2865
Pedestrian -1 -1 1.3339 1073.3668 786.0289 1093.7321 836.5575 1.4619 0.5067 0.5657 3.7265 6.4088 45.5963 1.4304 0.1264
Cyclist -1 -1 -1.5262 973.4371 756.7397 1041.6479 904.3096 1.7530 0.8236 1.8922 0.6547 3.6462 20.4945 -1.4806 0.4997
Car -1 -1 -1.3738 586.9213 756.2771 853.8052 978.7629 1.5526 1.8418 4.1665 -2.2454 3.0630 15.0678 -1.5246 0.9655
Car -1 -1 -1.4603 771.4985 773.0048 892.1699 890.0773 1.5701 1.7108 3.7676 -2.2456 4.4146 26.8085 -1.5355 0.9530
Car -1 -1 -1.5171 829.1666 780.1713 912.6920 864.3492 1.5268 1.7759 3.9950 -2.1503 5.5261 36.5151 -1.5651 0.9355
Car -1 -1 -1.5336 864.0054 780.8141 930.8989 850.0507 1.5720 1.7859 3.6243 -1.8358 6.3452 43.9632 -1.5635 0.8327
Car -1 -1 -1.4279 701.2164 779.0789 869.6252 922.5699 1.4146 1.7705 3.7164 -2.3301 3.7424 20.6895 -1.5355 0.7964
Car -1 -1 2.1511 28.8041 752.9655 230.5787 845.9727 1.4236 1.7132 3.9647 -16.8528 4.2135 30.5396 1.6414 0.4991
Car -1 -1 2.0543 188.0633 766.7987 340.4355 847.6002 1.4907 1.7291 4.0063 -17.0578 5.1777 36.8117 1.6204 0.4987
Car -1 -1 1.9925 323.5894 776.3497 452.1323 847.4788 1.5015 1.9208 3.9780 -16.1430 5.9942 42.3173 1.6318 0.3162
Car -1 -1 1.9438 427.2025 775.6061 532.9158 841.3740 1.5144 1.7054 4.1138 -14.8017 6.3848 46.2183 1.6396 0.1165
