Pedestrian -1 -1 1.5689 1031.3079 778.0900 1053.4553 844.8345 1.7278 0.5944 0.7067 2.2150 5.9448 40.7940 1.6375 0.6109
Pedestrian -1 -1 2.1185 257.2169 770.6179 303.6962 858.5979 1.7733 0.6877 0.5884 -14.3715 4.8826 31.5768 1.6894 0.1436
Cyclist -1 -1 -1.5064 961.5562 751.3268 1031.7946 904.3369 1.7837 0.7932 1.9684 0.4988 3.5725 20.1381 -1.4684 0.4616
Car -1 -1 -1.3341 473.7910 743.6638 813.6273 1020.0791 1.5750 1.8162 4.2109 -2.4168 2.7366 12.4908 -1.5369 0.9695
Car -1 -1 -1.4504 721.0059 767.8417 860.9272 902.2640 1.6117 1.7460 3.8971 -2.6505 4.0999 24.0682 -1.5539 0.9500
Car -1 -1 -1.5022 832.1657 779.6921 904.5076 850.3533 1.4946 1.7146 3.6068 -2.5308 5.9702 41.4196 -1.5522 0.9273
Car -1 -1 -1.5389 859.8839 780.9071 917.0691 842.7068 1.5091 1.6668 3.7974 -2.3013 6.7174 48.0232 -1.5749 0.9246
Car -1 -1 -1.4812 788.3947 771.8124 881.4531 861.0839 1.5356 1.7314 3.8324 -2.8140 5.0661 34.0074 -1.5542 0.9168
Car -1 -1 2.1101 73.4055 765.7948 274.1422 864.9186 1.4464 1.6674 4.1471 -15.6349 4.4674 29.9491 1.6241 0.9019
Car -1 -1 2.2248 0.0000 737.6584 92.9493 867.2492 1.4729 1.7227 4.1701 -15.3863 3.3529 22.8110 1.6160 0.8610
Car -1 -1 1.9362 381.0024 763.1735 493.1746 831.2891 1.5150 1.7164 4.1651 -15.3255 5.7733 43.9425 1.6049 0.7935
Car -1 -1 -1.4063 634.8336 774.6850 834.8085 944.6310 1.4586 1.7729 3.7031 -2.6035 3.4491 18.0024 -1.5492 0.7726
Car -1 -1 1.9978 263.0790 760.8656 407.1271 838.6393 1.4198 1.6636 4.2569 -15.3874 4.9790 36.9910 1.6042 0.7342
Car -1 -1 -1.4277 752.6021 777.7984 869.3732 877.6252 1.4673 1.7603 3.9254 -2.9540 4.7540 30.1377 -1.5170 0.6362
