Pedestrian -1 -1 1.4918 1046.6498 781.4684 1068.2311 840.9244 1.6338 0.5812 0.6129 2.7638 6.1693 43.0138 1.5705 0.5242
Pedestrian -1 -1 1.4851 1070.8969 785.1317 1093.8051 844.5231 1.6332 0.6149 0.6799 3.5046 6.3115 43.3187 1.5808 0.4055
Pedestrian -1 -1 1.0338 1809.6511 631.6817 1936.0000 1177.0654 1.8768 0.6708 0.8291 3.7115 1.9045 5.6279 1.7583 0.3574
Pedestrian -1 -1 -2.4558 23.4308 705.5975 338.1205 1209.7909 1.5069 0.5782 0.7140 -2.5204 1.7873 4.8824 -3.0737 0.1443
Pedestrian -1 -1 -2.1584 960.3643 758.0206 1061.6537 903.2927 1.7538 0.7006 1.4496 0.6610 3.6345 20.3250 -2.1121 0.1127
Cyclist -1 -1 -1.5132 970.0855 757.4484 1037.4039 905.2012 1.7474 0.7846 1.9027 0.6010 3.6467 20.4414 -1.4702 0.5410
Car -1 -1 -1.3638 556.6266 755.4744 842.8114 990.2065 1.5380 1.8412 4.2593 -2.3145 2.9825 14.3762 -1.5283 0.9681
Car -1 -1 -1.4602 761.1466 771.7551 885.5897 893.4041 1.5978 1.7235 3.7326 -2.3301 4.3465 26.0986 -1.5414 0.9523
Car -1 -1 -1.5112 816.8577 780.2574 900.0609 865.6296 1.5293 1.7120 3.8368 -2.4012 5.4378 35.7013 -1.5680 0.9134
Car -1 -1 -1.5216 879.9784 786.8367 939.7971 846.3256 1.4924 1.7576 3.7273 -1.6703 7.0765 49.6802 -1.5429 0.8968
Car -1 -1 -1.5320 856.0320 783.9015 923.6208 853.2614 1.5276 1.7639 3.6669 -2.0223 6.3156 43.1950 -1.5671 0.8880
Car -1 -1 2.0691 291.1001 766.2520 436.4283 843.2632 1.4482 1.6828 4.0648 -15.0994 5.2428 38.0242 1.6928 0.8082
Car -1 -1 -1.3883 665.8055 774.2366 857.4839 925.6329 1.4289 1.8407 3.7570 -2.5330 3.6037 19.8495 -1.5121 0.5738
Car -1 -1 1.9854 421.8394 769.2636 529.3295 832.8392 1.4751 1.6763 3.9705 -14.9156 6.1280 46.1348 1.6782 0.5459
Car -1 -1 2.1424 69.1442 743.5250 285.3443 846.7896 1.4924 1.7166 4.1182 -14.8621 3.9314 28.6209 1.6568 0.1611
Car -1 -1 2.2653 0.0000 720.8889 94.0550 861.7877 1.5188 1.7289 4.1622 -14.4671 3.0156 21.1782 1.6473 0.1377
Car -1 -1 2.1569 53.1224 750.3704 256.2757 844.1565 1.4802 1.7629 4.1622 -16.8612 4.3049 31.5135 1.6611 0.1277
Car -1 -1 -1.4249 779.6413 786.6625 886.6749 883.7161 1.5147 1.6942 3.7705 -2.6551 5.1594 31.7523 -1.4989 0.1155
