Pedestrian -1 -1 1.5177 1039.6127 784.5002 1060.6855 846.1505 1.6582 0.5700 0.6762 2.5144 6.2147 42.3491 1.5915 0.6488
Pedestrian -1 -1 1.5391 1073.7811 782.3462 1096.7439 843.8430 1.6690 0.6424 0.6418 3.5356 6.1979 42.6750 1.6368 0.2867
Cyclist -1 -1 -1.5111 966.7606 757.7715 1035.8715 907.9201 1.7530 0.7941 1.8986 0.5614 3.6342 20.1871 -1.4699 0.5605
Car -1 -1 -1.3508 533.1074 755.6301 832.6873 1003.5417 1.5616 1.8196 4.1761 -2.3616 2.9528 13.7879 -1.5271 0.9656
Car -1 -1 -1.4559 747.4509 773.7574 876.1195 898.2740 1.5820 1.7211 3.7037 -2.4556 4.2921 25.3528 -1.5451 0.9482
Car -1 -1 -1.4915 811.6809 779.6705 898.6519 865.0295 1.4871 1.6913 3.9057 -2.4388 5.3305 35.1661 -1.5504 0.9304
Car -1 -1 -1.5188 847.6534 785.9666 917.4620 855.8053 1.5174 1.7594 3.5945 -2.2025 6.3043 42.6373 -1.5588 0.9013
Car -1 -1 -1.5307 876.1782 786.9197 934.8514 847.1074 1.4924 1.7283 3.7251 -1.7928 7.0108 49.0581 -1.5550 0.8970
Car -1 -1 2.0201 290.6293 768.2721 436.2627 848.9368 1.4890 1.6762 4.3611 -15.0038 5.3264 37.7896 1.6439 0.7788
Car -1 -1 2.2411 0.0000 711.9249 32.6754 856.0427 1.4822 1.6903 4.1153 -14.5432 2.7642 19.9570 1.5895 0.5898
Car -1 -1 2.1862 0.0000 752.4825 114.7904 869.6651 1.4643 1.7028 4.2832 -16.5832 3.8305 25.5683 1.5997 0.5346
Car -1 -1 1.9253 416.5432 772.5100 516.1194 833.2999 1.3787 1.6227 3.7946 -14.9020 6.0320 45.2139 1.6121 0.5270
Car -1 -1 2.0659 144.4865 750.2416 328.3521 844.7733 1.4900 1.6663 4.2351 -15.1059 4.3046 31.4292 1.6142 0.5230
Car -1 -1 -1.4125 667.0428 778.9599 857.3104 936.3682 1.4483 1.8481 3.7669 -2.4681 3.6465 19.4224 -1.5359 0.4410
Car -1 -1 -1.4320 768.6163 788.4055 880.1086 886.1813 1.4851 1.7665 3.8025 -2.7862 5.1080 31.1857 -1.5120 0.4382
