Pedestrian -1 -1 1.5446 1023.4614 782.2565 1046.1085 852.0905 1.7412 0.5840 0.6426 1.9202 5.8919 39.1142 1.6079 0.5690
Pedestrian -1 -1 1.5819 1013.4357 794.0513 1032.2197 846.5164 1.6577 0.6090 0.6465 2.0519 7.3298 49.8036 1.6371 0.4519
Cyclist -1 -1 -1.5159 948.9486 756.4006 1019.9820 909.0892 1.7627 0.8183 1.8986 0.3308 3.6018 19.9338 -1.4866 0.4838
Car -1 -1 -1.3367 400.6944 732.4459 784.0591 1051.6361 1.6326 1.8383 4.2370 -2.4909 2.5907 11.2003 -1.5740 0.9672
Car -1 -1 -1.4266 691.5446 768.2921 843.0403 908.2425 1.5717 1.7156 3.9295 -2.8651 3.9527 22.8471 -1.5466 0.9531
Car -1 -1 -1.4988 814.9157 782.2596 892.1098 857.3475 1.5326 1.7641 3.6841 -2.8452 5.9515 40.1412 -1.5588 0.9339
Car -1 -1 -1.4851 768.4128 772.3299 863.1423 864.3989 1.5277 1.7066 3.6931 -3.1110 4.9215 32.5774 -1.5715 0.9298
Car -1 -1 2.2468 0.0000 734.6990 41.9594 872.0887 1.4579 1.7501 4.2715 -15.4545 3.1949 21.4934 1.6053 0.9111
Car -1 -1 -1.5129 844.7123 783.9074 908.9758 849.6558 1.5813 1.7445 3.5373 -2.5796 6.7001 46.3605 -1.5568 0.9062
Car -1 -1 2.1210 10.0298 757.5350 229.2414 860.6870 1.4327 1.6730 4.2329 -15.8467 4.1443 28.4290 1.6056 0.8890
Car -1 -1 -1.3661 585.1504 771.0269 808.3347 951.2979 1.4377 1.7448 3.6334 -2.8324 3.2563 16.7655 -1.5359 0.8184
Car -1 -1 1.9963 203.3694 760.5837 355.0607 844.2068 1.4545 1.6360 4.1766 -15.8023 4.8088 34.8801 1.5700 0.6174
Car -1 -1 1.9586 320.8662 759.8030 440.4195 827.7139 1.4524 1.7388 3.9783 -16.2162 5.4196 41.9693 1.5928 0.2491
Car -1 -1 1.8890 418.7771 766.8581 518.7378 828.4235 1.5251 1.8741 4.0899 -15.9238 6.3293 48.5577 1.5779 0.2333
