Pedestrian -1 -1 1.5713 1031.9949 780.6863 1054.1237 845.9452 1.6785 0.5879 0.6437 2.2137 5.9265 40.4359 1.6404 0.5270
Pedestrian -1 -1 1.6676 1019.6597 792.7169 1039.7211 844.6960 1.6694 0.6071 0.7322 2.3389 7.4472 51.0781 1.7275 0.3959
Pedestrian -1 -1 0.3848 282.5014 759.3449 462.8221 1043.7579 1.3941 0.6370 0.7294 -3.1218 2.1419 7.9828 -0.0471 0.1310
Pedestrian -1 -1 1.7685 1038.4116 791.9642 1057.7271 840.4283 1.5653 0.5521 0.5610 2.9622 7.3030 51.0157 1.8408 0.1136
Cyclist -1 -1 -1.4864 959.4118 752.7515 1032.4956 903.5363 1.7601 0.7986 1.9455 0.4906 3.5730 20.1904 -1.4489 0.4773
Car -1 -1 -1.3323 453.4618 742.6511 809.7634 1031.1099 1.5975 1.8576 4.2952 -2.4432 2.7315 12.2291 -1.5424 0.9687
Car -1 -1 -1.4435 714.2053 765.6008 857.0292 901.7089 1.6010 1.7249 3.9888 -2.6965 4.0258 23.7606 -1.5507 0.9444
Car -1 -1 -1.4909 788.6504 773.8458 879.4631 863.9767 1.5481 1.7081 3.7000 -2.8086 5.0869 33.6743 -1.5646 0.9301
Car -1 -1 2.1154 60.6780 763.6847 264.3710 863.8929 1.4556 1.6748 4.1158 -15.6919 4.4008 29.6358 1.6232 0.9267
Car -1 -1 1.9333 366.4314 767.3451 481.7782 836.3979 1.4950 1.7285 4.2818 -15.5263 5.8399 43.4526 1.5943 0.9253
Car -1 -1 -1.5347 858.2634 781.2658 916.7414 845.2271 1.5571 1.6770 3.8141 -2.3128 6.7380 47.6406 -1.5714 0.9200
Car -1 -1 -1.4942 829.0181 780.9110 904.4692 852.0321 1.4783 1.7494 3.6515 -2.5485 5.9522 41.0372 -1.5451 0.9193
Car -1 -1 2.2132 0.0000 744.3080 83.0518 876.7975 1.4802 1.7242 4.1347 -15.3738 3.4492 22.5684 1.5997 0.9060
Car -1 -1 -1.3869 613.1873 776.6263 823.3494 951.8611 1.4819 1.7966 3.6282 -2.7462 3.4617 17.6728 -1.5413 0.7957
Car -1 -1 1.9819 260.0016 765.5464 402.9694 844.3104 1.4231 1.6783 4.2252 -15.3700 5.0779 36.7353 1.5863 0.6018
Car -1 -1 1.9268 444.1316 770.6274 540.1577 828.9855 1.4455 1.7192 3.9576 -15.3690 6.4365 49.1896 1.6302 0.4150
Car -1 -1 -1.4153 748.2095 772.9689 871.2119 875.8144 1.5112 1.8145 3.8661 -2.9318 4.6475 29.6872 -1.5055 0.2472
