Pedestrian -1 -1 1.5540 1040.0311 783.7314 1061.0830 847.1109 1.6911 0.5861 0.6806 2.5093 6.1946 42.0453 1.6281 0.6203
Pedestrian -1 -1 1.5275 1074.6521 783.5151 1098.7926 847.1999 1.7156 0.6630 0.6538 3.5498 6.2440 42.3492 1.6263 0.3134
Cyclist -1 -1 -1.5053 967.4340 760.1660 1036.0017 908.8718 1.7499 0.7844 1.9118 0.5724 3.6845 20.3956 -1.4637 0.5193
Car -1 -1 -1.3492 517.8479 750.6807 826.3450 1007.2460 1.5887 1.8260 4.1903 -2.3933 2.9011 13.4751 -1.5329 0.9664
Car -1 -1 -1.4608 740.8696 772.6353 871.0694 899.2656 1.5910 1.7365 3.8114 -2.5336 4.2693 25.1899 -1.5540 0.9477
Car -1 -1 -1.4830 808.0112 779.6024 896.5963 865.6995 1.5031 1.6974 3.8721 -2.5012 5.3371 35.1031 -1.5440 0.9427
Car -1 -1 2.0339 284.3282 767.7189 432.7246 846.8749 1.4573 1.7230 4.2945 -15.1025 5.2714 37.7253 1.6547 0.7457
Car -1 -1 -1.5485 872.5704 779.2277 931.1277 843.5084 1.6233 1.7790 3.8195 -1.9044 6.8641 48.8691 -1.5754 0.6820
Car -1 -1 2.1112 117.2211 762.7202 311.6522 858.2651 1.4406 1.6885 4.1678 -15.2864 4.4832 30.8717 1.6476 0.5858
Car -1 -1 1.9544 409.8501 767.7075 515.0140 831.5204 1.4667 1.6789 3.8441 -15.0067 5.9702 45.1845 1.6388 0.5403
Car -1 -1 -1.4068 650.6051 778.6635 843.9988 937.8584 1.4478 1.8387 3.7142 -2.6180 3.6078 19.1237 -1.5407 0.4357
Car -1 -1 -1.4846 837.5070 783.1736 912.4385 853.6282 1.5150 1.7681 3.6334 -2.3980 6.1908 42.3274 -1.5298 0.4233
Car -1 -1 2.2130 0.0000 746.9470 104.7467 866.7653 1.4794 1.7117 4.3107 -16.5590 3.7092 25.1277 1.6184 0.4154
Car -1 -1 -1.4351 757.6256 779.1556 871.1318 878.6394 1.5287 1.8011 3.7576 -2.9613 4.9096 30.8556 -1.5221 0.2575
Car -1 -1 2.2156 0.0000 734.2324 182.5482 851.4545 1.4777 1.6234 4.0336 -14.9231 3.4444 24.8184 1.6621 0.1587
