Pedestrian -1 -1 1.5807 1012.7126 795.5457 1031.6860 846.6367 1.6323 0.6250 0.6969 2.0637 7.4488 50.6043 1.6355 0.4560
Pedestrian -1 -1 1.5600 1025.0647 782.6151 1046.4070 851.2335 1.7338 0.5629 0.7057 1.9850 5.9745 39.8422 1.6240 0.4461
Pedestrian -1 -1 1.8672 352.0011 753.9041 389.5404 836.3190 1.9428 0.6921 0.6688 -14.5034 5.1435 36.7419 1.4925 0.2925
Pedestrian -1 -1 1.6518 1030.6543 792.5689 1049.2753 841.3299 1.5561 0.5716 0.6114 2.6556 7.2497 50.4367 1.7186 0.2000
Pedestrian -1 -1 1.6170 1056.2250 784.1557 1080.2292 850.2173 1.6947 0.6095 0.6389 2.8945 6.0394 40.4407 1.7034 0.1826
Cyclist -1 -1 -1.4869 957.1810 755.8539 1032.1317 906.9522 1.7590 0.8252 1.9260 0.4727 3.6123 20.1583 -1.4503 0.5213
Car -1 -1 -1.3344 432.8087 739.0872 799.7799 1036.2094 1.5969 1.8554 4.3644 -2.4846 2.6751 11.9231 -1.5545 0.9689
Car -1 -1 -1.4350 707.1761 766.9631 853.4735 904.5491 1.5812 1.7093 4.0207 -2.7355 3.9983 23.4121 -1.5458 0.9448
Car -1 -1 -1.4894 822.4176 780.8004 900.2708 853.3882 1.4885 1.7709 3.7116 -2.6664 5.9188 40.6168 -1.5440 0.9246
Car -1 -1 -1.5329 854.2550 782.6603 913.4509 847.0718 1.5671 1.6806 3.6241 -2.4014 6.7250 47.0791 -1.5721 0.9242
Car -1 -1 -1.4857 775.9894 772.2524 871.5504 864.4634 1.5604 1.7603 3.7506 -2.9921 5.0162 33.1923 -1.5664 0.9144
Car -1 -1 2.2411 0.0000 738.5372 63.3786 874.0075 1.4677 1.7387 4.2583 -15.4200 3.3037 21.9963 1.6128 0.9034
Car -1 -1 2.1172 37.3772 754.6524 251.5721 858.0811 1.4777 1.6758 4.2652 -15.6738 4.1795 28.9715 1.6150 0.8918
Car -1 -1 1.9451 360.1297 765.2181 474.8716 833.9379 1.4890 1.6952 4.1151 -15.5546 5.7184 42.9920 1.6019 0.8508
Car -1 -1 -1.3735 600.9822 776.1534 815.3502 950.8210 1.4383 1.7566 3.5955 -2.8029 3.3738 17.3082 -1.5352 0.8082
Car -1 -1 1.9860 225.7916 760.4890 375.1907 842.1261 1.4389 1.6626 4.2761 -15.6248 4.8610 35.6033 1.5721 0.6214
Car -1 -1 1.8549 446.8021 767.4883 537.0671 826.8699 1.4957 1.7683 3.9840 -15.4090 6.3866 49.2910 1.5582 0.2919
Car -1 -1 -1.4361 747.6796 773.3218 866.6415 877.3979 1.5141 1.7809 3.8622 -2.9478 4.6209 29.3348 -1.5282 0.1609
