Pedestrian -1 -1 1.5785 1034.7117 781.1584 1056.0850 844.7158 1.6734 0.5768 0.6464 2.3319 6.0369 41.4147 1.6492 0.5277
Pedestrian -1 -1 1.5893 1064.2559 781.0743 1087.1918 842.8668 1.6417 0.6187 0.6099 3.1989 6.0393 41.7716 1.6807 0.1777
Cyclist -1 -1 -1.5042 961.8644 754.0845 1033.4923 905.6130 1.7731 0.8145 1.9137 0.5133 3.6031 20.1892 -1.4654 0.5104
Car -1 -1 -1.3445 498.4884 746.6132 820.9525 1011.1812 1.5769 1.8260 4.2312 -2.4036 2.8124 13.0337 -1.5364 0.9667
Car -1 -1 -1.4530 731.6871 770.3993 865.9550 900.9017 1.6091 1.7274 3.7413 -2.5820 4.1799 24.5346 -1.5513 0.9468
Car -1 -1 -1.4922 797.3146 773.7274 886.5875 862.3688 1.5402 1.7114 3.9249 -2.7004 5.1773 34.5749 -1.5604 0.9287
Car -1 -1 -1.4968 836.8616 781.6014 909.9923 851.7446 1.4908 1.7357 3.6214 -2.4125 6.0645 41.8136 -1.5432 0.9126
Car -1 -1 2.1100 97.0195 758.7488 289.9905 855.0297 1.4632 1.6910 3.9889 -15.5101 4.3719 30.4542 1.6344 0.8472
Car -1 -1 -1.5502 867.6536 781.7032 925.2366 842.8829 1.5011 1.7340 3.7824 -2.0585 6.7680 48.3309 -1.5808 0.8373
Car -1 -1 -1.2026 399.0773 767.1772 506.7727 832.2672 1.4662 1.7074 3.9522 -15.0584 5.8920 44.5041 -1.5241 0.7232
Car -1 -1 -1.3993 639.1563 777.9059 838.4764 941.3963 1.4421 1.8194 3.6840 -2.6401 3.5324 18.5604 -1.5393 0.7189
Car -1 -1 2.2317 0.0000 746.5743 130.1065 870.6356 1.4724 1.7471 4.2681 -15.6521 3.6235 24.2448 1.6456 0.6706
Car -1 -1 -1.4444 755.2212 780.3799 868.3087 883.1010 1.5474 1.7786 3.8987 -2.9775 4.9252 30.5072 -1.5331 0.4158
Car -1 -1 2.0239 263.2737 764.5527 408.1516 841.7273 1.4052 1.6974 3.9719 -15.2249 5.0149 36.6205 1.6306 0.3760
Car -1 -1 2.2128 0.0000 746.0405 90.6542 860.8636 1.5334 1.8214 3.9983 -17.4568 3.8299 26.3110 1.6164 0.1141
