Pedestrian -1 -1 1.5520 1015.4621 780.5933 1038.6111 851.4442 1.7298 0.5856 0.5905 1.6769 5.7352 38.1651 1.6100 0.6161
Pedestrian -1 -1 1.6254 1004.6525 794.0621 1024.8523 847.3298 1.6569 0.6208 0.6154 1.7543 7.2383 49.0031 1.6751 0.5653
Pedestrian -1 -1 -1.0459 92.8226 756.9033 133.4841 830.6960 1.8357 0.7015 0.6114 -21.8955 5.2716 38.6150 -1.5624 0.2054
Pedestrian -1 -1 1.8853 315.7941 751.2891 358.4843 837.2134 1.9450 0.7424 0.7327 -14.7722 4.9710 35.4088 1.4903 0.1030
Cyclist -1 -1 -1.5068 943.9591 756.0111 1014.0602 906.3557 1.7500 0.7979 1.8695 0.2589 3.5936 20.0602 -1.4814 0.5153
Car -1 -1 -1.3110 337.3503 726.1212 767.2548 1071.3198 1.6254 1.8396 4.3427 -2.5565 2.4827 10.4908 -1.5738 0.9677
Car -1 -1 -1.4235 678.9872 770.6292 835.1602 913.7413 1.5453 1.7037 3.9299 -2.9250 3.8985 22.1659 -1.5505 0.9571
Car -1 -1 -1.3695 568.9285 773.9684 799.7130 964.2257 1.4487 1.7369 3.6318 -2.8428 3.2365 16.0987 -1.5480 0.9276
Car -1 -1 -1.4798 754.8502 772.3085 852.6479 869.1760 1.5711 1.7007 3.7513 -3.2937 4.8961 31.8523 -1.5744 0.9255
Car -1 -1 -1.5036 830.9431 786.0496 897.2003 852.2486 1.5424 1.7343 3.6808 -2.9310 6.6687 45.7179 -1.5562 0.9157
Car -1 -1 2.1236 0.0000 753.2357 202.3768 858.7129 1.4239 1.6532 4.2792 -15.9485 3.9767 27.5907 1.5913 0.9131
Car -1 -1 -1.5071 803.3805 780.3672 881.9506 857.2792 1.5303 1.7794 3.7950 -3.0702 5.8178 39.3401 -1.5745 0.9059
Car -1 -1 2.0384 176.3458 762.5970 339.5103 848.4153 1.4620 1.7232 4.0504 -15.9306 4.7910 34.1039 1.5999 0.8066
Car -1 -1 2.2585 0.0000 736.3072 2.4075 875.9769 1.4175 1.6982 4.2102 -15.5053 3.1175 20.6935 1.5957 0.7421
Car -1 -1 1.9727 286.6484 771.1576 418.6867 846.6937 1.4906 1.7367 4.2078 -16.1232 5.5949 39.8444 1.5907 0.7222
Car -1 -1 1.9031 354.7893 774.7717 464.1479 841.5316 1.4829 1.8148 3.9883 -16.2511 6.1181 44.2417 1.5555 0.6927
