Pedestrian -1 -1 1.5767 1005.0599 795.5686 1023.7789 848.3933 1.6590 0.6061 0.6306 1.7590 7.3395 49.4417 1.6262 0.5406
Pedestrian -1 -1 1.5291 1021.7656 782.2116 1045.6401 852.7939 1.7406 0.5997 0.6758 1.8744 5.8539 38.7575 1.5917 0.4901
Pedestrian -1 -1 1.6556 1022.6765 795.6877 1040.5293 844.0217 1.5170 0.5387 0.5355 2.3241 7.1922 49.3888 1.7167 0.2253
Pedestrian -1 -1 2.2398 259.7391 767.7990 309.3593 853.5721 1.7500 0.7396 0.6358 -14.5824 4.8681 32.2331 1.8132 0.1487
Pedestrian -1 -1 1.6695 1047.4917 781.9677 1071.2197 847.0736 1.6075 0.5546 0.5616 2.5480 5.7193 38.8221 1.7498 0.1327
Pedestrian -1 -1 1.8019 128.3051 774.2185 159.8423 844.4399 1.7742 0.6331 0.4990 -21.5759 5.7497 39.4900 1.3024 0.1109
Pedestrian -1 -1 2.2100 211.4879 763.8539 264.6158 855.3561 1.7392 0.7082 0.6556 -14.4978 4.5616 29.9879 1.7558 0.1017
Cyclist -1 -1 -1.4924 946.0884 757.3694 1017.5063 906.6389 1.7510 0.7974 1.8882 0.2995 3.6329 20.2641 -1.4650 0.5224
Car -1 -1 -1.3294 377.5090 728.8544 775.3192 1056.2533 1.6256 1.8303 4.2995 -2.5312 2.5366 10.9496 -1.5771 0.9669
Car -1 -1 -1.4321 689.7054 769.5842 838.7903 908.8200 1.5397 1.6769 3.8954 -2.8777 3.9135 22.5741 -1.5543 0.9488
Car -1 -1 -1.4934 809.1440 781.6533 888.0650 857.4152 1.5310 1.7728 3.7396 -2.9564 5.9097 39.8909 -1.5567 0.9340
Car -1 -1 -1.4867 765.1649 772.7551 860.2340 865.7266 1.5284 1.7024 3.6744 -3.1486 4.9021 32.2810 -1.5752 0.9197
Car -1 -1 -1.4957 837.8056 785.9668 903.1865 851.3008 1.5458 1.7056 3.5538 -2.7571 6.6998 46.0530 -1.5439 0.9193
Car -1 -1 2.1140 0.0000 757.6932 214.1711 861.3342 1.4227 1.6802 4.1291 -15.8611 4.0885 27.9400 1.5901 0.9055
Car -1 -1 2.2584 0.0000 727.2300 31.0396 865.4958 1.4550 1.7324 4.3715 -15.4968 3.0599 21.2362 1.6090 0.8527
Car -1 -1 1.9457 321.6971 766.2402 438.6453 836.2540 1.4885 1.6993 3.9675 -16.1747 5.6297 41.8244 1.5799 0.8028
Car -1 -1 2.0113 204.1167 758.8016 362.7472 844.7516 1.4945 1.6869 4.3324 -15.7397 4.8216 34.9771 1.5876 0.7848
Car -1 -1 -1.3693 578.0807 774.7050 805.3668 960.8945 1.4607 1.7659 3.5940 -2.8365 3.2944 16.4840 -1.5425 0.7798
Car -1 -1 1.8699 406.3101 762.5879 503.4873 825.1943 1.4661 1.6992 4.0198 -15.4980 5.8848 45.9645 1.5497 0.2661
