Pedestrian -1 -1 1.6175 991.1592 786.4135 1017.1315 861.9847 1.6829 0.5727 0.5948 1.0058 5.4979 35.0001 1.6600 0.6126
Pedestrian -1 -1 1.6564 978.0992 795.4400 998.0728 851.8184 1.6304 0.5520 0.5997 0.8189 6.8651 45.5728 1.6878 0.4286
Pedestrian -1 -1 1.6240 960.5899 799.3361 979.9825 857.4929 1.6888 0.5530 0.6194 0.2775 7.0613 45.7293 1.6434 0.2678
Pedestrian -1 -1 1.6070 968.6923 792.9683 992.6237 867.9417 1.6705 0.5322 0.5521 0.4548 5.6283 34.9232 1.6332 0.1939
Cyclist -1 -1 -1.4976 916.3471 768.5370 982.7028 917.3363 1.7253 0.7371 1.8814 -0.1383 3.7556 20.1716 -1.4932 0.5039
Car -1 -1 -1.1878 24.7250 713.2363 700.0082 1191.2450 1.5869 1.8220 4.4321 -2.7068 2.1910 8.0058 -1.5659 0.9652
Car -1 -1 -1.3939 601.5740 763.2614 790.3358 929.7664 1.5867 1.7342 4.0212 -3.3545 3.5887 19.6207 -1.5630 0.9543
Car -1 -1 -1.4528 712.4356 779.0110 823.4177 883.4234 1.5316 1.6965 3.7101 -3.7155 4.7393 29.2710 -1.5719 0.9379
Car -1 -1 -1.5042 798.8939 785.1067 866.9379 855.0977 1.5469 1.6777 3.5796 -3.6558 6.3534 43.0697 -1.5781 0.9311
Car -1 -1 -1.3171 452.0117 771.6130 754.9449 1009.0447 1.4397 1.7299 3.7705 -2.9978 2.9331 13.3206 -1.5509 0.9290
Car -1 -1 -1.4660 759.6310 784.2693 851.5687 867.7610 1.5165 1.8006 3.9334 -3.7591 5.6372 36.6894 -1.5586 0.9067
Car -1 -1 2.1921 0.0000 742.5522 121.4839 860.6180 1.4628 1.7512 4.3296 -16.2408 3.6098 25.0954 1.6057 0.8815
Car -1 -1 2.0930 65.1832 766.5421 255.1289 860.3087 1.4438 1.7037 4.0727 -16.6469 4.6049 31.3136 1.6004 0.6814
Car -1 -1 1.9815 247.0625 773.7643 385.5764 852.4506 1.5289 1.7841 4.2159 -16.7975 5.6391 39.1744 1.5784 0.4489
Car -1 -1 1.9367 358.6345 765.5868 468.2228 830.4467 1.5392 1.8144 4.2150 -17.0825 6.1458 46.8396 1.5918 0.3982
