Pedestrian -1 -1 1.6464 969.5357 792.5711 990.9001 851.0348 1.6335 0.5785 0.5718 0.5579 6.5905 43.8970 1.6725 0.6244
Pedestrian -1 -1 1.5962 982.4404 783.1820 1009.6927 865.2062 1.7333 0.5812 0.6650 0.7777 5.2952 33.3027 1.6331 0.5386
Pedestrian -1 -1 1.7063 950.6259 794.2491 971.5721 851.9142 1.6079 0.5373 0.5629 -0.0034 6.6137 43.8857 1.7193 0.2403
Cyclist -1 -1 -1.4862 900.4169 766.3794 969.7249 915.9879 1.7380 0.7573 1.8795 -0.3323 3.7375 20.1679 -1.4920 0.5139
Car -1 -1 -1.1114 0.0000 686.0065 658.1620 1216.0000 1.6504 1.8500 4.3742 -2.7505 2.0185 6.8205 -1.5709 0.9627
Car -1 -1 -1.3569 557.1022 767.5637 770.8429 942.7694 1.4981 1.6985 4.2221 -3.5058 3.4553 18.3863 -1.5474 0.9409
Car -1 -1 -1.4305 688.3564 773.2598 807.5089 883.5440 1.5567 1.6746 3.6957 -3.9141 4.5137 27.9514 -1.5635 0.9389
Car -1 -1 -1.4986 779.7634 779.2128 850.4179 852.3192 1.5848 1.6791 3.7086 -4.0772 6.1280 42.1618 -1.5848 0.9097
Car -1 -1 -1.2720 397.4188 751.9456 738.5416 1004.3927 1.4187 1.6672 3.8235 -3.0218 2.6291 12.3041 -1.5306 0.6647
Car -1 -1 2.2309 0.0000 737.6523 84.5003 861.5366 1.4761 1.7565 4.2424 -16.2220 3.4424 23.9173 1.6209 0.6421
Car -1 -1 -1.4338 735.3566 781.6837 834.5356 864.4872 1.4495 1.7921 3.7692 -4.1035 5.3533 35.3250 -1.5407 0.1447
