Pedestrian -1 -1 1.6007 989.8082 791.9249 1015.7681 867.4724 1.7003 0.5886 0.6414 0.9883 5.7040 35.5057 1.6423 0.5372
Pedestrian -1 -1 1.5952 969.1361 798.3559 988.5282 856.2173 1.6968 0.5750 0.6309 0.5439 7.0890 46.1589 1.6204 0.5252
Pedestrian -1 -1 1.6874 987.2107 796.2737 1007.3291 850.8192 1.5934 0.5478 0.5953 1.1122 6.9188 46.1345 1.7252 0.4162
Cyclist -1 -1 -1.4973 920.7070 774.7302 987.8989 924.6337 1.7351 0.7496 1.8589 -0.0739 3.8527 20.1789 -1.4894 0.4918
Car -1 -1 -1.2108 103.8303 722.4674 717.1385 1168.3223 1.5846 1.8277 4.3738 -2.6735 2.2805 8.4715 -1.5611 0.9618
Car -1 -1 -1.4028 612.6960 767.6636 797.2972 930.6863 1.5728 1.7556 4.0988 -3.3149 3.6859 20.0801 -1.5653 0.9538
Car -1 -1 -1.3220 477.4176 773.6887 764.0280 1003.7586 1.4749 1.7344 3.6188 -2.9686 3.0289 13.7875 -1.5445 0.9477
Car -1 -1 -1.4379 719.0230 787.3846 831.4072 890.6906 1.5126 1.7008 3.7284 -3.6245 4.9428 29.6904 -1.5518 0.9286
Car -1 -1 -1.5117 800.9536 788.1575 867.8060 858.8958 1.5694 1.6827 3.6471 -3.6486 6.5168 43.4831 -1.5845 0.9225
Car -1 -1 2.1575 0.0000 747.0300 129.0834 863.4075 1.4493 1.7364 4.5019 -16.3865 3.7256 25.6159 1.5771 0.8582
Car -1 -1 2.0514 89.1103 770.6025 274.6294 864.7915 1.4736 1.7408 4.3414 -16.6920 4.8308 32.2858 1.5713 0.8458
Car -1 -1 -1.4751 763.0219 789.7250 852.7617 870.9163 1.4679 1.8002 3.9417 -3.7391 5.7673 37.0321 -1.5661 0.7594
Car -1 -1 1.9271 375.4635 770.8488 479.5538 833.7535 1.5326 1.8028 4.1685 -17.1647 6.4510 48.2925 1.5911 0.4510
Car -1 -1 1.9832 278.3284 769.5848 404.5835 840.8743 1.4942 1.7737 4.0031 -17.1482 5.7125 41.5761 1.5948 0.3916
