Pedestrian -1 -1 1.5776 988.3430 794.3041 1007.6384 849.1407 1.6646 0.6037 0.6524 1.1764 7.1215 47.8320 1.6159 0.5299
Pedestrian -1 -1 1.5478 1010.5312 785.6265 1036.3304 860.1807 1.7490 0.6333 0.7508 1.5400 5.7811 37.1300 1.6033 0.5214
Pedestrian -1 -1 2.1881 21.5361 755.6246 61.7670 831.3973 1.7258 0.6057 0.5471 -21.7407 4.8423 35.3598 1.6339 0.3823
Pedestrian -1 -1 2.1590 61.7856 751.0398 102.9938 825.4595 1.8015 0.6650 0.6144 -22.1104 5.0030 37.6288 1.6261 0.3429
Pedestrian -1 -1 2.0899 132.7984 754.4332 167.2092 822.8834 1.7884 0.6183 0.5674 -21.9470 5.3184 40.4623 1.5931 0.2400
Pedestrian -1 -1 2.2060 133.8275 751.8322 186.6882 850.8604 1.7620 0.6525 0.5746 -14.8765 4.1481 27.7819 1.7074 0.1776
Pedestrian -1 -1 -0.9149 114.9213 750.6956 149.0403 820.9026 1.8081 0.5917 0.5376 -22.1419 5.1933 39.9332 -1.4214 0.1124
Pedestrian -1 -1 1.6745 1014.3727 797.7034 1033.2501 848.9027 1.5540 0.5438 0.5289 1.9981 7.1066 47.7476 1.7304 0.1085
Cyclist -1 -1 -1.5283 939.0065 761.5301 1006.2214 912.4601 1.7722 0.8075 1.8904 0.1744 3.7139 20.2830 -1.5075 0.4965
Car -1 -1 -1.2772 255.0210 725.3693 746.7252 1103.5002 1.5799 1.8225 4.3185 -2.5874 2.3673 9.5586 -1.5732 0.9673
Car -1 -1 -1.4089 652.6038 768.4242 821.2314 921.7027 1.6033 1.7399 3.9187 -3.0895 3.8395 21.3225 -1.5497 0.9534
Car -1 -1 -1.4877 746.5894 783.8749 845.7306 882.2392 1.5206 1.7029 3.6421 -3.3491 4.9989 30.8846 -1.5874 0.9455
Car -1 -1 -1.3614 539.8333 775.7463 787.3253 979.9452 1.4545 1.7378 3.5652 -2.8602 3.1592 15.1031 -1.5545 0.9427
Car -1 -1 -1.5007 817.2737 788.1633 884.7136 856.6641 1.5565 1.7170 3.8136 -3.2770 6.6806 45.0200 -1.5621 0.9146
Car -1 -1 2.1417 0.0000 754.7803 167.7763 861.6559 1.3934 1.6469 4.1961 -16.1571 3.8997 26.7446 1.5889 0.9059
Car -1 -1 2.0684 139.0974 764.8198 320.9290 854.5690 1.4548 1.7491 4.4506 -16.2749 4.8060 33.5548 1.6148 0.8877
Car -1 -1 -1.5043 790.2433 785.4745 871.3484 864.0374 1.4844 1.7700 3.9703 -3.2959 5.8212 38.3960 -1.5797 0.8208
Car -1 -1 1.9649 285.2749 769.9249 415.2554 844.1344 1.4793 1.7325 4.2265 -16.3453 5.5866 40.2295 1.5814 0.6851
