Pedestrian -1 -1 1.6398 988.6800 781.8947 1016.5450 861.5551 1.7109 0.5813 0.5939 0.9350 5.2870 33.7362 1.6811 0.4622
Pedestrian -1 -1 1.6640 968.0705 794.5639 989.9203 853.1029 1.6508 0.5880 0.6120 0.5290 6.7350 44.4742 1.6893 0.4612
Cyclist -1 -1 -1.4743 910.2974 764.2291 980.7667 914.5277 1.7300 0.7433 1.8625 -0.1891 3.6797 19.9628 -1.4728 0.4828
Car -1 -1 -1.1384 0.0000 696.8947 679.0250 1216.0000 1.6319 1.8398 4.4220 -2.7266 2.0889 7.2735 -1.5626 0.9600
Car -1 -1 -1.3692 573.4648 766.9144 777.8747 937.5854 1.5074 1.7015 4.1836 -3.4530 3.4951 18.8231 -1.5519 0.9414
Car -1 -1 -1.2853 423.6967 764.7065 743.3787 1009.2691 1.4349 1.6909 3.5886 -3.0154 2.7912 12.6836 -1.5342 0.9348
Car -1 -1 -1.4244 692.7141 773.8524 812.1240 883.7255 1.5603 1.6735 3.7876 -3.8796 4.5708 28.3165 -1.5542 0.9331
Car -1 -1 -1.5063 787.0835 780.5811 856.8738 852.5012 1.5646 1.6964 3.6706 -3.9051 6.1700 42.3892 -1.5878 0.9124
Car -1 -1 2.2055 0.0000 742.6579 79.3722 866.6988 1.4765 1.7564 4.3575 -16.4579 3.5534 24.1752 1.5943 0.8390
Car -1 -1 -1.4451 742.1058 780.4464 839.2901 864.2336 1.4942 1.8070 3.8386 -4.0227 5.4206 35.8090 -1.5480 0.6607
Car -1 -1 1.9909 291.8072 762.2846 415.8326 831.4346 1.4802 1.7289 4.0593 -17.0857 5.5527 42.2663 1.6095 0.4019
Car -1 -1 1.9725 337.4750 763.2952 452.0065 825.6342 1.4702 1.8382 4.2331 -17.7254 6.0193 46.9991 1.6164 0.1923
Car -1 -1 2.1010 84.6841 752.7021 252.2977 830.7565 1.4771 1.8680 4.0975 -19.6211 4.8368 37.2245 1.6145 0.1877
Car -1 -1 2.1358 61.3463 741.3807 259.7005 832.3852 1.4465 1.7693 4.0158 -16.5371 4.0318 31.1248 1.6421 0.1107
