Pedestrian -1 -1 1.5883 1013.0228 782.6467 1038.2579 855.1045 1.7339 0.6141 0.6327 1.6207 5.7356 37.5977 1.6455 0.6273
Pedestrian -1 -1 1.5965 995.5692 794.1855 1015.6033 848.2717 1.6634 0.6239 0.6119 1.4350 7.1752 48.3639 1.6399 0.5453
Pedestrian -1 -1 2.0887 48.4902 759.9901 89.4982 835.0797 1.7350 0.6223 0.6219 -21.4841 5.0171 36.0149 1.5486 0.4957
Pedestrian -1 -1 -1.0425 141.7763 753.7292 175.1111 820.8465 1.7700 0.6074 0.5495 -21.9112 5.3113 40.8206 -1.5348 0.2587
Pedestrian -1 -1 2.1776 78.1848 755.2139 117.5123 828.9515 1.8029 0.6574 0.5699 -21.9220 5.1393 37.9752 1.6528 0.1559
Pedestrian -1 -1 1.6460 1015.0181 798.0812 1032.7172 848.0554 1.5310 0.5250 0.5177 2.0155 7.1376 48.1222 1.7019 0.1368
Pedestrian -1 -1 2.1589 158.6510 749.2863 210.1050 846.7805 1.7608 0.6628 0.5541 -14.5978 4.1245 28.1078 1.6733 0.1348
Cyclist -1 -1 -1.5328 942.1152 759.9294 1007.7713 912.0277 1.7662 0.7841 1.8739 0.2031 3.6612 20.0273 -1.5103 0.4962
Car -1 -1 -1.2845 285.7605 720.8897 756.9702 1090.1492 1.6353 1.8364 4.3440 -2.5792 2.4123 9.9295 -1.5670 0.9661
Car -1 -1 -1.4220 662.8373 768.6055 823.8071 917.4612 1.5838 1.7185 3.8952 -3.0511 3.8525 21.6503 -1.5586 0.9599
Car -1 -1 -1.3627 550.3167 773.6426 791.3489 972.1686 1.4601 1.7399 3.5970 -2.8737 3.1859 15.5352 -1.5506 0.9312
Car -1 -1 -1.4808 748.3012 779.0087 847.6325 876.7406 1.5269 1.6920 3.7539 -3.3434 4.9354 31.1904 -1.5793 0.9236
Car -1 -1 -1.5001 821.8561 786.2541 888.6652 854.4637 1.5726 1.7141 3.7670 -3.1716 6.6680 45.3311 -1.5587 0.9109
Car -1 -1 2.1356 0.0000 749.6223 183.3165 854.6004 1.4014 1.6233 4.1456 -15.9811 3.8293 27.0199 1.5924 0.8820
Car -1 -1 2.0475 159.9728 763.0161 332.6378 852.3127 1.4816 1.7273 4.3046 -16.0041 4.7983 33.7317 1.6028 0.8738
Car -1 -1 -1.4974 793.8374 781.4060 876.1708 859.9203 1.5243 1.8014 3.8933 -3.2178 5.7830 38.7445 -1.5700 0.8315
Car -1 -1 1.9603 296.0466 772.5018 424.9470 846.6699 1.4838 1.7422 4.2637 -16.2140 5.7014 40.5880 1.5830 0.7608
