Pedestrian -1 -1 1.5733 981.2878 781.0159 1008.8116 863.6744 1.7195 0.5913 0.6391 0.7412 5.1667 32.6897 1.6094 0.6898
Pedestrian -1 -1 1.6480 960.7264 788.3856 982.6599 847.3248 1.6192 0.5822 0.5990 0.3031 6.3798 43.2201 1.6681 0.5676
Cyclist -1 -1 -1.5077 891.9021 755.2335 961.6608 906.2877 1.7544 0.7946 1.8850 -0.4396 3.5804 19.9896 -1.5196 0.5156
Car -1 -1 -1.0455 0.0000 691.6013 632.4818 1216.0000 1.6023 1.8381 4.3771 -2.8061 1.9803 6.2749 -1.5575 0.9574
Car -1 -1 -1.3612 538.3228 766.1584 760.9129 947.5125 1.4942 1.7212 4.3313 -3.5659 3.3886 17.8815 -1.5613 0.9542
Car -1 -1 -1.4160 674.3192 770.8335 799.4622 883.8486 1.5613 1.6823 3.7504 -4.0361 4.4212 27.4197 -1.5566 0.9496
Car -1 -1 -1.4953 770.6500 778.2135 843.5598 850.5046 1.5279 1.6964 3.7849 -4.2417 5.9878 41.5967 -1.5869 0.9255
Car -1 -1 -1.4550 733.5127 779.4314 831.9748 864.9048 1.4803 1.8068 3.8830 -4.1017 5.2872 34.8919 -1.5634 0.7435
Car -1 -1 -1.2313 360.4627 747.3441 725.4972 1007.7410 1.4132 1.6436 3.7234 -3.0862 2.5375 11.8219 -1.5076 0.5257
Car -1 -1 2.1930 0.0000 743.3752 48.0787 875.7315 1.4842 1.7200 4.3308 -16.1104 3.4650 22.8301 1.5630 0.3782
