Pedestrian -1 -1 1.5898 990.5666 781.4781 1015.7222 858.3955 1.6890 0.5595 0.5664 0.9642 5.3177 34.3574 1.6315 0.5494
Pedestrian -1 -1 1.6609 977.9150 788.5062 998.7208 845.5447 1.6269 0.5651 0.6055 0.8140 6.5768 44.9101 1.6925 0.4975
Pedestrian -1 -1 1.6257 959.9307 792.1982 979.9787 851.5161 1.6976 0.5615 0.6481 0.2638 6.7795 45.0822 1.6448 0.2798
Pedestrian -1 -1 1.5292 967.1903 787.7166 990.7028 864.8549 1.6942 0.5240 0.5637 0.4037 5.4641 34.3397 1.5540 0.2504
Cyclist -1 -1 -1.5014 913.1873 765.5080 979.6248 916.7755 1.7439 0.7383 1.8529 -0.1785 3.7099 19.9585 -1.4993 0.4597
Car -1 -1 -1.1570 0.0000 709.8840 684.4537 1216.0000 1.5927 1.8286 4.3293 -2.7075 2.1405 7.4696 -1.5658 0.9647
Car -1 -1 -1.3761 583.7036 768.1907 783.8451 937.0325 1.5204 1.7204 4.1311 -3.4029 3.5477 19.0777 -1.5533 0.9486
Car -1 -1 -1.4350 700.4419 775.6629 814.3672 881.6166 1.5414 1.6652 3.5844 -3.8416 4.6142 28.6785 -1.5616 0.9429
Car -1 -1 -1.2956 424.8240 770.1996 741.5275 1015.4598 1.4504 1.7208 3.6323 -3.0618 2.8787 12.8610 -1.5441 0.9427
Car -1 -1 -1.5206 789.7228 783.4728 857.5037 854.9214 1.5431 1.6997 3.8089 -3.8951 6.2850 42.7897 -1.6009 0.9330
Car -1 -1 -1.4561 751.7307 784.5326 846.3929 867.6794 1.4648 1.7844 3.9929 -3.8512 5.5314 36.0834 -1.5532 0.8715
Car -1 -1 2.1831 0.0000 748.6556 85.3615 869.5577 1.4482 1.7387 4.2605 -16.4339 3.6463 24.4239 1.5779 0.8412
Car -1 -1 2.0571 129.8729 761.0812 298.4331 847.8527 1.4939 1.7786 3.9843 -16.9134 4.7804 34.0769 1.5944 0.7282
Car -1 -1 2.0005 287.9695 764.0621 415.9860 834.7327 1.4963 1.7641 4.1118 -17.0308 5.6009 42.0121 1.6182 0.4700
Car -1 -1 2.1020 41.5382 750.7601 242.0153 847.4462 1.4716 1.7430 4.0335 -16.3678 4.1777 30.1126 1.5984 0.3078
Car -1 -1 1.9309 418.8905 759.5706 519.3414 819.1134 1.4753 1.7637 4.0121 -15.8487 6.0145 48.3581 1.6197 0.1820
Car -1 -1 1.9867 298.6822 767.8718 418.5924 831.7833 1.4626 1.8693 4.1527 -18.3652 6.0409 45.7769 1.6092 0.1582
