Pedestrian -1 -1 1.6067 1001.9451 788.6244 1028.1444 863.0989 1.7235 0.6071 0.6903 1.3190 5.7715 36.6041 1.6567 0.7065
Pedestrian -1 -1 1.6039 986.2703 791.9196 1006.5943 847.1769 1.6601 0.6138 0.6503 1.1157 6.9889 47.3661 1.6410 0.4852
Pedestrian -1 -1 2.2767 11.2586 758.5717 51.6411 836.0748 1.7453 0.6050 0.5288 -21.7819 4.9045 35.0374 1.7175 0.3580
Pedestrian -1 -1 2.2226 52.7448 747.6751 96.0923 825.8864 1.8716 0.6700 0.6549 -22.1114 4.9632 37.2926 1.6856 0.1976
Pedestrian -1 -1 2.2846 0.0000 755.9355 34.3909 834.9980 1.7498 0.6031 0.5564 -21.8493 4.7986 34.4745 1.7162 0.1416
Pedestrian -1 -1 1.6982 1005.9612 794.8196 1025.3737 846.5449 1.5438 0.5353 0.5802 1.7167 6.9394 47.1533 1.7485 0.1014
Cyclist -1 -1 -1.5013 933.3630 763.8236 1002.4157 918.3857 1.8102 0.7829 1.8123 0.1091 3.7677 20.1351 -1.4838 0.4326
Car -1 -1 -1.2554 216.5147 727.6953 739.8123 1124.1726 1.5804 1.8171 4.3510 -2.6158 2.3677 9.2727 -1.5649 0.9615
Car -1 -1 -1.4150 638.5897 770.0361 809.6381 926.7830 1.6129 1.7577 3.8614 -3.2059 3.8302 20.9098 -1.5648 0.9548
Car -1 -1 -1.4879 740.1013 783.5182 840.0114 883.7834 1.5342 1.6965 3.6517 -3.4371 4.9710 30.5586 -1.5918 0.9402
Car -1 -1 2.1506 0.0000 756.8031 149.1119 867.3594 1.4006 1.6722 4.2694 -16.2570 3.9023 26.2154 1.5855 0.9275
Car -1 -1 -1.3546 523.4478 778.7588 781.3339 989.4083 1.4464 1.7460 3.6339 -2.8959 3.1547 14.7731 -1.5551 0.9253
Car -1 -1 -1.5025 808.9162 788.1033 876.4665 856.7653 1.5421 1.7049 3.7918 -3.4859 6.6058 44.5019 -1.5696 0.9173
Car -1 -1 2.0635 127.4980 765.6286 311.0228 856.5931 1.4601 1.7440 4.4819 -16.3833 4.8066 33.2926 1.6040 0.8971
Car -1 -1 -1.4819 777.3986 785.1784 863.7226 864.8683 1.4874 1.7909 3.9880 -3.5142 5.7701 37.9578 -1.5642 0.7391
Car -1 -1 1.9643 276.5609 768.0147 404.9656 841.5570 1.4625 1.6915 4.1426 -16.4629 5.4787 39.8905 1.5751 0.5552
