Pedestrian -1 -1 1.6234 975.9851 796.9839 997.3307 855.2794 1.7179 0.6218 0.6491 0.7911 7.1069 46.4815 1.6540 0.4997
Pedestrian -1 -1 1.6443 992.5439 790.7183 1019.6962 866.7673 1.7263 0.5967 0.6426 1.0775 5.7401 35.8445 1.6881 0.4962
Pedestrian -1 -1 2.3635 0.0000 749.6798 13.9190 830.3138 1.7663 0.6138 0.5440 -22.0953 4.6404 34.1140 1.7845 0.2200
Pedestrian -1 -1 1.6893 995.5983 794.7199 1015.6020 848.5278 1.5843 0.5491 0.5822 1.3786 6.8974 46.4560 1.7328 0.1812
Cyclist -1 -1 -1.5053 921.9706 775.7172 989.0261 927.5159 1.7495 0.7579 1.8571 -0.0574 3.8713 20.0852 -1.4965 0.4381
Car -1 -1 -1.2200 130.4000 720.1953 720.7247 1151.0775 1.5946 1.8313 4.3908 -2.6897 2.2903 8.7133 -1.5613 0.9673
Car -1 -1 -1.4101 621.6097 766.0210 801.1108 927.9355 1.6180 1.7762 3.9694 -3.2892 3.7301 20.3945 -1.5685 0.9591
Car -1 -1 -1.3376 490.4742 774.0895 769.2708 999.6256 1.4704 1.7472 3.7235 -2.9547 3.0653 14.1098 -1.5533 0.9448
Car -1 -1 2.1595 0.0000 749.1843 130.3177 862.3006 1.4302 1.7234 4.3189 -16.4401 3.7583 25.8433 1.5821 0.9347
Car -1 -1 -1.4643 729.5842 785.9110 835.4207 887.4237 1.5126 1.6900 3.6846 -3.5185 4.9391 29.9794 -1.5733 0.9342
Car -1 -1 -1.5072 802.2794 791.3901 869.8808 861.2830 1.5422 1.6985 3.7795 -3.6347 6.6443 43.9304 -1.5788 0.9314
Car -1 -1 -1.4746 766.8316 790.2860 855.0882 871.3483 1.4745 1.7765 3.9973 -3.6993 5.8312 37.3890 -1.5634 0.8964
Car -1 -1 2.0618 105.4039 762.4445 288.0079 854.1185 1.4666 1.7204 4.2918 -16.5229 4.6614 32.5727 1.5893 0.8665
Car -1 -1 1.9427 262.4604 767.3138 390.9977 844.1857 1.5244 1.7240 4.1514 -16.6801 5.4881 39.5235 1.5453 0.3808
Car -1 -1 1.8876 383.1427 769.0778 485.1057 832.3820 1.5276 1.8395 4.1734 -16.7626 6.3345 47.7570 1.5554 0.2172
Car -1 -1 1.9834 272.2099 766.9222 391.0898 831.5725 1.5317 1.8811 4.2395 -19.6888 6.1949 46.9627 1.5905 0.1225
