Pedestrian -1 -1 1.5598 969.2403 769.4207 1006.3026 872.6908 1.7722 0.6670 0.8775 0.4856 4.4589 27.3555 1.5906 0.7017
Pedestrian -1 -1 1.5906 958.2137 780.5627 982.5436 848.3403 1.6406 0.5974 0.5596 0.2325 5.6084 37.8268 1.6097 0.4770
Cyclist -1 -1 -1.4918 846.4620 752.8074 920.4472 900.7184 1.7579 0.8434 1.9168 -1.0397 3.5885 20.4294 -1.5344 0.5020
Cyclist -1 -1 1.5787 967.7167 769.4489 1005.1103 873.4619 1.7716 0.6632 0.9608 0.4654 4.4613 27.3334 1.6087 0.1534
Car -1 -1 -1.2986 383.3125 758.6173 699.4683 1003.5741 1.5487 1.7633 4.0763 -3.6370 2.9580 13.7216 -1.5727 0.9444
Car -1 -1 -1.4966 736.3082 779.4778 817.5792 861.4312 1.5621 1.7161 3.7161 -4.5736 5.6360 37.5223 -1.6089 0.9444
Car -1 -1 -1.3948 611.0859 767.4730 765.7021 899.1935 1.5411 1.7352 3.6484 -4.1526 3.9341 23.2740 -1.5692 0.9164
Car -1 -1 -0.3577 0.0000 644.9331 345.2477 1216.0000 1.5825 1.8140 4.2333 -2.8445 1.6445 2.4888 -1.5473 0.8658
Car -1 -1 -1.0740 0.0000 737.4590 582.4612 1193.9120 1.4498 1.7338 3.6871 -3.2693 2.1561 7.5256 -1.5527 0.8592
Car -1 -1 2.1208 79.9603 747.7869 266.4383 838.8984 1.5120 1.7073 4.0946 -17.0420 4.3613 32.5747 1.6349 0.7608
Car -1 -1 2.2283 0.0000 747.7527 95.4412 864.8318 1.4944 1.8533 4.2685 -17.2237 3.7982 25.8585 1.6296 0.6526
Car -1 -1 -1.4468 684.1052 779.7091 796.5361 878.0112 1.4898 1.7872 3.7793 -4.4430 4.8498 30.5556 -1.5845 0.6303
Car -1 -1 2.0129 258.4093 752.7396 390.1042 825.1568 1.5051 1.7291 3.9260 -17.0109 5.1069 40.1340 1.6134 0.1858
Car -1 -1 -1.4695 751.9756 781.4967 829.7724 848.4069 1.4810 1.8450 3.5063 -4.8617 6.1747 43.0679 -1.5720 0.1598
