Pedestrian -1 -1 1.6243 958.7358 784.0902 982.6539 849.6708 1.6626 0.5977 0.6079 0.2531 5.9355 39.8146 1.6436 0.5991
Pedestrian -1 -1 1.5789 980.1140 777.4358 1012.8018 871.4031 1.7550 0.6288 0.6898 0.6966 4.7958 29.4533 1.6160 0.5970
Pedestrian -1 -1 1.6035 937.5880 788.3066 959.1384 852.3743 1.6322 0.5496 0.6003 -0.3431 6.0360 39.9913 1.6075 0.2135
Cyclist -1 -1 -1.4628 865.7491 756.4744 939.9025 908.4615 1.7690 0.7749 1.9225 -0.7628 3.6251 20.1070 -1.4916 0.4922
Car -1 -1 -1.3118 448.6996 760.6501 727.5416 976.9310 1.5210 1.7421 4.1544 -3.6089 3.0937 15.2339 -1.5541 0.9597
Car -1 -1 -1.4074 635.6069 770.1884 775.4296 894.0468 1.5500 1.6925 3.7107 -4.1762 4.1521 24.9263 -1.5698 0.9302
Car -1 -1 -1.5207 748.6034 783.5276 823.1454 862.5320 1.5508 1.7019 3.6894 -4.5074 5.8704 38.8323 -1.6269 0.9282
Car -1 -1 -0.6908 0.0000 667.3810 480.0833 1216.0000 1.5581 1.8063 4.1521 -2.7390 1.7200 3.6204 -1.5691 0.9021
Car -1 -1 -1.1779 152.4527 738.3309 648.2374 1091.9030 1.4625 1.6470 3.4911 -3.1173 2.2844 9.0756 -1.5524 0.8883
Car -1 -1 -1.4362 698.5519 779.0485 809.3011 873.9920 1.5132 1.8159 3.8852 -4.3803 5.0239 32.1098 -1.5644 0.5653
Car -1 -1 2.0843 127.1316 756.2979 297.7738 841.4435 1.4640 1.7160 4.0476 -16.9852 4.6457 34.1465 1.6204 0.5460
Car -1 -1 2.1637 0.0000 752.7643 117.0663 864.4528 1.4908 1.7781 4.0323 -17.0799 3.9412 26.6311 1.5836 0.5303
