Pedestrian -1 -1 1.5577 971.1451 770.6019 1006.0264 870.0613 1.8084 0.6649 0.8859 0.5288 4.6733 28.9551 1.5891 0.7085
Pedestrian -1 -1 1.6278 958.3437 784.5417 983.2595 850.8420 1.6595 0.6136 0.6356 0.2536 5.9031 39.4112 1.6473 0.5829
Cyclist -1 -1 -1.4156 858.6319 753.1211 940.6877 903.5016 1.7611 0.8030 1.9283 -0.8088 3.5825 20.2364 -1.4466 0.4794
Cyclist -1 -1 1.5713 970.3347 770.9144 1004.7497 870.8382 1.8126 0.6538 0.9162 0.5139 4.6864 28.9640 1.6022 0.1240
Car -1 -1 -1.3125 443.0831 762.0317 723.0757 982.1121 1.5339 1.7385 4.0687 -3.6080 3.0984 15.0160 -1.5586 0.9557
Car -1 -1 -1.5181 746.6085 781.8530 821.0499 859.7721 1.5194 1.6813 3.6928 -4.5406 5.7758 38.6643 -1.6257 0.9358
Car -1 -1 -1.3997 629.5172 768.1010 774.0012 893.4933 1.5470 1.7077 3.7302 -4.1778 4.0811 24.5924 -1.5647 0.9341
Car -1 -1 -1.1739 112.4121 743.3084 633.4862 1118.0887 1.4708 1.6521 3.4945 -3.1294 2.3004 8.7266 -1.5659 0.9213
Car -1 -1 -0.6333 0.0000 669.4689 459.7771 1216.0000 1.5343 1.8032 4.2008 -2.7502 1.6980 3.3884 -1.5663 0.9002
Car -1 -1 -1.4515 697.3381 776.5142 806.4980 871.2993 1.4972 1.8175 3.9467 -4.4001 4.9373 31.9478 -1.5810 0.8311
Car -1 -1 2.0737 112.4089 760.3630 282.5381 845.5813 1.4507 1.7126 4.0278 -17.2427 4.7136 33.9813 1.6018 0.3600
Car -1 -1 2.1939 0.0000 743.0156 75.8262 857.3507 1.4595 1.8092 4.1642 -17.2708 3.6406 25.5177 1.5870 0.2867
Car -1 -1 -1.4600 760.5695 781.1755 835.8138 844.6800 1.4258 1.7920 3.6227 -4.7935 6.2532 44.3717 -1.5575 0.1592
Car -1 -1 2.0865 198.8988 764.3101 340.1680 834.9954 1.4904 1.8175 4.0632 -19.3018 5.5950 41.9272 1.6570 0.1269
