Pedestrian -1 -1 1.5806 977.1345 777.1914 1009.2484 869.3600 1.7843 0.6411 0.7870 0.6594 4.9528 30.7053 1.6154 0.5304
Pedestrian -1 -1 1.6135 957.1542 786.6316 980.1708 849.0062 1.6392 0.6026 0.6056 0.2062 6.1386 41.2832 1.6315 0.5245
Cyclist -1 -1 -1.4849 874.8875 759.8582 946.7595 908.2998 1.7401 0.7948 1.8882 -0.6613 3.6555 20.2566 -1.5080 0.5007
Car -1 -1 -1.3325 483.4013 765.2324 741.0586 964.9307 1.4828 1.7567 4.2731 -3.6144 3.2111 16.2701 -1.5580 0.9624
Car -1 -1 -0.8511 0.0000 675.2195 554.0355 1216.0000 1.5930 1.8057 4.2735 -2.7920 1.8221 4.6549 -1.5496 0.9462
Car -1 -1 -1.2186 244.7819 749.4885 676.3521 1062.6479 1.4480 1.6906 3.4519 -3.1150 2.4296 10.0408 -1.5529 0.9366
Car -1 -1 -1.5021 756.9468 780.5275 832.1505 856.7642 1.5532 1.7112 3.7106 -4.4155 5.9148 40.0298 -1.6023 0.9335
Car -1 -1 -1.4085 652.3635 765.7940 786.0621 886.4586 1.5878 1.6824 3.7008 -4.1060 4.2008 25.8762 -1.5614 0.9302
Car -1 -1 -1.4635 715.6656 777.0244 819.0602 868.7766 1.5110 1.8260 3.9313 -4.2309 5.0849 33.1564 -1.5825 0.7828
Car -1 -1 2.0726 199.9148 761.3361 344.5388 833.5422 1.4382 1.7344 4.0996 -18.2693 5.2670 39.8587 1.6439 0.2082
