Pedestrian -1 -1 1.6275 959.1532 784.7548 980.9782 844.4739 1.6319 0.5858 0.6005 0.2543 6.2531 42.9093 1.6465 0.5753
Pedestrian -1 -1 1.5983 976.6013 778.5695 1006.0491 864.0982 1.7535 0.6087 0.6902 0.6528 5.1126 32.3267 1.6318 0.5752
Cyclist -1 -1 -1.4774 887.0538 755.8055 960.3051 904.8625 1.7562 0.8010 1.9043 -0.4884 3.6212 20.3240 -1.4914 0.4590
Car -1 -1 -1.3592 529.8265 763.4324 758.2439 949.0526 1.5151 1.7418 4.3382 -3.5748 3.3499 17.6302 -1.5630 0.9549
Car -1 -1 -1.0265 0.0000 688.5134 613.6608 1216.0000 1.6295 1.7973 4.2680 -2.7869 1.9735 5.9479 -1.5658 0.9464
Car -1 -1 -1.4143 668.7477 766.0904 797.0369 881.5753 1.5799 1.6924 3.8297 -4.0559 4.3197 27.0936 -1.5576 0.9449
Car -1 -1 -1.5011 767.2208 778.1355 840.0243 851.5151 1.5406 1.7002 3.7983 -4.3104 5.9724 41.3315 -1.5951 0.9327
Car -1 -1 -1.2578 351.6560 751.1495 708.2318 1023.4305 1.4601 1.6426 3.4638 -3.0833 2.5702 11.3970 -1.5451 0.9192
Car -1 -1 -1.4510 729.0061 775.4621 830.1827 862.4867 1.4977 1.8254 3.9447 -4.1335 5.1778 34.5711 -1.5615 0.7317
Car -1 -1 2.2192 0.0000 742.8951 37.6304 882.9223 1.5219 1.7702 4.3390 -15.8885 3.4375 22.1002 1.5793 0.1143
