Pedestrian -1 -1 1.6323 957.3038 786.3138 980.7175 849.3712 1.6340 0.5946 0.6017 0.2129 6.0656 40.7330 1.6505 0.5505
Pedestrian -1 -1 1.6016 973.5020 779.8844 1006.0531 870.1954 1.7189 0.6247 0.6903 0.5769 4.8740 30.0783 1.6340 0.4915
Cyclist -1 -1 -1.4868 870.1848 756.0269 941.5807 906.8118 1.7656 0.7870 1.8998 -0.7250 3.6194 20.1707 -1.5136 0.5106
Car -1 -1 -1.3258 469.0978 763.9934 734.8074 971.0700 1.5042 1.7544 4.1855 -3.6094 3.1687 15.7919 -1.5586 0.9584
Car -1 -1 -1.4067 642.4470 769.0477 779.8480 890.9442 1.5614 1.6935 3.7806 -4.1838 4.2052 25.5326 -1.5651 0.9348
Car -1 -1 -0.7781 0.0000 660.0982 517.7329 1216.0000 1.6101 1.8113 4.2404 -2.7889 1.7581 4.1559 -1.5590 0.9347
Car -1 -1 -1.5134 753.6496 781.7949 827.9069 858.6552 1.5422 1.7020 3.6341 -4.4493 5.8736 39.4298 -1.6162 0.9306
Car -1 -1 -1.2111 222.7638 743.9760 668.7248 1072.4701 1.4752 1.6708 3.3977 -3.0810 2.3812 9.6669 -1.5563 0.9145
Car -1 -1 -1.4410 704.6119 779.0812 811.7316 871.2296 1.5090 1.8153 3.8299 -4.3904 5.0918 32.8311 -1.5663 0.5033
Car -1 -1 2.0778 183.8115 766.8615 329.7132 840.1193 1.4446 1.7606 3.9945 -18.5152 5.3895 39.5023 1.6405 0.2939
Car -1 -1 2.1674 0.0000 749.3957 203.7453 840.3569 1.4320 1.7822 4.0777 -17.9304 4.2193 31.3831 1.6430 0.1835
Car -1 -1 2.0007 284.0142 768.6985 406.6797 834.9179 1.4557 1.7657 4.1455 -18.0993 5.9037 44.1475 1.6151 0.1468
Car -1 -1 2.2485 0.0000 735.3493 103.6207 842.0342 1.4742 1.8088 4.1487 -17.8513 3.6455 27.2526 1.6583 0.1417
