Pedestrian -1 -1 1.6016 968.1612 768.8603 1005.5729 869.3583 1.7864 0.6715 0.9494 0.4933 4.5769 28.4931 1.6320 0.6562
Pedestrian -1 -1 1.5959 953.7157 782.0419 977.3707 847.6217 1.6256 0.5924 0.5812 0.1131 5.7369 38.8222 1.6117 0.5627
Cyclist -1 -1 -1.4487 861.1635 751.9137 937.4791 900.1675 1.7482 0.7924 1.8896 -0.8172 3.5540 20.2846 -1.4801 0.5163
Cyclist -1 -1 1.6099 967.4120 768.4240 1004.8464 869.7938 1.7973 0.6624 0.9621 0.4784 4.5751 28.4408 1.6398 0.1440
Car -1 -1 -1.3081 419.9074 753.1462 713.3743 983.0753 1.5739 1.7626 4.0622 -3.6390 2.9957 14.5435 -1.5654 0.9483
Car -1 -1 -1.4992 740.0887 779.1222 820.6552 858.1484 1.5208 1.7412 3.8187 -4.5805 5.6707 38.2986 -1.6091 0.9403
Car -1 -1 -1.3878 619.0750 767.8453 769.9316 894.7840 1.5446 1.7448 3.6157 -4.2107 4.0234 24.1127 -1.5578 0.9307
Car -1 -1 -1.1671 78.0436 742.3235 626.1462 1137.7910 1.4870 1.6628 3.4976 -3.1061 2.2850 8.4125 -1.5723 0.9166
Car -1 -1 -0.5342 0.0000 652.2083 420.7426 1216.0000 1.6048 1.8562 4.2299 -2.7838 1.6983 3.0055 -1.5680 0.8974
Car -1 -1 2.0970 108.4014 754.8609 286.3273 842.3527 1.4768 1.7426 4.0633 -16.9864 4.5671 33.4842 1.6248 0.7917
Car -1 -1 -1.4320 689.4615 776.7590 801.2001 871.8381 1.4989 1.7931 3.7990 -4.4865 4.8972 31.5607 -1.5661 0.5974
Car -1 -1 2.2140 0.0000 746.4081 121.4559 860.9052 1.4987 1.8621 4.1849 -16.9487 3.8075 26.2702 1.6305 0.5640
Car -1 -1 2.0318 268.2538 760.2313 400.2543 830.8346 1.4559 1.7335 3.9057 -16.9134 5.3061 40.5381 1.6384 0.3195
