Pedestrian -1 -1 1.6112 954.4691 783.3777 979.3008 852.4249 1.6762 0.6010 0.6173 0.1455 5.7507 38.1227 1.6279 0.5060
Pedestrian -1 -1 1.6244 966.4109 765.9968 1006.7504 871.0411 1.7983 0.6746 1.1651 0.4787 4.4831 27.8458 1.6546 0.4123
Cyclist -1 -1 -1.4716 846.8039 752.8701 923.7754 902.3853 1.7634 0.8411 1.9014 -1.0065 3.5820 20.2776 -1.5129 0.4814
Cyclist -1 -1 1.6603 962.7612 768.6428 1005.9155 871.8864 1.7436 0.6747 1.2791 0.4375 4.4816 27.8099 1.6891 0.3070
Car -1 -1 -1.2866 385.0143 750.8986 702.2163 993.7186 1.5872 1.7737 4.1315 -3.6937 2.9422 14.0060 -1.5588 0.9505
Car -1 -1 -1.5095 736.8099 779.3152 816.8291 859.8725 1.5249 1.7358 3.8262 -4.6048 5.6255 37.7576 -1.6219 0.9382
Car -1 -1 -1.3883 609.4205 764.7119 765.0726 894.8275 1.5426 1.7512 3.6834 -4.2198 3.9172 23.5501 -1.5633 0.9181
Car -1 -1 -0.4356 0.0000 661.2719 393.2185 1216.0000 1.5732 1.8510 4.3501 -2.8023 1.6920 2.6987 -1.5567 0.8839
Car -1 -1 2.1437 89.9316 756.2813 276.6133 845.4897 1.4747 1.7301 4.0658 -17.0590 4.5609 33.0240 1.6637 0.7920
Car -1 -1 -1.4458 686.3135 778.6536 796.9501 875.3668 1.4838 1.7718 3.7961 -4.4707 4.8591 30.9200 -1.5826 0.7404
Car -1 -1 -1.0696 0.0000 727.9022 604.1157 1150.8992 1.4425 1.6699 3.6413 -3.2262 2.1123 7.8648 -1.5216 0.4408
Car -1 -1 2.1726 0.0000 756.9539 92.1157 875.5028 1.5100 1.8849 4.1878 -17.1726 3.9754 25.8205 1.5750 0.4355
Car -1 -1 2.0197 267.8887 755.0770 400.2095 826.7438 1.4911 1.7404 3.9914 -16.9295 5.2004 40.5696 1.6262 0.1536
