Pedestrian -1 -1 1.5351 976.2040 779.0978 1016.2211 892.6589 1.7903 0.6535 0.8312 0.5814 4.4235 25.1212 1.5716 0.7053
Pedestrian -1 -1 1.6011 955.3192 795.9903 980.5952 867.5624 1.6165 0.5760 0.5917 0.1614 5.7209 35.5649 1.6186 0.5225
Pedestrian -1 -1 1.5971 1000.8126 794.8941 1026.4709 863.9790 1.5523 0.5855 0.6398 1.2499 5.6403 35.6211 1.6462 0.1553
Cyclist -1 -1 -1.4956 843.2166 769.7530 914.4537 920.4401 1.7481 0.8017 1.8791 -1.0875 3.7899 20.1279 -1.5414 0.4950
Car -1 -1 -1.2369 286.6788 761.9351 676.4579 1042.0251 1.4881 1.7473 4.1172 -3.6006 2.7829 12.0536 -1.5499 0.9526
Car -1 -1 -1.3863 595.1768 778.9308 759.1049 923.0077 1.5356 1.6756 3.6056 -4.0057 3.9466 21.6027 -1.5686 0.9493
Car -1 -1 -0.9622 0.0000 739.0300 520.4411 1216.0000 1.4452 1.7145 3.5546 -3.1208 2.0282 5.8531 -1.5614 0.9477
Car -1 -1 -1.4851 727.2907 790.5266 816.3013 875.1401 1.4912 1.7578 3.7824 -4.4759 5.6660 35.7771 -1.6008 0.9322
Car -1 -1 -1.4365 671.9494 786.5375 795.3191 892.9461 1.5020 1.8268 3.8428 -4.3190 4.8337 28.8961 -1.5786 0.8441
Car -1 -1 2.0919 125.5114 763.3983 281.8526 840.2479 1.4638 1.7221 4.1536 -19.2704 5.2025 38.2484 1.6251 0.6067
Car -1 -1 -1.4970 771.4465 784.2900 837.9403 849.5917 1.6660 1.8748 3.9601 -5.1802 7.1974 49.8997 -1.5895 0.4037
