Pedestrian -1 -1 1.5678 989.6026 783.2354 1030.5858 901.7557 1.7779 0.6460 0.8212 0.7876 4.3631 23.9919 1.6146 0.6692
Pedestrian -1 -1 1.6561 962.3555 795.7296 990.0757 872.8917 1.6747 0.5768 0.6353 0.3458 5.6374 34.3417 1.6794 0.5363
Pedestrian -1 -1 1.5825 1022.8284 798.4994 1061.8154 900.0638 1.6362 0.6537 0.7656 1.4081 4.6897 25.8953 1.6519 0.3367
Cyclist -1 -1 -1.4909 841.7413 770.3295 917.0751 924.4240 1.7828 0.8436 1.9259 -1.0777 3.8348 20.1234 -1.5361 0.4186
Car -1 -1 -1.2167 224.7595 763.8543 661.4893 1068.8265 1.4614 1.7568 4.1974 -3.5783 2.6990 11.2055 -1.5536 0.9540
Car -1 -1 -1.3788 581.8605 780.5587 755.7261 930.2161 1.5270 1.7046 3.5299 -3.9470 3.8661 20.7047 -1.5670 0.9503
Car -1 -1 -0.8391 0.0000 723.4108 466.3667 1216.0000 1.4715 1.7409 3.5078 -3.1068 1.9120 4.9156 -1.5506 0.9451
Car -1 -1 -1.4865 726.2390 793.5989 817.1152 880.9262 1.4997 1.7596 3.7507 -4.3712 5.6552 34.9343 -1.6023 0.9450
Car -1 -1 -1.5054 776.3516 787.5075 843.4266 856.4542 1.7186 1.8813 4.1120 -4.9293 7.2895 49.1551 -1.5943 0.9050
Car -1 -1 -1.4311 664.8517 790.7611 789.3508 899.3467 1.4921 1.7821 3.7023 -4.3199 4.8127 28.0813 -1.5778 0.8558
Car -1 -1 2.0902 163.1045 765.6827 319.5319 843.7288 1.4509 1.7182 4.1087 -17.9641 5.1828 37.5302 1.6438 0.6339
Car -1 -1 1.9366 309.0881 792.1844 420.6906 860.4448 1.5160 1.7719 4.1107 -18.0200 6.8229 45.3793 1.5636 0.2929
Car -1 -1 2.2132 0.0000 741.5656 107.5506 839.0435 1.5078 1.7938 4.3565 -19.7689 4.0771 30.7026 1.6342 0.1593
Car -1 -1 2.1003 118.5809 755.1094 282.6175 834.9267 1.5628 1.8151 4.4175 -19.6766 5.1481 38.9156 1.6321 0.1216
