Pedestrian -1 -1 1.5252 993.6712 774.8710 1035.2710 893.4120 1.7623 0.6308 0.7123 0.8308 4.1544 23.4947 1.5746 0.7331
Pedestrian -1 -1 1.5755 967.8921 790.0193 992.7801 864.3062 1.5918 0.5509 0.6138 0.4328 5.3543 33.7605 1.6014 0.5043
Pedestrian -1 -1 1.5403 1014.2668 790.8416 1050.6843 892.6116 1.6160 0.6057 0.7555 1.2045 4.4772 25.3968 1.6024 0.3861
Cyclist -1 -1 -1.4527 841.2994 763.7413 921.5051 916.9083 1.7822 0.8436 1.9151 -1.0527 3.7468 20.1745 -1.4965 0.4207
Car -1 -1 -1.3768 577.7922 780.0323 754.0444 930.5570 1.5138 1.7028 3.4747 -3.9204 3.8073 20.3678 -1.5671 0.9569
Car -1 -1 -0.7733 0.0000 716.1635 440.8222 1216.0000 1.4877 1.7480 3.5507 -3.1018 1.8729 4.5147 -1.5441 0.9464
Car -1 -1 -1.4932 724.4861 791.4396 815.6910 880.6525 1.5166 1.7635 3.7757 -4.3540 5.5744 34.5160 -1.6101 0.9411
Car -1 -1 -1.2170 210.8736 762.4847 655.7831 1072.9473 1.4478 1.7505 4.0916 -3.5266 2.6348 10.8480 -1.5614 0.9392
Car -1 -1 -1.5084 774.9216 788.5679 842.2380 857.4843 1.6823 1.8759 4.2124 -4.9306 7.2521 48.7598 -1.5982 0.9257
Car -1 -1 -1.4305 659.7235 790.0289 788.3947 901.5516 1.4951 1.8027 3.8365 -4.3073 4.7638 27.6768 -1.5792 0.8896
Car -1 -1 2.0472 160.1704 771.3752 314.0024 849.8322 1.4378 1.7295 4.1894 -18.0201 5.3116 37.4319 1.5987 0.7590
Car -1 -1 1.9906 285.0992 787.4922 404.2400 856.7808 1.5010 1.7343 4.0286 -18.0741 6.5100 44.0273 1.6053 0.5358
Car -1 -1 2.2382 0.0000 766.4174 45.2361 900.4960 1.4504 1.7640 4.4350 -16.4885 3.8555 23.1676 1.6056 0.5145
Car -1 -1 2.2014 0.0000 756.1346 212.4638 851.1978 1.4992 1.7628 4.2971 -18.1461 4.5017 31.9807 1.6808 0.1497
Car -1 -1 1.9240 382.8521 780.2328 490.9341 846.7786 1.5753 1.8415 4.3858 -16.7355 6.7861 47.9513 1.5941 0.1150
