Pedestrian -1 -1 1.5364 998.6744 775.1887 1042.3123 898.7459 1.7645 0.6468 0.7878 0.8943 4.0890 22.7298 1.5900 0.6993
Pedestrian -1 -1 1.6213 968.3041 791.4464 994.4689 870.4482 1.6471 0.5359 0.6856 0.4476 5.3703 33.0688 1.6480 0.4308
Pedestrian -1 -1 1.5526 1028.8597 790.6354 1068.0172 893.7793 1.5812 0.6357 0.8215 1.4398 4.3692 24.7281 1.6260 0.1674
Cyclist -1 -1 -1.4432 846.6280 763.7573 927.4678 917.8828 1.7762 0.8274 1.8911 -0.9670 3.7219 19.9755 -1.4831 0.4043
Car -1 -1 -1.3799 568.5096 778.1700 751.5436 931.4001 1.4880 1.7269 3.5417 -3.8891 3.7038 19.8452 -1.5744 0.9533
Car -1 -1 -1.2025 169.4507 760.5770 649.4514 1089.6512 1.4329 1.7527 4.0938 -3.4588 2.5502 10.2603 -1.5621 0.9454
Car -1 -1 -1.4760 722.3059 785.9652 817.3931 875.8145 1.5107 1.7534 3.8232 -4.2904 5.3803 33.9975 -1.5932 0.9448
Car -1 -1 -0.6894 0.0000 695.6147 405.7281 1216.0000 1.5086 1.7487 3.5870 -3.0544 1.7826 3.9799 -1.5465 0.9317
Car -1 -1 -1.4972 775.4247 786.7101 846.3260 855.1658 1.6446 1.9158 4.2346 -4.7903 7.0835 48.1346 -1.5855 0.9220
Car -1 -1 -1.4165 659.6531 786.4324 791.2930 898.6680 1.5048 1.7937 3.7360 -4.2254 4.6580 27.3180 -1.5644 0.8925
Car -1 -1 2.0053 150.2144 780.9001 301.3756 862.2592 1.4511 1.7340 4.1935 -18.0370 5.5202 36.8925 1.5509 0.8273
Car -1 -1 1.9826 278.0127 791.4259 399.1887 861.3421 1.4742 1.7380 4.0976 -18.0104 6.5432 43.4528 1.5938 0.6509
Car -1 -1 2.1404 0.0000 780.3016 153.2538 880.3345 1.3804 1.7325 4.1442 -17.7908 4.6319 29.2037 1.5871 0.3623
Car -1 -1 2.2283 0.0000 763.3422 17.2336 902.3824 1.4725 1.7718 4.2523 -16.2729 3.7276 22.2243 1.5807 0.2473
Car -1 -1 1.9397 376.9907 773.0588 486.3177 837.4604 1.5187 1.8200 4.3044 -16.7422 6.4403 47.4933 1.6062 0.1241
