Pedestrian -1 -1 1.5713 980.7244 776.5580 1019.1006 885.8554 1.7720 0.6487 0.7417 0.6684 4.4165 25.6931 1.6108 0.6211
Pedestrian -1 -1 1.6007 960.3342 788.5516 986.4969 861.6260 1.6724 0.6037 0.6035 0.2945 5.6424 35.9611 1.6219 0.5496
Pedestrian -1 -1 1.6218 1001.1371 786.7293 1027.9733 857.9951 1.6246 0.6061 0.6155 1.2836 5.5521 35.9566 1.6714 0.1733
Cyclist -1 -1 -1.4805 844.5348 768.7383 918.6140 920.5056 1.7588 0.8102 1.9150 -1.0509 3.7912 20.1549 -1.5243 0.4943
Car -1 -1 -1.2508 308.0665 759.3248 682.5716 1029.6658 1.4963 1.7677 4.1286 -3.6138 2.7997 12.4221 -1.5548 0.9544
Car -1 -1 -1.4880 729.7153 785.2520 816.6255 869.3722 1.5215 1.7467 3.7517 -4.4988 5.6078 36.2062 -1.6029 0.9455
Car -1 -1 -1.0147 0.0000 737.6640 532.1912 1216.0000 1.4521 1.7150 3.5332 -3.1592 2.0597 6.2868 -1.5767 0.9429
Car -1 -1 -1.3807 594.9287 771.8380 759.7631 914.4290 1.5551 1.6955 3.6651 -4.0649 3.8916 21.9401 -1.5627 0.9370
Car -1 -1 -1.4297 676.1711 782.4873 796.1954 885.9979 1.5077 1.7908 3.7779 -4.3533 4.8078 29.4261 -1.5701 0.8658
Car -1 -1 -1.5326 778.5616 784.7796 837.3276 847.5421 1.6111 1.7792 3.8378 -5.1239 7.2041 50.3513 -1.6231 0.2268
Car -1 -1 2.0990 175.9550 769.4020 334.1129 846.1688 1.4535 1.7888 4.2967 -18.2593 5.4265 38.8949 1.6610 0.1850
Car -1 -1 -0.0014 0.0000 0.0000 1936.0000 1216.0000 1.5302 1.7611 3.8831 -2.7074 1.5294 1.4528 -1.5335 0.1786
