Pedestrian -1 -1 1.5324 979.4457 776.7783 1016.4673 883.2892 1.7630 0.6282 0.6793 0.6351 4.4444 26.0622 1.5702 0.6579
Pedestrian -1 -1 1.6145 956.1451 787.9069 980.8302 855.8573 1.5627 0.5647 0.6276 0.1776 5.5566 36.3097 1.6323 0.4457
Pedestrian -1 -1 1.6539 994.9404 787.6195 1021.0555 853.1984 1.5054 0.5794 0.5842 1.1357 5.4884 36.2781 1.6989 0.2376
Cyclist -1 -1 -1.4919 843.7227 761.5139 918.3442 914.7699 1.7612 0.8255 1.9163 -1.0437 3.6671 19.8905 -1.5362 0.4817
Car -1 -1 -1.2611 324.4371 758.1216 682.3413 1021.6275 1.5160 1.7638 4.0313 -3.6409 2.8256 12.6754 -1.5606 0.9524
Car -1 -1 -1.0358 0.0000 738.4101 542.8334 1216.0000 1.4601 1.7054 3.4926 -3.1457 2.0855 6.4866 -1.5778 0.9466
Car -1 -1 -1.4887 729.9268 783.4852 816.0128 866.9911 1.5278 1.7459 3.7576 -4.5422 5.6017 36.5093 -1.6036 0.9433
Car -1 -1 -1.3837 594.8262 773.2130 759.9800 912.5134 1.5346 1.7396 3.7202 -4.1325 3.9322 22.3103 -1.5654 0.9333
Car -1 -1 -1.4349 676.9706 781.9426 793.1738 883.1078 1.5031 1.7765 3.6385 -4.4225 4.8143 29.7066 -1.5763 0.7569
Car -1 -1 2.0108 254.2320 758.7405 388.3959 831.8009 1.4799 1.7122 4.0729 -17.0016 5.2397 39.9396 1.6099 0.6487
Car -1 -1 -1.5080 777.7888 786.1016 839.6093 848.0128 1.6168 1.8123 3.6645 -5.1217 7.2690 50.5773 -1.5980 0.6429
Car -1 -1 -0.0760 0.0000 0.0000 1936.0000 1216.0000 1.5442 1.7761 4.0306 -2.7918 1.5457 1.6352 -1.5444 0.4592
Car -1 -1 2.1121 65.2525 743.0872 256.4226 835.4749 1.5125 1.7384 4.0957 -16.9522 4.1995 31.9113 1.6193 0.3457
Car -1 -1 2.1726 0.0000 761.4692 81.2821 876.3543 1.4399 1.7882 4.1307 -17.2447 3.9774 25.7202 1.5711 0.3303
