Pedestrian -1 -1 1.5289 971.6563 776.1021 1008.5081 880.1243 1.7637 0.6403 0.7763 0.5132 4.5215 26.8845 1.5612 0.6874
Pedestrian -1 -1 1.5447 954.2819 787.1003 978.1436 855.7805 1.6264 0.5851 0.6101 0.1204 5.6922 37.1768 1.5608 0.5833
Pedestrian -1 -1 1.5933 994.6815 788.9049 1020.0728 855.4156 1.5581 0.6055 0.6151 1.1423 5.6488 36.9733 1.6379 0.2703
Cyclist -1 -1 -1.4884 844.0904 757.2173 918.8301 907.5980 1.7612 0.8365 1.9047 -1.0539 3.6328 20.1847 -1.5325 0.4918
Car -1 -1 -1.2766 361.8255 754.3784 694.2314 1009.6928 1.5804 1.7645 3.9575 -3.6230 2.9007 13.2614 -1.5601 0.9508
Car -1 -1 -1.0786 0.0000 737.2430 567.9495 1216.0000 1.4908 1.6854 3.5242 -3.1773 2.1588 7.1280 -1.5731 0.9353
Car -1 -1 -1.4963 731.2366 784.6097 816.0873 867.6841 1.5362 1.7690 3.8124 -4.5934 5.7006 37.0531 -1.6107 0.9342
Car -1 -1 -1.3865 602.9937 770.8856 763.8222 905.7300 1.5423 1.7632 3.6318 -4.1522 3.9528 22.8708 -1.5642 0.9108
Car -1 -1 2.2230 0.0000 753.6161 77.4754 866.2734 1.4576 1.8043 3.9797 -17.5250 3.8723 26.0221 1.6194 0.7504
Car -1 -1 2.1437 61.2814 746.9281 253.3860 838.6653 1.5063 1.7251 4.0512 -17.1821 4.3038 32.1949 1.6492 0.7367
Car -1 -1 -0.1775 0.0000 0.0000 1936.0000 1216.0000 1.5799 1.7963 4.2174 -2.8389 1.5943 1.8916 -1.5586 0.6981
Car -1 -1 1.9908 300.8503 764.0751 426.4870 833.9176 1.4723 1.7064 4.2209 -16.7869 5.6019 42.2259 1.6154 0.6318
Car -1 -1 -1.4418 677.8651 782.8702 793.7499 884.3466 1.5087 1.8002 3.7876 -4.4593 4.8860 30.0672 -1.5825 0.5846
Car -1 -1 -1.5888 788.0220 790.1754 843.0203 853.1115 1.5995 1.8003 4.0540 -5.0026 7.4911 51.1980 -1.6750 0.1082
Car -1 -1 2.0974 204.8887 752.8273 355.1760 830.8329 1.5336 1.7389 3.9432 -17.2952 4.9745 38.1732 1.6723 0.1008
