Pedestrian -1 -1 1.5514 985.9238 776.5645 1026.2153 895.7127 1.8324 0.6481 0.8151 0.7306 4.3564 24.4713 1.5950 0.5426
Pedestrian -1 -1 1.6100 961.6144 791.2536 989.3069 868.5544 1.6982 0.6088 0.6550 0.3319 5.5953 34.6871 1.6327 0.5412
Pedestrian -1 -1 1.5652 1023.2248 797.8443 1061.0933 896.1932 1.6183 0.6560 0.7073 1.4254 4.7025 26.2953 1.6343 0.4133
Pedestrian -1 -1 1.6817 1044.5212 787.3748 1084.1171 897.5102 1.5764 0.5286 0.6144 1.5743 4.0917 22.7986 1.7666 0.1309
Cyclist -1 -1 -1.5022 842.7642 771.3414 914.9688 923.2767 1.7677 0.8286 1.9080 -1.0913 3.8419 20.2188 -1.5479 0.4467
Car -1 -1 -0.8897 0.0000 733.6612 484.6309 1216.0000 1.4516 1.7169 3.5103 -3.1217 1.9639 5.2751 -1.5555 0.9531
Car -1 -1 -1.2174 244.1901 764.6132 668.2354 1061.6566 1.4671 1.7593 4.1558 -3.5787 2.7338 11.4594 -1.5462 0.9523
Car -1 -1 -1.3813 585.0425 780.0369 754.3676 927.3163 1.5283 1.6831 3.5556 -4.0028 3.8962 21.0464 -1.5687 0.9516
Car -1 -1 -1.4895 727.3992 790.9844 815.5256 876.0562 1.4914 1.7368 3.6254 -4.4199 5.6109 35.2506 -1.6056 0.9434
Car -1 -1 -1.4288 666.4309 789.8785 789.9771 897.1275 1.5014 1.7902 3.6760 -4.3566 4.8423 28.4422 -1.5747 0.8538
Car -1 -1 -1.5116 776.4863 787.7057 842.0555 854.3179 1.6719 1.8768 3.9652 -4.9739 7.2655 49.3697 -1.6010 0.8290
Car -1 -1 2.0701 140.4464 753.5698 295.0039 829.7658 1.5157 1.8015 4.2662 -19.3998 5.0781 39.2359 1.6110 0.2251
Car -1 -1 2.1083 49.4900 778.6909 242.0930 870.9102 1.3830 1.6857 4.1364 -17.0601 4.8410 31.5259 1.6087 0.1735
Car -1 -1 1.9175 323.4265 785.9180 433.1147 852.1219 1.4817 1.8086 4.1049 -17.7024 6.6148 45.6034 1.5521 0.1108
Car -1 -1 2.0657 195.1508 764.8005 340.2235 839.7392 1.4276 1.6361 4.0497 -17.6676 5.2045 38.2997 1.6341 0.1020
