Pedestrian -1 -1 1.5248 1017.6157 771.1385 1060.9758 899.2161 1.7804 0.6137 0.6653 1.1378 3.9553 21.9014 1.5917 0.6840
Pedestrian -1 -1 1.5925 983.2776 782.1992 1010.1763 862.9507 1.6547 0.5577 0.5540 0.7628 5.0596 32.0777 1.6297 0.4615
Pedestrian -1 -1 1.4950 1051.1608 784.2464 1093.5426 894.6209 1.6580 0.6326 0.7783 1.7767 4.2567 23.9947 1.5850 0.1923
Pedestrian -1 -1 1.6190 1008.5038 780.5084 1035.0063 859.5835 1.6048 0.5305 0.5485 1.2895 4.9482 31.8308 1.6735 0.1050
Cyclist -1 -1 -1.4586 862.8279 758.2880 939.8427 908.9326 1.7633 0.8144 1.9025 -0.7870 3.6548 20.2241 -1.4884 0.4647
Car -1 -1 -1.1770 115.6468 752.6174 651.1957 1112.6691 1.4610 1.7731 4.2288 -3.3777 2.4726 9.7127 -1.5505 0.9510
Car -1 -1 -1.4958 732.6768 778.9301 825.4144 870.9938 1.5513 1.7435 3.6365 -3.9924 5.1649 33.2344 -1.6071 0.9439
Car -1 -1 -0.5315 0.0000 683.4841 318.6505 1216.0000 1.5297 1.7507 3.7338 -3.0493 1.7271 3.1655 -1.5631 0.9329
Car -1 -1 -1.3644 555.7958 774.1699 754.7146 933.9836 1.4900 1.7781 3.6425 -3.8060 3.5880 19.1890 -1.5619 0.8981
Car -1 -1 -1.4088 669.6965 779.1419 805.3769 891.4951 1.4564 1.7651 3.7903 -3.8879 4.3929 26.5559 -1.5488 0.8298
Car -1 -1 2.1504 0.0000 773.7963 122.9478 877.7639 1.4155 1.7417 4.0581 -17.8460 4.4290 28.2294 1.5792 0.7789
Car -1 -1 -1.5065 787.6592 778.1759 859.5148 847.2062 1.6633 1.9594 4.1775 -4.3208 6.7454 47.4795 -1.5864 0.7460
Car -1 -1 2.0227 157.6060 780.4818 311.6961 862.5591 1.4435 1.6967 4.2130 -17.5790 5.4502 36.4028 1.5729 0.6495
Car -1 -1 1.9565 283.2087 780.6895 400.9431 851.9302 1.5352 1.7346 3.9922 -17.7092 6.2188 42.9608 1.5692 0.4969
Car -1 -1 1.9576 369.0492 770.3570 482.1822 835.7165 1.5327 1.8352 4.3278 -16.7903 6.3286 47.0992 1.6204 0.1583
Car -1 -1 2.1779 59.7459 755.2191 245.4784 838.8934 1.5799 1.8850 4.5498 -20.4013 5.0955 37.9758 1.6841 0.1518
Car -1 -1 2.0059 219.6577 773.5604 344.0408 840.7580 1.5395 1.8572 4.1641 -20.6418 6.2832 45.6239 1.5847 0.1253
