Pedestrian -1 -1 1.4889 1002.0840 774.8466 1047.1315 897.3738 1.7234 0.6233 0.7623 0.9420 4.0060 22.3757 1.5454 0.6224
Pedestrian -1 -1 1.5939 977.9154 785.1703 1005.4008 865.3197 1.6662 0.5787 0.5958 0.6662 5.2000 32.6585 1.6277 0.4930
Pedestrian -1 -1 1.4116 1028.0861 780.8606 1072.7327 882.6953 1.5508 0.6232 0.7810 1.4526 4.1452 24.4614 1.4862 0.1304
Cyclist -1 -1 -1.4552 857.4804 756.3869 936.6894 907.7034 1.7805 0.8424 1.8930 -0.8462 3.6492 20.2750 -1.4881 0.4778
Car -1 -1 -1.1983 142.3541 758.7538 647.5502 1106.1344 1.4535 1.7649 4.1871 -3.4236 2.5339 9.9723 -1.5656 0.9515
Car -1 -1 -1.3731 557.7551 779.3077 748.9344 934.6564 1.4582 1.7449 3.6126 -3.8868 3.6518 19.4377 -1.5720 0.9435
Car -1 -1 -1.4835 725.3000 781.7872 819.5134 873.0706 1.5274 1.7357 3.7799 -4.1725 5.2443 33.5155 -1.5991 0.9381
Car -1 -1 -0.6117 0.0000 684.8985 370.4861 1216.0000 1.5173 1.7579 3.6182 -3.0497 1.7350 3.5951 -1.5460 0.9367
Car -1 -1 -1.4146 666.8444 783.3499 796.1639 896.1162 1.5118 1.7370 3.6465 -4.0754 4.5707 27.0355 -1.5587 0.9316
Car -1 -1 -1.5090 779.7354 782.7401 849.1277 853.0064 1.6891 1.8993 4.2981 -4.6504 6.9713 47.8745 -1.5949 0.9250
Car -1 -1 1.9754 284.8545 784.7597 403.7488 855.5281 1.5143 1.7128 4.0195 -17.7341 6.3465 43.1775 1.5896 0.6030
Car -1 -1 1.9963 163.6580 788.0034 312.2804 870.5164 1.4470 1.6974 4.1805 -17.6307 5.6763 36.6691 1.5487 0.6009
Car -1 -1 1.9896 341.5028 778.7706 458.0001 843.5945 1.5166 1.8942 4.1860 -17.7011 6.6103 47.3524 1.6372 0.1444
Car -1 -1 2.1945 0.0000 765.9692 136.9397 868.0631 1.4132 1.7585 4.2008 -17.9929 4.3310 28.7834 1.6285 0.1119
