Pedestrian -1 -1 1.4945 1050.1165 763.9511 1098.7980 899.7884 1.7577 0.6232 0.6248 1.5326 3.6765 20.3183 1.5864 0.7107
Pedestrian -1 -1 1.5811 1004.5909 774.5472 1034.2468 861.8264 1.6947 0.5890 0.6091 1.1874 4.7757 30.4659 1.6341 0.5017
Cyclist -1 -1 -1.4387 872.5613 752.3630 950.7462 900.1569 1.7454 0.8023 1.8891 -0.6514 3.5628 20.3390 -1.4613 0.4036
Car -1 -1 -1.1474 13.6933 736.8624 636.0450 1155.2966 1.5044 1.7682 4.0926 -3.2087 2.2975 8.5351 -1.5581 0.9523
Car -1 -1 -1.4042 678.9431 776.0975 817.3654 894.1198 1.5122 1.7525 3.6009 -3.5772 4.2931 25.6760 -1.5373 0.9453
Car -1 -1 -1.4812 744.5956 779.1927 840.5840 871.9919 1.5003 1.6917 3.6027 -3.5530 4.9905 32.0151 -1.5834 0.9363
Car -1 -1 -1.3485 560.1583 769.4734 776.7751 938.0300 1.4520 1.7648 3.8126 -3.4154 3.3926 18.1374 -1.5370 0.8537
Car -1 -1 -0.1400 0.0000 0.0000 1936.0000 1216.0000 1.5360 1.7285 3.8379 -3.0375 1.5836 1.8610 -1.5424 0.7492
Car -1 -1 2.1096 0.0000 771.7747 164.3942 881.0536 1.4510 1.6626 4.1844 -16.6380 4.3687 27.6064 1.5596 0.5831
Car -1 -1 2.0596 153.6667 763.2674 316.5706 846.5229 1.4684 1.7510 4.0682 -17.0366 4.9267 35.3101 1.6089 0.5828
Car -1 -1 1.9642 299.0249 769.4142 419.8254 838.5847 1.4943 1.7882 4.0140 -17.1334 5.8231 42.7730 1.5866 0.4256
Car -1 -1 2.1615 42.3391 753.7927 225.6350 836.9095 1.5411 1.9113 4.2051 -20.1553 4.8883 36.6574 1.6571 0.2459
Car -1 -1 2.0799 139.2542 761.2866 289.4083 835.8343 1.5495 1.9011 4.1079 -20.3074 5.4674 40.8594 1.6197 0.2108
Car -1 -1 2.0122 247.6595 768.8184 372.0349 834.2746 1.4773 1.8509 4.0588 -19.4648 5.9944 44.8756 1.6063 0.1511
