Pedestrian -1 -1 1.4179 1069.5028 763.6685 1131.2271 921.0175 1.7834 0.6440 0.7712 1.6714 3.4956 18.0522 1.5285 0.7189
Pedestrian -1 -1 1.6146 1035.1401 779.0623 1069.8524 874.4239 1.6876 0.6108 0.6751 1.7138 4.6163 28.0381 1.6908 0.4704
Pedestrian -1 -1 1.5384 1073.3656 785.6372 1120.2552 914.9955 1.6095 0.6158 0.8322 1.8181 3.8207 20.1341 1.6461 0.2525
Cyclist -1 -1 -1.4515 895.1090 760.0298 968.4390 904.6628 1.7128 0.7683 1.8591 -0.3824 3.6509 20.4820 -1.4598 0.4633
Car -1 -1 -1.0349 0.0000 724.7153 586.4567 1216.0000 1.5351 1.7726 3.9294 -3.1065 2.1178 6.7463 -1.5494 0.9574
Car -1 -1 -1.3602 540.9399 773.3598 772.2045 962.5063 1.4600 1.7254 3.7461 -3.1947 3.2738 16.3857 -1.5574 0.9568
Car -1 -1 -1.4930 751.7648 786.6021 853.2481 885.9133 1.4849 1.7290 3.7715 -3.1682 4.9829 30.4498 -1.5883 0.9469
Car -1 -1 -1.4260 683.1783 784.0871 828.9592 912.9739 1.4939 1.7544 3.7659 -3.1911 4.2421 23.9192 -1.5535 0.9409
Car -1 -1 -1.5155 810.0551 781.8443 881.4924 851.0747 1.5708 1.8699 3.8301 -3.3970 6.4513 44.5796 -1.5806 0.8028
Car -1 -1 2.1105 44.0045 748.2717 247.1960 846.5192 1.4802 1.7627 3.9261 -15.9784 4.0814 29.5353 1.6085 0.5002
Car -1 -1 2.1142 0.0000 760.6671 147.6808 856.5324 1.5498 1.8887 4.1272 -19.5251 4.6531 32.1114 1.5633 0.2071
Car -1 -1 2.0567 205.1139 770.1200 348.2052 842.3132 1.4334 1.7810 4.1060 -18.3332 5.5468 40.2555 1.6309 0.2001
Car -1 -1 2.0282 288.0219 777.5573 414.5656 843.1647 1.4173 1.8119 4.1659 -18.0399 6.1725 44.4363 1.6465 0.1437
