Pedestrian -1 -1 1.4444 1096.2780 761.5416 1167.1439 940.4562 1.8378 0.6884 0.8367 1.8620 3.3770 16.4248 1.5779 0.7161
Pedestrian -1 -1 1.5509 1044.5781 782.7518 1079.6981 883.6287 1.6798 0.6104 0.6849 1.7784 4.5037 26.3925 1.6337 0.6547
Pedestrian -1 -1 1.5659 1091.6279 782.5681 1140.8483 924.8474 1.5959 0.5848 0.8861 1.9022 3.5753 18.2999 1.6886 0.2870
Pedestrian -1 -1 1.6856 1082.9818 783.2575 1120.5289 877.0512 1.5574 0.5886 0.5692 2.4764 4.3823 26.3336 1.7961 0.1536
Cyclist -1 -1 -1.4770 912.7555 768.2307 982.2363 914.1237 1.7225 0.7595 1.8812 -0.1683 3.7846 20.5415 -1.4740 0.4710
Cyclist -1 -1 1.4688 1098.0409 760.7891 1165.6854 941.8688 1.8458 0.6651 0.9083 1.8609 3.3788 16.4057 1.6024 0.1181
Car -1 -1 -0.9062 0.0000 711.5712 546.2964 1216.0000 1.5558 1.8121 3.9988 -3.0625 1.9943 5.5314 -1.5320 0.9592
Car -1 -1 -1.4959 752.7512 786.5146 858.9478 890.1725 1.4722 1.7426 3.8533 -2.9697 4.8419 29.2380 -1.5889 0.9563
Car -1 -1 -1.3315 508.8349 771.6943 770.1625 980.0863 1.4747 1.7453 3.6572 -3.0805 3.1338 15.0484 -1.5407 0.9557
Car -1 -1 -1.4330 682.2980 781.3539 832.2513 917.1833 1.5173 1.7480 3.6315 -3.0106 4.0867 22.7343 -1.5601 0.9466
Car -1 -1 -1.5202 822.0684 783.3157 894.4507 856.1011 1.6156 1.8656 3.8783 -2.9566 6.4409 43.6052 -1.5767 0.8865
Car -1 -1 -1.5630 847.6871 779.2628 900.5339 842.8420 1.6587 1.6869 3.6581 -2.8758 7.0019 49.9046 -1.6088 0.8311
Car -1 -1 2.0202 233.0495 774.6487 376.4888 852.9007 1.4756 1.7254 4.1609 -16.7593 5.5325 38.3999 1.6101 0.5578
Car -1 -1 1.9686 316.0989 775.6600 431.7573 843.9988 1.4863 1.6704 4.1177 -17.1216 6.1113 43.7946 1.5999 0.5226
Car -1 -1 2.1645 0.0000 740.8094 214.5785 843.9141 1.4148 1.7207 4.0354 -15.5711 3.6870 27.2447 1.6362 0.1357
