Pedestrian -1 -1 1.4565 1065.6393 763.7008 1123.1755 915.4460 1.7804 0.6428 0.7747 1.6529 3.5476 18.6493 1.5628 0.7396
Pedestrian -1 -1 1.5774 1021.3502 782.8130 1054.1711 875.0558 1.6674 0.6135 0.6913 1.4692 4.7321 28.6556 1.6433 0.5724
Cyclist -1 -1 -1.4537 894.0841 754.7140 967.3306 900.3057 1.7222 0.7639 1.8938 -0.3954 3.5805 20.4246 -1.4628 0.4192
Car -1 -1 -1.0667 0.0000 733.3114 598.0079 1216.0000 1.5048 1.7459 3.8397 -3.1227 2.1668 7.1922 -1.5493 0.9580
Car -1 -1 -1.3675 549.9521 771.7186 773.8283 953.7471 1.4536 1.7412 3.7199 -3.2295 3.2887 16.8241 -1.5611 0.9527
Car -1 -1 -1.4972 748.8162 782.3469 848.5996 880.2605 1.4863 1.7318 3.8254 -3.2891 4.9379 30.8508 -1.5951 0.9492
Car -1 -1 -1.4272 685.7801 778.5146 827.5792 902.6368 1.4902 1.7542 3.6952 -3.2545 4.1903 24.4241 -1.5545 0.9428
Car -1 -1 2.0867 169.6365 767.7839 324.9372 844.6915 1.4433 1.7700 4.0747 -18.0173 5.2698 37.9518 1.6438 0.2582
Car -1 -1 -1.4684 800.8162 783.2176 875.3692 848.5566 1.4940 1.8347 3.7087 -3.6777 6.4786 45.2008 -1.5387 0.2191
Car -1 -1 2.0616 234.6615 774.2198 373.7950 844.1929 1.4421 1.8544 4.0827 -18.3334 5.8400 41.9352 1.6521 0.2155
Car -1 -1 2.1313 0.0000 758.3510 161.0222 850.0915 1.5146 1.9029 4.0536 -19.5468 4.6128 32.6753 1.5879 0.2011
Car -1 -1 2.1866 0.0000 747.1678 133.4852 857.3676 1.4558 1.6814 3.9345 -16.4957 3.7617 26.2005 1.6142 0.1663
Car -1 -1 -1.4943 773.2807 777.3917 860.8389 859.7646 1.5222 1.8032 3.7028 -3.4537 5.4214 36.3784 -1.5794 0.1245
