Pedestrian -1 -1 1.5684 998.3446 781.7018 1027.1367 866.8923 1.6844 0.5906 0.6108 1.0718 4.9746 31.0603 1.6168 0.5985
Pedestrian -1 -1 1.5157 1035.3145 769.2374 1080.5378 899.0114 1.7203 0.6053 0.6366 1.3442 3.7665 20.8745 1.5958 0.5829
Pedestrian -1 -1 1.5718 1060.8165 778.8591 1103.0421 890.1814 1.6192 0.6386 0.6574 1.8680 4.0345 23.1015 1.6690 0.1621
Cyclist -1 -1 -1.4581 869.6274 755.3413 944.8108 903.3596 1.7544 0.7996 1.8982 -0.7157 3.6223 20.4335 -1.4839 0.4320
Car -1 -1 -1.1484 36.9320 744.5659 645.7757 1146.4980 1.4816 1.7922 4.2481 -3.2762 2.3683 8.9353 -1.5463 0.9463
Car -1 -1 -1.4747 740.5023 779.1814 838.8431 872.9586 1.5339 1.7357 3.7027 -3.6605 5.0717 32.4336 -1.5787 0.9307
Car -1 -1 -1.4121 678.0789 775.5313 812.3971 890.6089 1.4978 1.7419 3.5516 -3.6717 4.2938 25.9621 -1.5473 0.9236
Car -1 -1 -0.3096 0.0000 654.0547 199.7948 1216.0000 1.5175 1.7136 3.7232 -3.0222 1.5999 2.3570 -1.5586 0.8855
Car -1 -1 2.1745 0.0000 755.4108 124.8285 858.2556 1.4145 1.7785 4.0880 -17.6782 4.0293 27.8911 1.6009 0.7595
Car -1 -1 -1.3548 541.1444 769.0714 756.2204 933.3485 1.4427 1.8033 3.8329 -3.7193 3.4072 18.4482 -1.5566 0.6707
Car -1 -1 2.0661 141.4979 764.4512 304.5342 847.0460 1.4565 1.7192 4.1138 -17.4226 4.9656 35.5158 1.6090 0.6290
Car -1 -1 1.9641 290.2049 769.3071 409.3955 839.4894 1.5293 1.7564 3.9616 -17.4070 5.8510 42.7642 1.5808 0.5558
Car -1 -1 1.9735 225.6194 771.3480 345.2393 837.8010 1.5049 1.8467 3.9128 -20.0459 6.0590 44.5310 1.5537 0.2832
Car -1 -1 2.1675 25.0594 749.6516 217.8986 837.4922 1.6253 1.9357 4.4497 -20.3604 4.8622 36.5018 1.6568 0.2447
Car -1 -1 2.0076 368.3330 767.1305 486.7976 830.4051 1.4700 1.8342 4.3235 -16.7172 6.1603 47.0708 1.6714 0.1247
