Pedestrian -1 -1 1.4412 1074.7896 769.7129 1137.1696 930.2437 1.7688 0.6457 0.8127 1.6976 3.5158 17.6301 1.5560 0.6347
Pedestrian -1 -1 1.6101 1036.7122 782.3920 1072.1028 879.0566 1.6848 0.6170 0.6817 1.7261 4.6371 27.6593 1.6876 0.6116
Pedestrian -1 -1 1.5799 1076.5168 787.3879 1124.7216 917.7320 1.5621 0.6060 0.9389 1.8405 3.7548 19.6776 1.6912 0.2542
Cyclist -1 -1 -1.4559 898.7781 762.1140 969.8759 906.1321 1.7036 0.7466 1.8429 -0.3480 3.6696 20.4694 -1.4624 0.4421
Car -1 -1 -1.3603 533.3630 771.4689 768.1242 964.7052 1.4702 1.7227 3.6687 -3.1819 3.2203 16.0143 -1.5619 0.9594
Car -1 -1 -1.4950 750.0682 787.7650 851.8763 887.4985 1.4626 1.7176 3.8076 -3.1639 4.9528 30.1263 -1.5913 0.9564
Car -1 -1 -1.0009 0.0000 721.6455 578.4142 1216.0000 1.5192 1.7861 3.9637 -3.1017 2.0659 6.4422 -1.5408 0.9559
Car -1 -1 -1.4245 684.6373 782.5738 830.5380 912.0897 1.4990 1.7425 3.6899 -3.1392 4.1944 23.7028 -1.5511 0.9393
Car -1 -1 -1.5150 805.1205 782.0225 879.6157 854.8359 1.6447 1.9389 3.9664 -3.4789 6.5171 44.3796 -1.5822 0.8326
Car -1 -1 2.0237 303.5933 770.2928 421.2909 834.7208 1.4822 1.7849 3.8928 -18.1393 6.0997 45.4834 1.6483 0.5527
Car -1 -1 2.0514 217.4418 772.4640 357.4716 844.2099 1.4342 1.7988 3.9722 -18.0729 5.6130 40.3114 1.6318 0.3542
Car -1 -1 2.0986 0.0000 769.0898 142.4353 864.3264 1.4959 1.8238 3.9726 -19.2527 4.7342 31.5775 1.5464 0.3083
Car -1 -1 2.1374 10.0306 736.9046 230.8852 836.1605 1.4509 1.7785 4.0983 -15.9730 3.7551 28.6724 1.6215 0.1747
Car -1 -1 -1.5542 844.8230 785.5046 898.6891 845.8185 1.5511 1.7075 3.7581 -2.9889 7.1798 50.5058 -1.6015 0.1379
Car -1 -1 2.3107 192.7143 750.6298 349.3869 815.5516 1.4308 1.7936 4.2560 -20.2941 5.3378 44.1690 1.8821 0.1101
