Pedestrian -1 -1 1.4485 1084.9092 774.1079 1145.8732 937.6710 1.7624 0.6262 0.6697 1.7514 3.4981 17.0602 1.5704 0.6441
Pedestrian -1 -1 1.5620 1040.5215 784.6177 1075.2660 883.3329 1.6802 0.6173 0.6667 1.7435 4.5971 26.9557 1.6419 0.5971
Cyclist -1 -1 -1.4873 910.4542 769.3098 977.8207 915.9475 1.7255 0.7469 1.8524 -0.2140 3.7906 20.4309 -1.4867 0.4434
Car -1 -1 -1.4935 752.2194 787.1240 857.7827 890.2566 1.4856 1.7499 3.9354 -3.0396 4.9285 29.7569 -1.5869 0.9567
Car -1 -1 -1.3495 521.5757 771.8923 768.5970 974.0376 1.4915 1.7433 3.6845 -3.1450 3.2062 15.5891 -1.5548 0.9562
Car -1 -1 -0.9507 0.0000 714.9565 554.4670 1216.0000 1.5285 1.7796 3.8865 -3.0983 2.0063 5.9604 -1.5359 0.9529
Car -1 -1 -1.4218 679.5742 783.2737 829.1166 916.5068 1.5093 1.7432 3.6915 -3.1233 4.1670 23.2326 -1.5506 0.9462
Car -1 -1 -1.5313 814.5374 783.2283 885.2196 854.6951 1.5933 1.8772 3.9004 -3.2343 6.4653 44.0454 -1.5935 0.7985
Car -1 -1 2.0281 309.6699 773.2147 426.1075 838.5624 1.5215 1.7824 3.8694 -18.1474 6.2742 45.9176 1.6561 0.5513
Car -1 -1 2.1450 0.0000 743.6163 197.3467 848.1725 1.4433 1.8251 4.0807 -16.0191 3.7847 27.4220 1.6075 0.1744
Car -1 -1 -1.5917 848.4280 785.5262 903.3715 849.1837 1.6284 1.7600 3.7226 -2.8616 7.1873 49.8379 -1.6372 0.1703
Car -1 -1 2.0879 225.6474 769.9546 369.3503 840.1403 1.4008 1.7986 4.0349 -17.9398 5.5451 40.6252 1.6740 0.1618
