Pedestrian -1 -1 1.4210 1056.0629 760.8400 1110.4974 900.2669 1.7320 0.6285 0.6668 1.5939 3.5462 19.6076 1.5192 0.7484
Pedestrian -1 -1 1.5268 1018.7954 769.3661 1050.3856 859.0475 1.6933 0.6065 0.6741 1.4517 4.5941 29.6844 1.5901 0.6510
Cyclist -1 -1 -1.4500 882.3505 745.0416 960.8632 892.6419 1.7485 0.8230 1.9083 -0.5153 3.4610 20.3231 -1.4656 0.3839
Car -1 -1 -1.1241 0.0000 732.6696 622.7392 1191.0258 1.5183 1.7737 4.0967 -3.1729 2.2413 7.9768 -1.5618 0.9546
Car -1 -1 -1.5024 747.4564 777.2916 843.7111 872.4982 1.5004 1.7290 3.7363 -3.4321 4.9063 31.5279 -1.6026 0.9463
Car -1 -1 -1.4215 683.3965 774.8002 822.9387 895.3074 1.4951 1.7566 3.6916 -3.4007 4.1929 25.0509 -1.5512 0.9317
Car -1 -1 -1.3658 553.2411 770.9770 771.8234 947.1512 1.4608 1.7537 3.7951 -3.3526 3.3540 17.4731 -1.5585 0.9250
Car -1 -1 2.1245 0.0000 764.4122 160.1981 874.3477 1.4519 1.6697 4.1847 -16.5007 4.1806 27.1557 1.5700 0.7493
Car -1 -1 2.0941 125.9162 751.8386 300.5812 837.5742 1.4852 1.7580 4.1066 -17.0066 4.5695 34.2332 1.6307 0.6304
Car -1 -1 1.9956 284.1798 773.0729 410.9236 840.2032 1.4127 1.8227 4.0404 -17.3984 5.8373 42.5997 1.6110 0.2497
Car -1 -1 2.0611 193.7061 767.0729 332.4599 837.4302 1.5109 1.9000 3.9968 -19.7274 5.7413 42.4474 1.6283 0.2325
Car -1 -1 2.1280 103.8243 757.8669 267.2824 834.6647 1.4744 1.8356 4.0122 -19.5866 5.0342 37.9629 1.6510 0.2130
Car -1 -1 2.1099 206.4742 754.3048 361.6731 828.0797 1.4205 1.7934 4.0478 -17.2568 4.9201 38.3269 1.6872 0.1215
Car -1 -1 -1.4791 799.9489 779.5639 871.5722 844.0184 1.5032 1.8126 3.8071 -3.8171 6.4613 46.0181 -1.5510 0.1119
Car -1 -1 -0.0548 0.0000 0.0000 1936.0000 1216.0000 1.5276 1.7743 3.7914 -2.7686 1.4886 1.6885 -1.5060 0.1104
