Pedestrian -1 -1 1.5045 1027.5172 770.7225 1073.1079 898.5119 1.7221 0.6137 0.6535 1.2592 3.8247 21.2337 1.5793 0.7347
Pedestrian -1 -1 1.6074 995.4257 781.3441 1024.6705 865.4219 1.6839 0.5858 0.5876 1.0283 5.0070 31.4478 1.6539 0.6100
Cyclist -1 -1 -1.4330 865.4838 757.9552 943.9301 906.7919 1.7493 0.7956 1.8793 -0.7446 3.6427 20.3023 -1.4605 0.4438
Car -1 -1 -1.1555 58.0692 746.7467 648.2159 1137.3649 1.4799 1.7921 4.2908 -3.3163 2.4049 9.1849 -1.5459 0.9480
Car -1 -1 -1.4792 735.4702 778.4155 830.9546 871.4347 1.5419 1.7120 3.6530 -3.8355 5.0885 32.7065 -1.5877 0.9382
Car -1 -1 -1.4089 671.5219 778.8412 808.0449 893.8940 1.4808 1.7571 3.7211 -3.7906 4.3674 26.1608 -1.5475 0.9342
Car -1 -1 -0.4157 0.0000 670.5372 254.4220 1216.0000 1.5144 1.7374 3.6605 -3.0291 1.6533 2.7150 -1.5623 0.9100
Car -1 -1 -1.3438 544.7819 773.7330 759.7632 936.5915 1.4431 1.8083 3.7892 -3.7250 3.4930 18.6779 -1.5430 0.8259
Car -1 -1 2.0521 148.1959 768.3635 308.9375 850.3992 1.4399 1.6933 4.2184 -17.4455 5.0822 35.8354 1.5983 0.7138
Car -1 -1 2.1481 0.0000 760.1124 128.8639 862.2809 1.4099 1.7131 4.0096 -17.5565 4.1212 27.9743 1.5793 0.6917
Car -1 -1 1.9547 287.3911 776.5554 406.0081 847.1282 1.5167 1.7460 4.0154 -17.5010 6.0588 42.7799 1.5699 0.5152
Car -1 -1 -1.4870 786.6747 782.7989 857.7532 848.6698 1.5610 1.8526 3.9997 -4.3269 6.7396 47.0431 -1.5678 0.1997
Car -1 -1 2.1431 23.6806 752.4433 219.9689 845.8879 1.7205 1.9444 4.6822 -20.3250 5.0358 36.4748 1.6332 0.1621
Car -1 -1 1.9869 214.2848 771.8198 338.3264 839.3401 1.5179 1.8646 4.0467 -20.2935 6.0884 44.4902 1.5621 0.1364
Car -1 -1 1.9604 371.7060 771.7286 484.7515 835.9623 1.4972 1.8333 4.3116 -16.7187 6.3407 47.1279 1.6248 0.1290
