Pedestrian -1 -1 1.4572 1057.8568 758.5778 1112.6460 903.8986 1.7637 0.6321 0.7612 1.5884 3.5182 19.2427 1.5568 0.7054
Pedestrian -1 -1 1.5441 1019.5581 773.2812 1051.0894 864.4424 1.6991 0.6101 0.6788 1.4504 4.6477 29.3655 1.6079 0.5312
Pedestrian -1 -1 1.5900 1077.4904 772.7620 1125.9899 895.8949 1.5300 0.6186 0.8077 1.8921 3.5591 20.0813 1.7018 0.1159
Cyclist -1 -1 -1.4437 887.6703 746.8552 964.9902 893.8043 1.7414 0.7982 1.8941 -0.4522 3.4811 20.3456 -1.4559 0.4210
Car -1 -1 -1.4912 748.6182 780.4319 846.7737 874.2119 1.4443 1.7073 3.7843 -3.3575 4.8947 31.2680 -1.5899 0.9520
Car -1 -1 -1.1040 0.0000 735.7394 613.8868 1210.8292 1.5043 1.7677 3.9771 -3.1502 2.2209 7.6683 -1.5578 0.9499
Car -1 -1 -1.4321 688.1708 776.7263 827.4861 899.0916 1.4970 1.7629 3.7479 -3.2948 4.2121 24.8573 -1.5585 0.9459
Car -1 -1 -1.3594 549.7540 769.6667 772.5491 947.7080 1.4632 1.7600 3.7151 -3.3163 3.3104 17.2082 -1.5534 0.9393
Car -1 -1 2.1445 0.0000 758.7676 143.1838 867.8791 1.4449 1.6641 3.9542 -16.5127 4.0092 26.6601 1.5806 0.4770
Car -1 -1 2.1187 121.8767 752.2449 296.4597 835.2116 1.4445 1.7448 4.0587 -17.2673 4.5659 34.5604 1.6531 0.3240
Car -1 -1 2.1172 1.3854 753.6586 185.6835 839.7599 1.4966 1.8334 3.9562 -19.5842 4.5925 33.9596 1.5905 0.3009
Car -1 -1 2.0443 244.7834 770.6624 381.6521 840.5490 1.4474 1.8342 4.1085 -18.0649 5.7370 41.8967 1.6398 0.2137
Car -1 -1 -1.4719 799.8376 781.0529 873.5628 845.8223 1.4963 1.8388 3.8009 -3.7653 6.4753 45.7568 -1.5431 0.1512
Car -1 -1 2.1706 104.3070 752.9409 273.1080 828.5309 1.4596 1.8829 4.0149 -19.5926 4.9050 38.1306 1.6952 0.1206
Car -1 -1 2.0516 308.2976 769.9883 433.6438 832.0078 1.3908 1.8320 4.2008 -18.0606 6.0628 45.9655 1.6814 0.1139
