Pedestrian -1 -1 1.4770 1077.4604 770.3245 1122.7772 888.6053 1.7299 0.6456 0.6844 2.1370 4.0075 23.0732 1.5865 0.6820
Pedestrian -1 -1 1.3581 1158.1523 743.8314 1244.6758 963.2886 1.8382 0.6348 0.7387 2.1274 2.9271 13.3134 1.5439 0.5670
Pedestrian -1 -1 1.4484 1130.4078 762.4954 1196.1733 938.3205 1.6616 0.5870 0.7539 2.0347 3.0889 15.1252 1.6054 0.4386
Pedestrian -1 -1 1.4207 1116.2675 756.5098 1180.3419 911.9158 1.8131 0.7001 0.6615 2.2871 3.4568 18.3437 1.5653 0.2339
Cyclist -1 -1 -1.4820 925.8475 754.6230 995.6177 897.8947 1.7077 0.7730 1.8806 0.0135 3.5761 20.5640 -1.4697 0.4512
Car -1 -1 -1.4664 751.4119 778.1252 872.6689 892.1905 1.4929 1.7283 3.9501 -2.6051 4.4532 26.9030 -1.5551 0.9618
Car -1 -1 -1.2969 439.8633 762.8622 759.6081 1013.0468 1.4993 1.7590 3.5337 -2.8951 2.8407 12.7421 -1.5345 0.9574
Car -1 -1 -1.4095 661.0084 776.1025 838.2802 927.1903 1.4678 1.7671 3.7551 -2.7542 3.7064 20.2379 -1.5418 0.9428
Car -1 -1 -0.4986 0.0000 658.5485 375.3504 1216.0000 1.5656 1.7781 3.9691 -2.9243 1.6800 3.0712 -1.5369 0.9262
Car -1 -1 -1.5527 866.7805 777.1944 922.5234 840.9918 1.5777 1.6646 3.7025 -2.0919 6.6290 47.7378 -1.5846 0.9189
Car -1 -1 2.0772 64.2175 771.1156 257.2480 868.5764 1.4329 1.6513 4.1420 -16.0957 4.6006 30.3162 1.5846 0.8048
Car -1 -1 -1.5081 832.5875 773.6804 906.1839 845.8895 1.5449 1.7649 3.6326 -2.4967 5.8414 41.3568 -1.5574 0.7510
Car -1 -1 2.2500 0.0000 723.3416 127.1189 865.8512 1.5115 1.7350 4.4342 -14.1011 3.0624 21.2831 1.6468 0.5997
Car -1 -1 2.2445 0.0000 771.8814 71.2635 907.2295 1.4187 1.7100 4.3643 -15.7672 3.8714 22.7306 1.6238 0.5801
Car -1 -1 2.0257 222.4086 763.3269 364.4387 843.0512 1.4799 1.6175 3.9085 -16.2666 5.0541 36.6291 1.6079 0.5163
