Pedestrian -1 -1 1.4568 1089.4186 765.1960 1141.3547 895.7690 1.7729 0.6735 0.7526 2.2088 3.8252 21.4970 1.5773 0.7047
Pedestrian -1 -1 1.4001 1170.0892 764.5863 1249.9863 964.2510 1.6751 0.6058 0.7803 2.2347 2.9730 13.4977 1.5918 0.5698
Pedestrian -1 -1 1.4569 1183.9348 745.2429 1272.3306 991.6808 1.7805 0.6073 1.0083 2.0994 2.7770 11.8527 1.6635 0.3402
Pedestrian -1 -1 1.6510 1022.0857 790.8467 1041.8461 845.0658 1.7631 0.6153 0.6985 2.4319 7.5104 51.4024 1.7124 0.2330
Cyclist -1 -1 -1.4609 934.1044 753.8562 1005.7157 898.2237 1.7146 0.7565 1.8804 0.1395 3.5665 20.4945 -1.4421 0.4544
Car -1 -1 -1.4660 741.6714 779.4417 869.1169 899.9653 1.5021 1.7372 3.9664 -2.5992 4.3684 25.7427 -1.5594 0.9616
Car -1 -1 -1.2759 386.7899 761.8039 745.3017 1036.6926 1.4714 1.7420 3.5314 -2.8541 2.6964 11.5864 -1.5370 0.9571
Car -1 -1 -1.4016 641.8085 777.1416 832.3292 939.4887 1.4687 1.7601 3.7770 -2.7341 3.6006 19.0285 -1.5427 0.9438
Car -1 -1 -1.5312 860.3712 778.2867 919.5922 842.3716 1.5547 1.6600 3.5587 -2.1862 6.5172 46.5982 -1.5663 0.9329
Car -1 -1 2.0918 16.4481 772.1010 228.9246 875.1664 1.4401 1.7086 4.3111 -16.2409 4.5306 29.2349 1.5791 0.8977
Car -1 -1 -1.4929 826.4827 768.8031 907.3214 847.7115 1.6387 1.8269 3.9035 -2.4872 5.7009 40.2387 -1.5437 0.8961
Car -1 -1 -0.1301 0.0000 0.0000 1936.0000 1216.0000 1.5797 1.7587 3.9759 -2.9768 1.4559 1.8687 -1.5316 0.7005
Car -1 -1 2.1807 0.0000 760.6329 37.9672 899.2894 1.4248 1.7169 4.4886 -15.8240 3.6343 22.0745 1.5428 0.4427
Car -1 -1 2.0202 307.3682 772.3898 427.9916 841.3420 1.4413 1.5949 3.8700 -16.5017 5.7566 41.7634 1.6471 0.2109
Car -1 -1 2.0700 193.9317 757.7507 346.8130 840.6802 1.5000 1.6029 3.9430 -16.3252 4.8376 35.5479 1.6387 0.1074
