Pedestrian -1 -1 1.5547 1049.3823 778.1204 1087.7229 885.3883 1.7139 0.6403 0.7409 1.8222 4.3574 25.4078 1.6421 0.7294
Pedestrian -1 -1 1.4126 1107.4681 758.0510 1181.5607 945.4178 1.8285 0.6635 0.7916 1.8975 3.2500 15.5645 1.5557 0.6941
Pedestrian -1 -1 1.5427 1108.2838 776.2892 1160.3757 928.0852 1.5681 0.5751 1.0885 1.9811 3.3634 17.1616 1.6781 0.2214
Pedestrian -1 -1 1.6557 1106.1272 782.3945 1145.7269 884.3560 1.6386 0.6142 0.5729 2.8042 4.3544 25.4427 1.7831 0.1046
Cyclist -1 -1 -1.4926 920.3715 762.1990 985.0397 904.9018 1.6941 0.7242 1.8390 -0.0984 3.6652 20.5221 -1.4860 0.5046
Cyclist -1 -1 1.5603 1104.0640 779.1729 1155.4163 928.8418 1.5514 0.5703 1.0797 1.9479 3.3896 17.2482 1.6930 0.1178
Car -1 -1 -1.3217 494.7446 770.0315 769.1733 988.4641 1.4841 1.7459 3.5703 -3.0067 3.0562 14.3850 -1.5365 0.9596
Car -1 -1 -1.4292 677.8879 781.0870 833.6209 920.1359 1.4977 1.7513 3.6774 -2.9442 4.0008 22.1157 -1.5572 0.9563
Car -1 -1 -0.8120 0.0000 703.2569 508.7057 1216.0000 1.5626 1.8352 3.9945 -3.0619 1.9230 4.8419 -1.5265 0.9548
Car -1 -1 -1.4775 748.7434 784.7522 861.3333 890.7568 1.4641 1.7384 3.9098 -2.9045 4.7202 28.5064 -1.5710 0.9500
Car -1 -1 -1.5232 851.9811 781.8136 910.0968 841.6111 1.5162 1.6984 3.6392 -2.6110 6.8831 49.3225 -1.5643 0.9308
Car -1 -1 -1.5072 826.1875 783.2084 898.6740 855.1081 1.5748 1.7978 3.7591 -2.7940 6.3224 42.9590 -1.5609 0.8485
Car -1 -1 2.0253 231.2726 778.2133 375.7831 856.0187 1.4437 1.6848 4.2815 -16.8312 5.6137 38.4987 1.6148 0.7942
Car -1 -1 2.1375 0.0000 769.6717 192.6645 865.9331 1.3979 1.6920 4.2928 -17.6517 4.5549 30.4353 1.6066 0.2559
Car -1 -1 2.2244 0.0000 742.6373 115.2085 854.6215 1.4209 1.6959 4.1314 -16.5696 3.5988 25.5449 1.6373 0.1469
