Pedestrian -1 -1 1.3620 1126.7552 749.8945 1206.5687 947.6523 1.7983 0.6349 0.7769 1.9832 3.0450 14.5125 1.5217 0.7331
Pedestrian -1 -1 1.4041 1108.3206 768.1805 1171.8691 928.4949 1.6523 0.5980 0.6885 1.9533 3.2569 16.3950 1.5438 0.6777
Pedestrian -1 -1 1.5359 1069.8607 773.5209 1109.1644 886.7812 1.7369 0.6213 0.6454 2.0687 4.1737 24.1761 1.6379 0.5561
Cyclist -1 -1 -1.4884 922.6868 754.9806 990.7310 899.4579 1.7295 0.7643 1.8607 -0.0426 3.6046 20.5950 -1.4790 0.4519
Car -1 -1 -1.3057 467.5094 766.3243 764.7188 999.9145 1.5021 1.7656 3.5454 -2.9684 2.9599 13.6090 -1.5317 0.9578
Car -1 -1 -1.4783 751.4782 780.6585 866.4792 889.3888 1.4589 1.7219 3.9403 -2.7437 4.5479 27.6856 -1.5692 0.9571
Car -1 -1 -1.4114 669.7932 775.0906 837.1580 921.3756 1.5176 1.7614 3.6950 -2.8486 3.8383 21.2336 -1.5411 0.9457
Car -1 -1 -1.5321 857.6976 783.0981 914.6198 843.7395 1.5162 1.6655 3.6101 -2.4077 6.8507 48.6202 -1.5697 0.9456
Car -1 -1 -0.6959 0.0000 673.8315 455.7693 1216.0000 1.5899 1.8068 3.9141 -2.9681 1.7855 3.9895 -1.5372 0.9430
Car -1 -1 -1.4907 828.1161 779.4384 903.9955 853.3679 1.5838 1.7878 3.8877 -2.6406 6.1522 42.2379 -1.5420 0.9071
Car -1 -1 2.1742 0.0000 762.5120 113.2923 885.2764 1.4695 1.7577 4.2813 -16.2237 3.9572 24.8804 1.5849 0.5836
Car -1 -1 2.1388 52.7171 765.7238 261.1303 861.6601 1.4005 1.6873 4.3408 -16.3090 4.4912 30.5946 1.6444 0.4990
Car -1 -1 1.9872 239.7153 770.0286 371.4049 847.9194 1.4877 1.6301 3.7724 -16.3599 5.3106 37.5006 1.5767 0.4281
