Pedestrian -1 -1 1.5456 1055.9587 770.4092 1094.2351 881.6525 1.7368 0.6223 0.7345 1.8799 4.1825 24.7481 1.6374 0.6816
Pedestrian -1 -1 1.4093 1118.9447 746.8311 1194.8523 943.2234 1.8403 0.6432 0.8331 1.9456 3.0937 14.9534 1.5616 0.6701
Pedestrian -1 -1 1.4610 1109.0398 764.2707 1167.3296 923.4252 1.6664 0.5806 0.7936 1.9762 3.2673 16.7723 1.5991 0.4925
Cyclist -1 -1 -1.4892 922.7862 757.4028 989.2281 901.8661 1.7208 0.7408 1.8650 -0.0524 3.6262 20.5413 -1.4803 0.4655
Car -1 -1 -1.3223 482.9851 767.3992 765.0409 994.7482 1.5046 1.7446 3.5306 -2.9770 3.0023 13.9284 -1.5430 0.9605
Car -1 -1 -0.7507 0.0000 686.3745 474.2766 1216.0000 1.5719 1.8082 3.9302 -3.0227 1.8331 4.3588 -1.5347 0.9529
Car -1 -1 -1.4747 750.1573 780.7255 863.4716 888.3375 1.4729 1.7106 3.8939 -2.8252 4.6006 28.0662 -1.5671 0.9467
Car -1 -1 -1.5208 856.2743 782.1959 914.1650 841.7144 1.4909 1.6678 3.6252 -2.4528 6.8278 48.9159 -1.5591 0.9425
Car -1 -1 -1.4305 675.9803 777.0902 835.1245 919.1334 1.5061 1.7585 3.6295 -2.8744 3.8894 21.5931 -1.5589 0.9417
Car -1 -1 -1.4898 824.8832 778.6310 900.1610 850.8369 1.5612 1.7868 3.8146 -2.7582 6.1274 42.4873 -1.5435 0.8857
Car -1 -1 2.1975 0.0000 751.9948 108.6452 870.2127 1.4681 1.7870 4.1830 -16.5404 3.7950 25.2564 1.6062 0.5632
Car -1 -1 2.0244 234.1315 788.3005 379.7258 867.9614 1.4390 1.6744 4.3076 -16.6056 5.8507 38.1864 1.6162 0.3712
Car -1 -1 2.0837 84.0812 776.2119 277.7493 868.5682 1.3607 1.7075 4.3023 -16.2189 4.7526 31.3452 1.6027 0.2199
