Pedestrian -1 -1 1.5288 1074.5591 774.8817 1115.0269 889.4701 1.7264 0.6241 0.6269 2.1146 4.1403 23.7349 1.6345 0.6903
Pedestrian -1 -1 1.3658 1136.5116 754.1356 1217.7762 954.4489 1.7681 0.6322 0.7571 2.0245 3.0198 14.0937 1.5333 0.6002
Pedestrian -1 -1 1.4323 1115.8586 774.1168 1177.3285 934.4711 1.6195 0.5832 0.6341 1.9781 3.2494 16.0157 1.5769 0.5706
Cyclist -1 -1 -1.4872 922.2007 754.1991 990.9699 898.3841 1.7314 0.7740 1.8762 -0.0441 3.6022 20.6670 -1.4779 0.4460
Car -1 -1 -1.4751 753.1884 778.3983 869.5214 888.3004 1.4715 1.7194 3.8836 -2.6724 4.4847 27.4091 -1.5645 0.9637
Car -1 -1 -1.2932 449.3651 763.5652 761.8145 1010.1148 1.5396 1.7728 3.5759 -2.9613 2.9346 13.2181 -1.5261 0.9590
Car -1 -1 -1.4127 668.8226 775.5495 839.1232 923.1735 1.4928 1.7602 3.7450 -2.7908 3.7886 20.8917 -1.5420 0.9427
Car -1 -1 -0.6287 0.0000 650.6224 427.5192 1216.0000 1.6100 1.8208 4.0566 -2.9853 1.7081 3.6501 -1.5421 0.9384
Car -1 -1 -1.5408 859.7283 779.7553 916.5978 842.0859 1.5539 1.6783 3.6673 -2.3243 6.7416 48.2584 -1.5770 0.9375
Car -1 -1 -1.4923 829.3290 775.3581 904.3088 849.5679 1.5918 1.7544 3.7927 -2.5921 5.9888 41.7829 -1.5432 0.9055
Car -1 -1 2.1349 45.5448 757.3190 252.6111 853.5347 1.4264 1.7100 4.1788 -16.2625 4.2903 30.2023 1.6357 0.7333
Car -1 -1 2.1942 0.0000 758.9767 103.5620 882.6568 1.4392 1.7839 4.4324 -16.2529 3.8358 24.4926 1.5961 0.6768
Car -1 -1 2.0261 234.8884 762.7452 373.6704 842.1019 1.5161 1.6537 3.8002 -16.2683 5.1260 37.2271 1.6146 0.2174
