Pedestrian -1 -1 1.5837 1046.4178 780.3788 1083.9348 883.6458 1.6869 0.6307 0.7495 1.8141 4.4372 26.0489 1.6689 0.7022
Pedestrian -1 -1 1.4411 1097.0702 759.1711 1169.5837 943.0811 1.8427 0.6819 0.8836 1.8387 3.3258 16.0749 1.5759 0.5929
Pedestrian -1 -1 1.6108 1088.9707 778.8797 1145.8658 923.7507 1.5281 0.6019 1.1469 1.8576 3.4136 17.6967 1.7348 0.2180
Pedestrian -1 -1 1.7041 1099.9020 779.4753 1139.5686 877.7562 1.6150 0.6096 0.5549 2.7584 4.3391 26.0079 1.8272 0.1012
Cyclist -1 -1 -1.4739 915.2767 764.1955 984.2827 908.3553 1.7131 0.7522 1.8623 -0.1378 3.7218 20.5998 -1.4694 0.4937
Cyclist -1 -1 1.4614 1099.1105 757.9810 1168.9766 944.3424 1.8489 0.6610 0.9530 1.8388 3.3173 16.0145 1.5967 0.1121
Car -1 -1 -1.3174 496.7719 769.9739 766.9582 983.0587 1.4833 1.7472 3.6008 -3.0871 3.0910 14.7390 -1.5321 0.9601
Car -1 -1 -0.8834 0.0000 704.5463 532.0955 1216.0000 1.5480 1.8322 4.0825 -3.0708 1.9395 5.2831 -1.5408 0.9573
Car -1 -1 -1.4924 753.2960 786.3972 860.1667 889.7822 1.4479 1.7212 3.8425 -2.9192 4.7795 28.9166 -1.5849 0.9521
Car -1 -1 -1.4296 681.4567 781.8740 833.5626 917.2824 1.4929 1.7504 3.5949 -2.9741 4.0441 22.4941 -1.5565 0.9512
Car -1 -1 -1.5153 822.7974 782.3331 895.2635 855.3603 1.5995 1.8295 3.9843 -2.9147 6.3718 43.3385 -1.5713 0.9344
Car -1 -1 -1.5352 850.6754 782.0513 906.8541 841.7260 1.5262 1.6914 3.6501 -2.7088 6.9437 49.7212 -1.5778 0.9048
Car -1 -1 2.0274 239.9627 770.7928 379.9394 845.9481 1.4303 1.6691 4.1067 -16.7499 5.4075 38.6747 1.6201 0.6621
Car -1 -1 2.0713 20.0689 768.9537 210.9886 859.8150 1.4151 1.7440 4.2943 -18.1281 4.7344 32.2984 1.5561 0.2643
Car -1 -1 2.1137 129.9543 747.2635 316.6166 838.1840 1.5209 1.7191 4.3670 -16.3096 4.4309 33.3160 1.6557 0.1182
