Pedestrian -1 -1 1.4335 1094.3308 764.3931 1146.8416 897.2437 1.7697 0.6551 0.7038 2.2338 3.7642 21.0255 1.5578 0.6764
Pedestrian -1 -1 1.4035 1177.4092 764.6226 1262.3175 975.9567 1.7046 0.6180 0.8663 2.2510 2.9690 13.0904 1.6026 0.4724
Pedestrian -1 -1 1.4299 1192.4263 738.7089 1286.7791 996.6674 1.8131 0.6102 0.9469 2.1141 2.7217 11.4430 1.6456 0.2861
Pedestrian -1 -1 1.5495 1024.4834 793.2566 1041.0198 844.7238 1.6625 0.5592 0.7178 2.4403 7.4568 51.0978 1.6114 0.1799
Cyclist -1 -1 -1.4781 936.0717 755.5805 1004.5284 899.7831 1.7277 0.7522 1.8665 0.1449 3.6165 20.6441 -1.4590 0.4537
Car -1 -1 -1.2706 367.3266 763.1480 739.0421 1043.3044 1.4376 1.7353 3.5556 -2.8543 2.6450 11.2572 -1.5403 0.9643
Car -1 -1 -1.4640 738.2923 777.4098 865.7440 897.4058 1.4919 1.7196 3.8850 -2.6338 4.2922 25.5063 -1.5598 0.9601
Car -1 -1 -1.3977 637.4526 774.9910 828.6994 937.6649 1.4735 1.7516 3.6731 -2.7593 3.5514 18.8417 -1.5419 0.9497
Car -1 -1 -1.5408 860.5268 777.8732 919.8577 841.6221 1.5303 1.6815 3.5420 -2.1604 6.4372 46.1936 -1.5757 0.9257
Car -1 -1 -1.4946 827.1266 771.1855 906.3196 847.6300 1.5726 1.7857 3.7365 -2.4731 5.6596 39.8894 -1.5457 0.9080
Car -1 -1 2.0958 5.0758 771.3723 217.6020 873.9144 1.4185 1.6795 4.2257 -16.2501 4.4523 28.8559 1.5768 0.8976
Car -1 -1 1.9953 300.0218 781.3093 424.6522 852.6187 1.4504 1.6591 4.1334 -16.6382 6.0376 41.7541 1.6196 0.4778
Car -1 -1 -0.0725 0.0000 0.0000 1936.0000 1216.0000 1.5785 1.7173 3.8915 -2.9596 1.4556 1.6822 -1.5337 0.4356
Car -1 -1 2.2076 0.0000 753.4195 39.2733 887.3558 1.3919 1.7198 4.2799 -15.6118 3.4487 21.7920 1.5691 0.3339
Car -1 -1 2.0725 182.0548 758.7460 338.4365 842.8384 1.5134 1.6570 3.9292 -16.4664 4.8567 35.3397 1.6355 0.2334
