Pedestrian -1 -1 1.4608 1083.6072 770.2188 1130.1100 891.9994 1.7448 0.6376 0.7072 2.1974 3.9782 22.6281 1.5751 0.6172
Pedestrian -1 -1 1.3532 1164.1644 738.5314 1255.8743 963.7259 1.8351 0.6499 0.7799 2.1483 2.8521 12.9861 1.5455 0.5114
Pedestrian -1 -1 1.4494 1135.6356 759.8239 1206.4250 945.4196 1.6989 0.6109 0.8690 2.0633 3.0732 14.7855 1.6120 0.4469
Pedestrian -1 -1 1.4241 1137.5061 756.7957 1200.9213 916.4968 1.8349 0.6818 0.6585 2.5051 3.4578 18.0669 1.5836 0.1763
Cyclist -1 -1 -1.4421 931.1431 752.0512 1006.7650 897.6672 1.7341 0.7788 1.8946 0.1278 3.5649 20.5388 -1.4239 0.4267
Car -1 -1 -1.4686 749.6248 777.9657 872.2280 893.7016 1.4994 1.7382 3.9767 -2.5994 4.4331 26.6621 -1.5582 0.9612
Car -1 -1 -1.2941 431.1244 760.3551 757.9265 1016.0905 1.5143 1.7687 3.5361 -2.8903 2.8148 12.5590 -1.5352 0.9529
Car -1 -1 -1.5436 865.0045 779.7173 922.3688 843.5175 1.5656 1.6745 3.6769 -2.1106 6.6723 47.4841 -1.5761 0.9435
Car -1 -1 -1.4051 656.5869 776.0774 837.5782 930.2185 1.4807 1.7741 3.7568 -2.7538 3.6960 20.0087 -1.5392 0.9387
Car -1 -1 -1.5100 833.0618 774.9630 907.8846 850.8571 1.6052 1.7798 3.7972 -2.4476 5.9201 41.0899 -1.5584 0.9233
Car -1 -1 -0.4043 0.0000 639.9729 345.8843 1216.0000 1.5560 1.8134 4.1880 -2.9582 1.6051 2.7458 -1.5353 0.9045
Car -1 -1 2.0984 55.2782 766.5151 250.5422 863.3001 1.4332 1.6578 4.0516 -16.1908 4.4867 30.1944 1.6014 0.8313
Car -1 -1 2.2202 0.0000 776.5200 59.9495 912.3887 1.3901 1.7022 4.4042 -15.7656 3.8946 22.4798 1.5940 0.3726
