Pedestrian -1 -1 1.4833 1089.6050 768.2767 1136.3868 890.1696 1.7119 0.6442 0.6851 2.2453 3.8728 22.1849 1.6020 0.7270
Pedestrian -1 -1 1.4727 1157.8984 762.1457 1231.6796 958.5441 1.6881 0.6163 1.0109 2.1921 3.0328 14.1223 1.6527 0.2321
Pedestrian -1 -1 1.4521 1183.4091 739.1893 1272.1974 977.6343 1.8074 0.6313 1.1303 2.2089 2.8073 12.4921 1.6573 0.1895
Cyclist -1 -1 -1.4521 932.8608 753.8821 1007.1231 897.8102 1.7210 0.7847 1.8729 0.1419 3.5843 20.6222 -1.4331 0.4635
Cyclist -1 -1 1.4622 1170.8846 750.8806 1260.0970 985.1925 1.7279 0.6266 1.3684 2.1037 2.8406 12.4995 1.6583 0.1748
Car -1 -1 -1.4708 748.8974 778.0205 871.3469 894.4864 1.4928 1.7213 3.9124 -2.5783 4.3867 26.2982 -1.5610 0.9607
Car -1 -1 -1.4037 654.4204 776.2998 836.5737 931.7574 1.4654 1.7488 3.7347 -2.7277 3.6497 19.6805 -1.5390 0.9533
Car -1 -1 -1.2821 409.9883 758.0314 756.2413 1021.4050 1.4991 1.7863 3.6535 -2.8918 2.7558 12.2552 -1.5303 0.9523
Car -1 -1 -1.5385 863.8438 778.6636 921.9555 842.9466 1.5746 1.6677 3.6185 -2.1182 6.6036 47.0998 -1.5716 0.9412
Car -1 -1 -1.4917 829.8649 773.4141 908.3101 850.4563 1.6128 1.7894 3.7957 -2.4564 5.8404 40.6453 -1.5411 0.9171
Car -1 -1 2.0978 37.8582 766.6221 243.0829 865.8627 1.4319 1.6848 4.2539 -16.2407 4.4645 29.8532 1.5943 0.9040
Car -1 -1 -0.3216 0.0000 626.9454 283.2125 1216.0000 1.5708 1.8068 4.0454 -2.9811 1.5769 2.4511 -1.5397 0.8757
Car -1 -1 2.1672 0.0000 767.5342 76.7667 899.0193 1.3997 1.6966 4.4205 -15.7119 3.8029 22.9715 1.5532 0.7937
Car -1 -1 2.0665 207.2238 760.1483 357.3340 840.4605 1.4667 1.6226 3.9301 -16.3064 4.9163 36.1248 1.6422 0.2501
