Pedestrian -1 -1 1.3839 1126.2675 759.3989 1191.8480 921.6311 1.7633 0.6441 0.6774 2.2654 3.3402 17.1834 1.5366 0.6886
Pedestrian -1 -1 1.5536 1040.5768 781.3718 1059.7557 835.6702 1.6451 0.6044 0.6215 2.8239 6.6519 47.5233 1.6273 0.6250
Pedestrian -1 -1 1.2321 1327.5450 705.1809 1485.0293 1068.3022 1.7682 0.6252 0.6689 2.2943 2.2035 7.7699 1.5831 0.6068
Pedestrian -1 -1 1.4088 1266.4156 730.2435 1381.2299 1021.5094 1.7052 0.6192 0.8018 2.2876 2.4054 9.5050 1.6907 0.5423
Pedestrian -1 -1 1.6164 1059.6150 783.4602 1078.1357 834.1055 1.5305 0.5536 0.5671 3.4193 6.6007 47.5003 1.7029 0.2267
Cyclist -1 -1 -1.4671 943.0316 751.5425 1013.3888 892.2912 1.6870 0.7596 1.8527 0.2542 3.5162 20.6324 -1.4425 0.5081
Car -1 -1 -1.1551 102.0701 741.8619 690.0021 1153.8054 1.4930 1.7723 3.6488 -2.8009 2.2908 8.3383 -1.5273 0.9652
Car -1 -1 -1.4641 711.5230 774.9105 856.8981 913.2367 1.5223 1.7424 3.8144 -2.5720 3.9715 22.5066 -1.5725 0.9607
Car -1 -1 -1.3647 580.3720 768.3456 814.2007 959.9316 1.4629 1.7463 3.5954 -2.6839 3.1717 15.9856 -1.5343 0.9449
Car -1 -1 2.1550 0.0000 750.9339 165.7565 864.2294 1.4304 1.7428 4.4785 -16.0262 3.8264 26.1690 1.5954 0.9213
Car -1 -1 -1.5502 857.4363 778.3422 919.2529 848.4383 1.5750 1.6734 3.6201 -2.0791 6.2160 43.4071 -1.5865 0.9189
Car -1 -1 -1.4744 812.4285 776.4525 901.0487 857.5939 1.5233 1.7947 3.6095 -2.5185 5.4370 36.7796 -1.5323 0.6739
