Pedestrian -1 -1 1.4209 1107.9784 763.9200 1168.1188 910.5644 1.7466 0.6641 0.7388 2.2260 3.5377 18.8931 1.5580 0.6787
Pedestrian -1 -1 1.4629 1225.6831 748.5732 1317.8573 997.4064 1.6817 0.6052 0.8534 2.2758 2.6321 11.0296 1.7028 0.5122
Pedestrian -1 -1 1.5616 1038.0031 777.1100 1055.5278 831.5707 1.7177 0.5713 0.5526 2.8084 6.7455 49.1028 1.6330 0.4507
Pedestrian -1 -1 1.3436 1254.1498 726.5631 1383.2107 1039.7633 1.8177 0.6480 0.8267 2.2250 2.4851 9.3873 1.6220 0.4424
Cyclist -1 -1 -1.4917 937.6251 752.0013 1003.9951 895.1958 1.7401 0.7568 1.8726 0.1529 3.5956 20.8622 -1.4723 0.4504
Car -1 -1 -1.4689 722.4370 777.5038 858.3739 906.5005 1.4874 1.7266 3.8955 -2.6314 4.1157 23.8062 -1.5729 0.9617
Car -1 -1 -1.2131 246.3986 748.0917 709.6104 1088.7688 1.4955 1.7480 3.4980 -2.8468 2.4356 9.6317 -1.5344 0.9589
Car -1 -1 -1.3777 610.8046 769.9646 821.9650 947.6000 1.4805 1.7298 3.6120 -2.7079 3.3369 17.3006 -1.5338 0.9520
Car -1 -1 -1.5451 857.6823 779.3560 918.1848 845.8663 1.5264 1.6700 3.6924 -2.1591 6.3442 44.7911 -1.5816 0.9255
Car -1 -1 2.1430 0.0000 757.8579 190.8227 862.7389 1.3694 1.7069 4.4297 -16.1885 4.0089 27.4464 1.6017 0.9136
Car -1 -1 -1.4882 823.6592 772.6504 904.3394 852.0228 1.5584 1.7161 3.7085 -2.4377 5.5217 38.2355 -1.5412 0.9117
Car -1 -1 2.0218 148.2049 760.0580 312.4480 847.8232 1.4761 1.6529 4.2318 -16.4018 4.7220 33.7949 1.5680 0.2727
