Pedestrian -1 -1 1.4199 1234.6174 745.1362 1335.3860 998.6466 1.6805 0.6248 0.7279 2.2986 2.5708 10.6796 1.6703 0.6885
Pedestrian -1 -1 1.4140 1115.6569 762.7115 1178.8561 915.5466 1.7566 0.6687 0.7598 2.2636 3.4753 18.2653 1.5579 0.6876
Pedestrian -1 -1 1.6056 1040.0365 775.5464 1059.5201 830.6038 1.7051 0.6013 0.6130 2.8719 6.6244 48.4958 1.6791 0.5837
Pedestrian -1 -1 1.3100 1280.5865 717.8335 1415.3434 1047.2401 1.8082 0.6275 0.7369 2.2597 2.3791 8.8054 1.6124 0.5464
Pedestrian -1 -1 1.5292 1261.2507 747.9081 1362.4062 1018.4690 1.5885 0.6115 0.8398 2.2712 2.4253 9.6945 1.8035 0.1375
Pedestrian -1 -1 1.5491 1043.8365 769.4854 1069.1403 837.2817 1.7550 0.6781 0.6311 2.5744 5.7004 40.4724 1.6272 0.1036
Cyclist -1 -1 -1.4731 938.3262 750.8674 1009.3133 893.1964 1.7294 0.7875 1.8953 0.1966 3.5737 20.9071 -1.4515 0.4683
Car -1 -1 -1.4687 718.1417 777.1452 858.3290 910.1619 1.4964 1.7405 3.8950 -2.5976 4.0610 23.2396 -1.5742 0.9636
Car -1 -1 -1.3751 599.1035 770.8901 817.0978 953.1863 1.4641 1.7248 3.5871 -2.7071 3.2771 16.7498 -1.5371 0.9543
Car -1 -1 -1.1948 205.9111 746.6367 707.0673 1110.4784 1.5037 1.7639 3.5638 -2.8178 2.4017 9.2136 -1.5292 0.9516
Car -1 -1 -1.4849 821.3779 771.3307 904.9507 851.8993 1.5657 1.7538 3.7265 -2.4302 5.4547 37.8252 -1.5385 0.9183
Car -1 -1 -1.5377 855.9725 779.3466 918.1344 845.7335 1.4958 1.6682 3.7144 -2.1556 6.2544 44.2138 -1.5749 0.9176
Car -1 -1 2.1471 0.0000 754.3954 183.6539 860.2712 1.3648 1.7192 4.4558 -16.1292 3.9012 27.0386 1.6002 0.8775
