Pedestrian -1 -1 1.3834 1144.0173 754.1702 1220.9460 937.0688 1.7766 0.6734 0.7427 2.2739 3.1435 15.4361 1.5538 0.6964
Pedestrian -1 -1 1.2688 1321.6581 732.3245 1476.5403 1072.7399 1.6916 0.6483 0.6985 2.3300 2.2939 8.0225 1.6124 0.6459
Pedestrian -1 -1 1.5483 1041.4354 780.2729 1061.5031 835.9781 1.6353 0.6101 0.5746 2.7659 6.4349 45.8923 1.6229 0.6205
Pedestrian -1 -1 1.1739 1419.6465 673.9052 1647.8730 1161.3582 1.8384 0.6629 0.8143 2.3226 2.0540 6.1523 1.6313 0.5389
Pedestrian -1 -1 1.2374 1455.2360 719.7534 1594.1155 1044.5038 1.6416 0.5601 0.6273 3.0349 2.1768 8.0975 1.6685 0.1591
Cyclist -1 -1 -1.4614 953.5397 745.1186 1028.9463 889.5487 1.7172 0.8012 1.9253 0.4329 3.4442 20.4723 -1.4274 0.4589
Car -1 -1 -1.0803 0.0000 729.6791 653.5898 1216.0000 1.5252 1.7785 3.7478 -2.8049 2.1556 7.0852 -1.5273 0.9661
Car -1 -1 -1.4490 696.9906 770.7463 851.8301 913.7902 1.4809 1.7034 3.7244 -2.5475 3.7264 21.1575 -1.5646 0.9613
Car -1 -1 -1.3424 534.0239 766.3895 804.5976 978.9119 1.4498 1.7846 3.7514 -2.6949 3.0171 14.6553 -1.5306 0.9523
Car -1 -1 -1.5350 849.5816 774.8287 916.1906 847.0818 1.5629 1.6903 3.7449 -2.1603 5.9630 42.0111 -1.5750 0.9140
Car -1 -1 -1.4816 810.0140 771.4757 901.0543 857.3958 1.5583 1.7873 3.7397 -2.4532 5.2227 35.4890 -1.5404 0.8701
Car -1 -1 2.1918 0.0000 757.8933 129.4798 883.6440 1.5027 1.7458 4.5473 -16.1361 3.9354 25.0500 1.6083 0.8234
