Pedestrian -1 -1 1.4203 1126.7345 761.6105 1188.6292 916.3860 1.7446 0.6489 0.6662 2.3282 3.4005 17.7792 1.5718 0.6972
Pedestrian -1 -1 1.5916 1038.8362 779.9526 1058.3591 833.3754 1.6392 0.6065 0.6190 2.8149 6.6691 48.1752 1.6643 0.6035
Pedestrian -1 -1 1.2792 1293.3936 720.6330 1437.5791 1062.9939 1.7909 0.6235 0.7527 2.2578 2.3546 8.4216 1.5960 0.5137
Pedestrian -1 -1 1.4415 1244.8124 740.2460 1347.2599 1003.9442 1.6693 0.6191 0.7703 2.2819 2.4932 10.2585 1.7011 0.4715
Pedestrian -1 -1 2.3892 0.0000 794.4396 66.6684 909.3369 1.5792 0.5853 0.5922 -13.6301 4.1111 21.9738 1.8207 0.2131
Cyclist -1 -1 -1.4637 940.7504 749.6172 1013.1304 889.8087 1.7097 0.7954 1.8709 0.2408 3.5394 20.9596 -1.4399 0.5029
Car -1 -1 -1.4742 717.1282 777.7469 857.0317 911.7748 1.4968 1.7420 3.8284 -2.5901 4.0450 23.0087 -1.5805 0.9652
Car -1 -1 -1.1762 166.0554 744.4490 702.9831 1128.5966 1.5089 1.7757 3.6124 -2.8074 2.3655 8.8686 -1.5241 0.9538
Car -1 -1 -1.3719 591.5909 769.6586 813.9554 954.9046 1.4691 1.7312 3.5411 -2.7172 3.2373 16.4684 -1.5379 0.9477
Car -1 -1 -1.5352 858.4037 779.8777 921.2982 847.7516 1.5260 1.6711 3.7307 -2.0625 6.2800 44.0078 -1.5704 0.9145
Car -1 -1 2.1498 0.0000 752.6796 179.8369 861.0101 1.3798 1.7100 4.5505 -16.0837 3.8637 26.7701 1.5994 0.8927
Car -1 -1 -1.4816 820.3414 776.2304 905.8152 856.2418 1.5351 1.7815 3.6126 -2.4102 5.5136 37.4779 -1.5352 0.8525
