Pedestrian -1 -1 1.4426 1098.8723 763.0915 1151.6384 897.3744 1.7470 0.6469 0.7045 2.2453 3.6770 20.5334 1.5703 0.6897
Pedestrian -1 -1 1.6606 1030.2172 785.6985 1049.5103 838.4203 1.6989 0.5919 0.6201 2.6657 7.1875 50.6919 1.7273 0.4414
Pedestrian -1 -1 1.4391 1193.0590 748.5276 1277.8601 971.0975 1.7142 0.6099 0.8931 2.2801 2.7871 12.5084 1.6502 0.4329
Pedestrian -1 -1 1.4394 1201.4081 738.5616 1298.3265 999.1209 1.7489 0.6051 1.0277 2.1145 2.6296 11.0478 1.6631 0.2580
Cyclist -1 -1 -1.4664 935.2975 751.1730 1006.0692 895.3435 1.7355 0.7659 1.8549 0.1507 3.5622 20.6652 -1.4471 0.4722
Cyclist -1 -1 1.4650 1202.3489 750.3525 1296.0114 1002.0848 1.6637 0.5998 1.1580 2.1182 2.6462 11.1018 1.6879 0.1164
Car -1 -1 -1.4643 736.0150 777.2363 865.2983 898.1953 1.4676 1.7092 3.8814 -2.6017 4.2130 25.0021 -1.5612 0.9609
Car -1 -1 -1.2672 342.1061 761.5734 727.3151 1052.8809 1.4436 1.7341 3.4719 -2.8620 2.5918 10.8093 -1.5505 0.9576
Car -1 -1 -1.3978 633.9619 772.6895 827.4374 938.5301 1.4749 1.7325 3.6502 -2.7268 3.4800 18.4414 -1.5438 0.9526
Car -1 -1 2.1229 0.0000 762.6577 214.2006 867.1424 1.4382 1.7109 4.3385 -16.2535 4.2710 28.5583 1.5987 0.9339
Car -1 -1 -1.5039 827.0399 770.8137 905.2651 848.1088 1.5712 1.7652 3.6985 -2.4513 5.5869 39.2933 -1.5554 0.9278
Car -1 -1 -1.5396 859.7410 776.4188 919.5157 841.0958 1.5455 1.6780 3.5650 -2.1628 6.3760 45.8894 -1.5750 0.9116
Car -1 -1 2.2772 0.0000 738.6677 7.2754 883.5397 1.4768 1.7404 4.3503 -15.6790 3.2373 20.9296 1.6152 0.6822
Car -1 -1 2.0340 182.2767 762.0982 334.9791 846.2802 1.4933 1.6457 3.9354 -16.3435 4.8864 34.9961 1.5961 0.5814
Car -1 -1 2.0000 290.1856 774.7853 418.5724 847.3013 1.4534 1.6447 4.1955 -16.5239 5.7702 40.9345 1.6192 0.3901
