Pedestrian -1 -1 1.4091 1106.3038 760.4020 1162.6001 904.2621 1.7727 0.6366 0.6790 2.2440 3.5650 19.4315 1.5436 0.6689
Pedestrian -1 -1 1.4014 1210.3632 742.9536 1302.6996 976.0828 1.7049 0.6127 0.7659 2.3059 2.6635 11.7421 1.6291 0.5795
Pedestrian -1 -1 1.5423 1035.9241 777.8179 1053.9175 831.3514 1.7062 0.5891 0.5951 2.7804 6.8243 49.7415 1.6124 0.4531
Pedestrian -1 -1 1.3868 1224.7313 727.0421 1340.7396 1016.2773 1.7783 0.6298 0.9533 2.1392 2.4980 10.0414 1.6368 0.3580
Cyclist -1 -1 -1.4564 937.0820 753.1433 1006.2246 895.4047 1.7101 0.7239 1.8965 0.1646 3.5740 20.7463 -1.4363 0.4126
Car -1 -1 -1.4727 727.9200 776.6746 860.6545 902.0493 1.4777 1.7339 3.9025 -2.6278 4.1434 24.3108 -1.5740 0.9617
Car -1 -1 -1.2280 273.7024 752.4382 715.0447 1075.7024 1.4707 1.7523 3.5628 -2.8766 2.4815 10.0413 -1.5375 0.9612
Car -1 -1 -1.3882 621.2677 770.9177 824.0468 942.3642 1.4660 1.7278 3.5972 -2.7072 3.3744 17.7196 -1.5401 0.9517
Car -1 -1 -1.4909 826.1484 772.6995 905.5005 850.7508 1.5521 1.7165 3.6681 -2.4176 5.5537 38.6308 -1.5427 0.9281
Car -1 -1 -1.5421 858.0944 777.9888 918.5366 843.4230 1.5266 1.6779 3.6289 -2.1698 6.3433 45.2307 -1.5783 0.9262
Car -1 -1 2.1407 0.0000 758.4371 198.7283 862.1152 1.3814 1.7022 4.3917 -16.2452 4.0694 27.8779 1.6052 0.9227
Car -1 -1 2.0368 160.2379 766.3111 321.2878 850.5383 1.4194 1.6427 4.1205 -16.3880 4.8537 34.2431 1.5889 0.6777
