Pedestrian -1 -1 1.2011 1357.7078 690.4958 1540.9904 1099.1721 1.8215 0.6380 0.7703 2.3198 2.1537 7.1812 1.5871 0.6690
Pedestrian -1 -1 1.5797 1039.9375 780.9238 1059.9752 834.8094 1.6169 0.6162 0.6178 2.7971 6.5695 47.1357 1.6534 0.6006
Pedestrian -1 -1 1.3659 1132.4495 758.3726 1202.5305 927.6145 1.7703 0.6556 0.6824 2.2759 3.2801 16.5601 1.5249 0.5807
Pedestrian -1 -1 1.3133 1276.4591 730.9568 1401.0859 1031.7239 1.7095 0.6084 0.6686 2.2799 2.3786 9.0889 1.6081 0.5733
Pedestrian -1 -1 1.6255 1062.2915 783.0013 1080.5057 832.1973 1.4728 0.5358 0.5149 3.4584 6.4671 46.9462 1.7137 0.2184
Cyclist -1 -1 -1.4723 947.5934 749.8503 1017.7971 891.3265 1.7113 0.7698 1.9073 0.3196 3.5358 20.8410 -1.4444 0.4537
Car -1 -1 -1.1392 40.9651 736.2867 685.0643 1178.6802 1.5117 1.8035 3.8323 -2.8149 2.2565 8.0463 -1.5284 0.9657
Car -1 -1 -1.4572 707.3872 773.1840 856.5040 913.5987 1.5141 1.7304 3.8067 -2.5504 3.8904 22.0584 -1.5673 0.9598
Car -1 -1 -1.3624 564.7029 769.4800 809.6292 967.7085 1.4489 1.7608 3.6914 -2.6989 3.1321 15.5362 -1.5386 0.9573
Car -1 -1 -1.5426 853.9594 778.9608 917.7203 849.9207 1.5673 1.6809 3.7105 -2.1285 6.1876 42.9850 -1.5805 0.9314
Car -1 -1 2.1594 0.0000 761.4417 146.4161 879.2326 1.4399 1.7640 4.4231 -16.1057 3.9872 25.6715 1.5888 0.9277
Car -1 -1 -1.4763 811.8488 777.1922 902.3416 859.5510 1.5188 1.8152 3.6793 -2.4792 5.4136 36.3733 -1.5340 0.6199
Car -1 -1 2.0611 218.4537 758.7900 352.8768 824.8159 1.4427 1.7878 4.2140 -19.6147 5.5420 43.6204 1.6408 0.1541
Car -1 -1 -1.5159 857.2948 772.8627 922.2641 833.7196 1.5223 1.8660 3.9174 -2.3003 6.5659 48.9980 -1.5510 0.1080
