Pedestrian -1 -1 1.5757 1040.5817 780.2390 1061.0623 836.6470 1.6722 0.6241 0.6286 2.7884 6.5410 46.5330 1.6499 0.6832
Pedestrian -1 -1 1.3793 1137.3804 757.6301 1210.8793 932.9049 1.7655 0.6633 0.7506 2.2726 3.2224 16.0300 1.5433 0.6646
Pedestrian -1 -1 1.1526 1385.8151 672.2918 1597.5002 1123.9108 1.8426 0.6422 0.8324 2.3135 2.0652 6.6065 1.5744 0.6170
Pedestrian -1 -1 1.3142 1302.6516 728.5464 1431.9910 1043.0854 1.6675 0.5837 0.6952 2.3013 2.2843 8.5337 1.6323 0.5749
Pedestrian -1 -1 1.6630 1063.2731 783.3498 1083.0190 835.3117 1.5416 0.5602 0.5247 3.4842 6.5073 46.5572 1.7524 0.1658
Cyclist -1 -1 -1.4729 948.5112 753.4387 1018.9298 895.7784 1.6964 0.7642 1.8824 0.3297 3.5497 20.5787 -1.4443 0.4590
Car -1 -1 -1.1127 0.0000 731.3477 673.7211 1209.9659 1.5267 1.8042 3.8301 -2.8055 2.2061 7.5919 -1.5267 0.9660
Car -1 -1 -1.4662 701.1987 773.0480 851.4879 916.9337 1.5147 1.7343 3.8512 -2.5810 3.8518 21.6579 -1.5801 0.9611
Car -1 -1 -1.3480 546.2504 769.2770 805.1157 973.7667 1.4415 1.7763 3.6964 -2.7229 3.0790 15.0796 -1.5321 0.9458
Car -1 -1 -1.5378 851.2319 777.8463 916.3818 848.3174 1.5351 1.6831 3.7128 -2.1620 6.0743 42.5197 -1.5772 0.9114
Car -1 -1 2.1609 0.0000 754.7090 139.2474 876.5022 1.4928 1.7683 4.5733 -16.1986 3.9084 25.5289 1.5848 0.8679
Car -1 -1 -1.4845 809.8795 772.9777 898.4837 857.1021 1.5463 1.7723 3.7287 -2.5249 5.3000 36.0203 -1.5443 0.8238
Car -1 -1 -1.5081 863.8397 772.1317 928.1633 833.4286 1.5218 1.7971 3.8389 -2.0730 6.4814 48.4279 -1.5390 0.1019
