Pedestrian -1 -1 1.4430 1109.8424 759.7892 1164.4728 900.6443 1.7646 0.6474 0.6573 2.3111 3.5716 19.7015 1.5793 0.7121
Pedestrian -1 -1 1.4309 1202.3840 744.3879 1294.0323 980.0778 1.7305 0.6267 0.8579 2.2679 2.7169 11.8922 1.6521 0.5785
Pedestrian -1 -1 1.4127 1217.5734 736.5939 1320.6194 1010.5092 1.7398 0.5956 0.8770 2.1116 2.5462 10.3359 1.6523 0.3817
Pedestrian -1 -1 1.5488 1034.9349 783.5969 1051.9750 837.0161 1.7043 0.5644 0.6479 2.7486 7.0516 50.0516 1.6178 0.2698
Cyclist -1 -1 -1.4477 934.6068 750.2774 1008.6259 896.6146 1.7451 0.7652 1.9026 0.1640 3.5505 20.5369 -1.4277 0.4283
Car -1 -1 -1.4657 729.9903 775.7796 863.5646 901.1677 1.4874 1.7300 3.9066 -2.5981 4.1479 24.4109 -1.5652 0.9623
Car -1 -1 -1.2439 302.7357 756.7316 722.2584 1069.3477 1.4541 1.7332 3.5102 -2.8292 2.5133 10.2361 -1.5420 0.9546
Car -1 -1 -1.3910 622.2078 769.7837 824.1838 942.0853 1.4821 1.7307 3.6560 -2.7168 3.3889 17.8300 -1.5423 0.9540
Car -1 -1 2.1399 0.0000 762.6902 204.6486 868.1148 1.4073 1.7298 4.4089 -16.2306 4.1968 28.0395 1.6077 0.9436
Car -1 -1 -1.4958 826.6411 771.8748 905.6194 849.9803 1.5686 1.7362 3.6646 -2.4243 5.5697 38.8573 -1.5473 0.9254
Car -1 -1 -1.5432 859.3412 777.4028 919.6028 843.8096 1.5650 1.6820 3.5964 -2.1404 6.3725 45.3374 -1.5787 0.9139
Car -1 -1 2.0494 160.8551 769.9543 319.4965 853.5641 1.4195 1.6434 3.9461 -16.4440 4.9420 34.3171 1.6012 0.6993
Car -1 -1 2.0342 115.7798 747.4716 246.4010 813.5602 1.5294 1.7253 4.2762 -23.2439 5.3723 44.7343 1.5564 0.3681
Car -1 -1 1.9524 300.9872 782.7912 416.7979 853.2070 1.4638 1.6393 3.9741 -16.8418 6.1086 42.0021 1.5746 0.3433
