Pedestrian -1 -1 1.3328 1167.1653 751.0119 1254.5433 952.4145 1.7513 0.6607 0.7270 2.3022 2.9516 13.8556 1.5248 0.7620
Pedestrian -1 -1 1.1920 1405.7272 704.3176 1599.0334 1125.4003 1.7126 0.6285 0.6790 2.3548 2.0804 6.5716 1.6229 0.7292
Pedestrian -1 -1 1.5215 1043.4275 775.7610 1065.3643 835.1561 1.6898 0.6303 0.6491 2.7730 6.2197 44.5706 1.5981 0.6429
Pedestrian -1 -1 1.0880 1490.8409 634.5920 1799.0939 1216.0000 1.8661 0.6390 0.9284 2.1939 1.9011 4.9087 1.6472 0.4269
Cyclist -1 -1 -1.4697 961.5769 744.3942 1035.4819 886.4604 1.7243 0.8151 1.9137 0.5413 3.4703 20.8455 -1.4306 0.4652
Car -1 -1 -0.9828 0.0000 714.3570 606.7935 1216.0000 1.5352 1.7835 3.7786 -2.8214 2.0062 5.9471 -1.5270 0.9601
Car -1 -1 -1.4414 676.6987 767.6347 843.1527 918.2798 1.4704 1.7112 3.6846 -2.5822 3.5496 19.9388 -1.5673 0.9601
Car -1 -1 -1.3228 489.5034 766.1400 788.0501 1000.1723 1.4663 1.7775 3.6853 -2.7328 2.9194 13.5089 -1.5325 0.9494
Car -1 -1 -1.4815 807.2609 770.2862 900.4449 858.1351 1.5423 1.7709 3.7228 -2.4128 5.0688 34.3864 -1.5415 0.9214
Car -1 -1 -1.5263 844.8460 770.3332 915.3356 843.9783 1.5566 1.7147 3.7424 -2.1752 5.7146 40.8817 -1.5683 0.9117
Car -1 -1 -1.5165 851.9078 766.5726 917.9093 829.0247 1.4953 1.8039 3.9447 -2.3469 6.1178 46.8057 -1.5551 0.2718
Car -1 -1 1.9737 376.7310 764.4810 485.0260 825.8559 1.4563 1.6859 4.2894 -16.8345 6.1117 47.6781 1.6394 0.2455
Car -1 -1 2.1163 0.0000 741.2247 103.1462 836.3169 1.5221 1.7279 3.9888 -19.6918 4.0822 30.8935 1.5421 0.1386
