Pedestrian -1 -1 1.3432 1176.7634 749.3045 1267.7097 960.3497 1.7616 0.6717 0.6819 2.3012 2.8925 13.2448 1.5441 0.7692
Pedestrian -1 -1 1.5021 1043.9854 779.4868 1065.9579 839.4694 1.6882 0.6129 0.6036 2.7523 6.2642 43.9626 1.5792 0.5878
Pedestrian -1 -1 1.1893 1435.6027 683.3082 1663.4557 1163.2908 1.7578 0.6572 0.7813 2.3271 2.0084 5.9970 1.6607 0.5870
Pedestrian -1 -1 1.0073 1569.6685 591.2674 1936.0000 1216.0000 1.9170 0.6433 0.9104 2.2013 1.8324 4.2452 1.6646 0.4105
Cyclist -1 -1 -1.4927 963.3522 749.0733 1035.3608 891.3356 1.7330 0.8363 1.9036 0.5550 3.5549 20.9474 -1.4529 0.4720
Car -1 -1 -1.4357 666.0920 768.6376 839.6746 923.4963 1.4648 1.7262 3.7193 -2.6051 3.5151 19.4680 -1.5664 0.9632
Car -1 -1 -0.9216 0.0000 710.6125 574.4639 1216.0000 1.5307 1.8115 3.8044 -2.8722 1.9533 5.4353 -1.5289 0.9578
Car -1 -1 -1.3053 467.1094 765.6475 782.4812 1007.8566 1.4488 1.7661 3.6851 -2.7382 2.8507 13.0132 -1.5246 0.9568
Car -1 -1 -1.4855 803.9670 768.4860 898.9501 858.0770 1.5614 1.7996 3.6902 -2.4321 4.9965 33.9101 -1.5472 0.8924
Car -1 -1 -1.5175 841.0770 769.0681 914.2048 842.4027 1.5243 1.7288 3.7354 -2.2103 5.5939 40.3364 -1.5612 0.8717
Car -1 -1 2.0166 253.2764 768.4110 379.3828 835.7976 1.4555 1.7478 4.0668 -18.5394 5.7982 43.1833 1.6140 0.6138
Car -1 -1 -1.5459 847.2582 767.8177 910.1313 834.5551 1.5964 1.7962 3.9358 -2.5123 6.2063 46.2520 -1.5887 0.4817
Car -1 -1 2.0002 321.6227 763.0159 438.2303 827.4839 1.4109 1.6327 4.0032 -16.8574 5.6233 43.5596 1.6344 0.3402
Car -1 -1 2.0783 118.6340 758.0975 276.4919 835.5479 1.4829 1.7651 4.1725 -19.3147 5.0591 38.0334 1.6079 0.3141
