Pedestrian -1 -1 1.3814 1152.0757 751.7064 1228.8329 940.6500 1.7820 0.6502 0.7125 2.2819 3.0802 14.9486 1.5579 0.6914
Pedestrian -1 -1 1.2373 1348.2592 720.1558 1510.2310 1085.2561 1.7168 0.6258 0.6727 2.3471 2.2206 7.5607 1.6062 0.6866
Pedestrian -1 -1 1.5499 1042.7383 780.8615 1062.7178 837.9313 1.6600 0.6032 0.5979 2.7826 6.4418 45.5353 1.6253 0.6217
Pedestrian -1 -1 1.1224 1453.0750 656.3629 1706.3279 1190.9321 1.8736 0.6599 0.8084 2.3260 2.0026 5.7106 1.6193 0.5096
Cyclist -1 -1 -1.5051 958.2619 747.9706 1025.3853 891.7612 1.7254 0.7767 1.8823 0.4408 3.5002 20.5897 -1.4707 0.4504
Car -1 -1 -1.0564 0.0000 724.2686 643.7852 1216.0000 1.5352 1.7961 3.8341 -2.8108 2.1138 6.7541 -1.5285 0.9657
Car -1 -1 -1.4479 690.7227 772.7084 850.1353 919.4193 1.4810 1.7187 3.7668 -2.5525 3.7221 20.7865 -1.5662 0.9593
Car -1 -1 -1.3419 526.2902 766.8191 801.2888 985.6896 1.4650 1.7784 3.7097 -2.6856 3.0052 14.3423 -1.5342 0.9554
Car -1 -1 -1.5206 847.0018 773.2639 916.0453 845.3522 1.5443 1.6914 3.7730 -2.1818 5.8720 41.7273 -1.5616 0.9353
Car -1 -1 -1.4813 804.8696 770.5753 897.8318 858.9778 1.5775 1.7932 3.8394 -2.5165 5.1800 35.0369 -1.5429 0.8849
Car -1 -1 2.1814 0.0000 759.8569 100.5866 882.8872 1.4570 1.6823 4.3216 -16.2957 3.8776 24.6497 1.5854 0.8332
Car -1 -1 -1.5242 854.3252 772.1153 917.6560 833.7567 1.4910 1.7890 4.0265 -2.3661 6.4001 47.8465 -1.5620 0.2944
Car -1 -1 2.1459 86.4981 743.4776 254.7662 820.3202 1.4795 1.7888 4.0819 -19.6773 4.6147 37.4267 1.6602 0.1659
