Pedestrian -1 -1 1.3004 1236.8890 726.4843 1366.6919 1014.1681 1.7909 0.6829 0.7913 2.2573 2.4965 9.9885 1.5646 0.6978
Pedestrian -1 -1 1.6350 1033.6702 783.3606 1056.8782 845.7244 1.6205 0.5872 0.6413 2.3070 6.0063 41.0325 1.7055 0.5055
Pedestrian -1 -1 0.9144 1749.8511 523.0349 1936.0000 1216.0000 1.9370 0.6553 0.7838 2.2148 1.7434 3.2923 1.7750 0.3353
Cyclist -1 -1 -1.4744 961.7714 754.3644 1034.8851 901.6473 1.7539 0.7995 1.9004 0.5310 3.6196 20.5547 -1.4353 0.4684
Car -1 -1 -1.4109 603.7551 762.7842 812.9249 951.4098 1.5621 1.7495 3.8249 -2.7577 3.3149 17.0965 -1.5722 0.9520
Car -1 -1 -1.2672 322.9082 757.0080 733.7760 1065.0188 1.4627 1.7792 3.6390 -2.7952 2.5534 10.5111 -1.5530 0.9474
Car -1 -1 -0.4310 0.0000 629.6864 385.2476 1216.0000 1.6208 1.8280 4.0025 -2.8477 1.6364 2.8257 -1.5245 0.9353
Car -1 -1 -1.4691 774.4770 772.8221 882.1844 875.3255 1.6222 1.8187 3.8660 -2.7103 4.9078 31.2620 -1.5465 0.9202
Car -1 -1 -1.4806 813.9388 775.8034 899.2631 856.4321 1.5264 1.7588 3.9769 -2.5950 5.5517 37.8736 -1.5384 0.9194
Car -1 -1 -1.5226 834.2662 777.9609 902.3525 847.3218 1.5409 1.7558 3.8760 -2.6738 6.2145 43.7220 -1.5724 0.8617
Car -1 -1 2.0583 126.7663 767.9910 288.3287 852.8955 1.4407 1.6266 3.9464 -17.0681 4.8916 34.0744 1.5920 0.7703
Car -1 -1 2.1832 0.0000 742.9863 142.1967 847.2075 1.4395 1.7116 4.0247 -17.0079 3.7612 27.3509 1.6173 0.6745
Car -1 -1 1.9589 361.6964 777.6790 469.0752 842.5341 1.4934 1.7052 3.9764 -16.7201 6.3994 45.9967 1.6153 0.5148
Car -1 -1 1.9715 242.8879 768.3533 376.8717 844.2534 1.4303 1.6468 4.0830 -16.4458 5.2688 37.9669 1.5638 0.1745
