Pedestrian -1 -1 1.3160 1220.6404 733.1458 1335.2701 995.0347 1.7570 0.6725 0.6514 2.2395 2.5505 10.6337 1.5616 0.6599
Pedestrian -1 -1 1.6109 1033.8105 780.1472 1056.6426 843.4448 1.6612 0.5955 0.6695 2.3267 5.9976 41.4054 1.6814 0.5371
Pedestrian -1 -1 0.9549 1697.8339 600.1771 1936.0000 1216.0000 1.8142 0.6336 0.6439 2.2660 1.7591 3.7014 1.7308 0.4397
Cyclist -1 -1 -1.4673 961.1562 754.7319 1035.4161 901.1301 1.7281 0.7944 1.9241 0.5284 3.5911 20.4503 -1.4281 0.4863
Car -1 -1 -1.4181 617.5566 762.5845 817.1888 941.7737 1.5279 1.7360 3.7453 -2.7303 3.3125 17.5079 -1.5736 0.9561
Car -1 -1 -1.2752 346.5040 759.4426 739.4604 1054.1375 1.4537 1.7748 3.7475 -2.8319 2.6132 10.9958 -1.5502 0.9506
Car -1 -1 -0.5203 0.0000 632.8030 416.9249 1216.0000 1.6203 1.8250 4.0294 -2.8693 1.6479 3.1661 -1.5277 0.9418
Car -1 -1 -1.4848 783.6238 773.1092 885.3181 872.3715 1.5911 1.7807 3.8281 -2.6186 4.9182 31.6457 -1.5581 0.9164
Car -1 -1 -1.4849 819.8524 775.7634 901.7997 853.8613 1.5081 1.7280 3.8011 -2.5176 5.5608 38.2462 -1.5400 0.9135
Car -1 -1 -1.5346 835.9886 776.3547 903.3351 845.7983 1.5600 1.7973 3.9182 -2.6608 6.2321 44.1604 -1.5835 0.8909
Car -1 -1 1.9986 269.4975 768.9846 402.7934 839.5291 1.3743 1.6902 4.1682 -16.5783 5.4202 39.8785 1.6067 0.4871
Car -1 -1 2.1742 0.0000 751.7454 141.0019 855.8888 1.4141 1.6586 4.2305 -17.2312 3.9436 27.6765 1.6084 0.4792
Car -1 -1 1.9648 365.6486 771.3411 470.9192 833.7788 1.4621 1.6820 3.8923 -16.7547 6.1935 46.3290 1.6227 0.4727
Car -1 -1 2.0798 120.4097 755.2234 282.0817 838.3752 1.4534 1.6318 3.8411 -17.2820 4.6044 34.2056 1.6095 0.3004
