Pedestrian -1 -1 1.5375 1043.3722 776.5234 1064.4741 835.2884 1.6888 0.6214 0.6080 2.7813 6.2763 44.9293 1.6138 0.6765
Pedestrian -1 -1 1.2395 1375.3068 711.9425 1555.2717 1106.4742 1.7104 0.6336 0.7529 2.3539 2.1441 7.0552 1.6382 0.6741
Pedestrian -1 -1 1.3731 1161.7102 753.6081 1242.1470 947.8600 1.7566 0.6532 0.6858 2.2970 3.0199 14.3304 1.5582 0.6276
Pedestrian -1 -1 1.1097 1455.7968 652.4986 1736.4688 1216.0000 1.8500 0.6444 0.8941 2.1907 1.9557 5.2630 1.6266 0.4780
Cyclist -1 -1 -1.4846 962.5643 741.5941 1030.2800 883.0786 1.7146 0.7520 1.9172 0.5086 3.4129 20.7660 -1.4471 0.4200
Car -1 -1 -1.4489 680.0434 769.2809 844.5750 920.4485 1.4951 1.7371 3.7680 -2.5942 3.6350 20.2785 -1.5729 0.9589
Car -1 -1 -1.0057 0.0000 714.1471 622.2174 1216.0000 1.5460 1.7923 3.8427 -2.8352 2.0373 6.2688 -1.5220 0.9586
Car -1 -1 -1.3295 506.9207 766.2181 793.8340 995.3392 1.4867 1.7720 3.6407 -2.7070 2.9702 13.8445 -1.5313 0.9433
Car -1 -1 -1.5159 845.5051 771.4039 916.4221 844.1813 1.5410 1.7020 3.7791 -2.1690 5.7654 41.2191 -1.5573 0.9370
Car -1 -1 -1.4783 803.4792 770.4625 898.5804 858.9759 1.5502 1.8036 3.9278 -2.4986 5.1244 34.7289 -1.5401 0.8910
Car -1 -1 -1.5109 854.3650 767.5891 919.8903 830.5787 1.5285 1.7890 3.9342 -2.3014 6.2293 47.2786 -1.5479 0.1797
Car -1 -1 2.2132 0.0000 724.9196 75.6167 849.6453 1.5145 1.6985 4.0723 -16.0298 3.2256 23.5230 1.5999 0.1099
