Pedestrian -1 -1 1.3252 1192.7822 743.5035 1292.0167 972.3788 1.7600 0.6626 0.7079 2.2895 2.7596 12.2399 1.5419 0.7451
Pedestrian -1 -1 1.5496 1040.1366 782.2485 1061.3085 842.3144 1.6389 0.6026 0.6648 2.5681 6.1972 42.9740 1.6238 0.5636
Pedestrian -1 -1 1.1024 1513.1498 688.4310 1783.0840 1216.0000 1.7033 0.6346 0.7352 2.3288 1.9388 5.1480 1.6593 0.5406
Pedestrian -1 -1 0.8440 1685.5492 493.6647 1936.0000 1216.0000 1.9254 0.6820 1.0540 2.1701 1.6815 3.3413 1.6832 0.4773
Cyclist -1 -1 -1.4930 963.6408 751.7617 1037.0787 895.1425 1.7263 0.8468 1.9301 0.5659 3.5762 20.7982 -1.4524 0.5011
Cyclist -1 -1 0.8332 1675.5861 534.3521 1936.0000 1216.0000 1.9053 0.6635 1.0507 2.1569 1.7347 3.3698 1.6609 0.1436
Car -1 -1 -1.4321 651.2900 766.9877 831.6343 927.8185 1.4696 1.7213 3.6735 -2.6449 3.4255 18.7478 -1.5709 0.9621
Car -1 -1 -1.2918 429.9716 762.7129 771.5840 1020.8942 1.4454 1.7733 3.6935 -2.7504 2.7493 12.2659 -1.5277 0.9431
Car -1 -1 -0.7986 0.0000 689.0748 512.3698 1216.0000 1.5614 1.7930 3.6794 -2.8885 1.8381 4.5693 -1.5265 0.9380
Car -1 -1 -1.4844 798.5642 770.9401 897.5153 864.7072 1.5690 1.8106 3.8425 -2.4367 4.9824 33.0116 -1.5483 0.9262
Car -1 -1 -1.5109 836.9337 771.8560 911.2030 847.7266 1.5472 1.6994 3.6874 -2.2601 5.6151 39.5393 -1.5570 0.9222
Car -1 -1 -1.5525 844.6201 771.4423 907.7699 839.8972 1.5936 1.7970 4.0053 -2.5464 6.2520 45.5124 -1.5970 0.8755
Car -1 -1 2.0673 233.4640 765.5666 367.6925 835.5200 1.4972 1.7465 4.1001 -18.7484 5.7069 42.6367 1.6556 0.4016
Car -1 -1 2.0062 320.5923 758.5541 441.2477 824.5162 1.4299 1.6631 4.0413 -16.5683 5.4492 42.8972 1.6408 0.3678
Car -1 -1 2.1307 120.0144 749.8232 290.6722 829.3539 1.4386 1.7217 4.1350 -18.0374 4.6168 35.9071 1.6635 0.2504
