Pedestrian -1 -1 1.2951 1215.4012 732.6848 1323.3029 988.1253 1.7870 0.6517 0.6241 2.2675 2.6074 11.0591 1.5336 0.6411
Pedestrian -1 -1 1.5555 1029.6749 784.7585 1050.6466 846.5693 1.6468 0.5830 0.6569 2.2131 6.1691 41.9616 1.6225 0.5208
Pedestrian -1 -1 1.0675 1657.0176 616.4787 1936.0000 1216.0000 1.7965 0.6360 0.6336 2.3081 1.7758 4.0589 1.7817 0.3603
Pedestrian -1 -1 0.7105 1896.9674 479.0358 1936.0000 1216.0000 1.9064 0.7238 0.8687 2.1352 1.7117 2.5016 1.7997 0.1909
Pedestrian -1 -1 -2.7911 810.5037 794.5436 854.4041 864.0994 1.2367 0.5028 0.7039 -2.4589 4.5161 28.5713 -2.8685 0.1121
Cyclist -1 -1 -1.4835 962.4373 755.4979 1035.2964 901.7543 1.7362 0.8101 1.9168 0.5384 3.6178 20.5436 -1.4439 0.5098
Car -1 -1 -1.4266 629.3990 766.9472 821.0610 940.0869 1.5031 1.7278 3.7141 -2.7060 3.3802 17.8999 -1.5766 0.9567
Car -1 -1 -1.2790 379.3306 762.1954 750.6534 1044.9468 1.4667 1.7631 3.7110 -2.8121 2.6924 11.4680 -1.5392 0.9533
Car -1 -1 -0.6216 0.0000 645.6125 457.4332 1216.0000 1.6253 1.8306 3.9623 -2.8951 1.7039 3.6508 -1.5204 0.9452
Car -1 -1 -1.4758 787.2700 770.9904 891.5135 870.3098 1.6110 1.8210 3.8922 -2.5423 4.9309 32.0156 -1.5456 0.9286
Car -1 -1 -1.4903 825.5085 775.9789 905.4709 853.6333 1.5183 1.7184 3.7990 -2.4252 5.6170 38.6468 -1.5422 0.9278
Car -1 -1 -1.5366 839.2571 776.6923 904.2767 846.9077 1.6121 1.7552 3.7741 -2.6187 6.3160 44.4429 -1.5840 0.8196
Car -1 -1 2.0663 129.4667 754.1870 291.4874 835.7985 1.4326 1.6431 4.0372 -17.3462 4.6149 34.7659 1.6014 0.5939
Car -1 -1 2.0582 213.2113 759.7827 353.9340 832.7745 1.5268 1.7595 4.2559 -18.7202 5.4689 41.5241 1.6365 0.3669
Car -1 -1 1.9498 374.1675 765.5204 478.7130 826.6321 1.4505 1.6753 4.1585 -16.8559 6.0999 47.3310 1.6127 0.2362
Car -1 -1 2.1100 55.4882 751.0698 233.7874 836.4307 1.5273 1.7756 4.2076 -19.1056 4.6785 35.2128 1.6104 0.2095
Car -1 -1 2.1809 0.0000 749.7667 186.1072 844.8145 1.3775 1.6222 4.1370 -17.2220 4.0071 29.3708 1.6434 0.1250
