Pedestrian -1 -1 1.3665 1187.1050 742.7195 1281.6255 966.5922 1.7777 0.6623 0.7840 2.3037 2.8080 12.6833 1.5766 0.7653
Pedestrian -1 -1 1.1453 1473.7601 697.4740 1715.5812 1188.0465 1.6540 0.6365 0.7081 2.3135 1.9411 5.5349 1.6574 0.6297
Pedestrian -1 -1 0.8620 1626.5991 586.6163 1936.0000 1216.0000 1.9030 0.6797 0.9875 2.2046 1.8204 3.7336 1.6159 0.4913
Pedestrian -1 -1 1.5461 1040.8086 779.5287 1061.8043 839.0225 1.6419 0.6014 0.6550 2.6100 6.1641 43.3927 1.6206 0.4791
Cyclist -1 -1 -1.5031 963.3510 750.8911 1035.7372 894.1000 1.7364 0.8562 1.9334 0.5573 3.5832 20.9121 -1.4631 0.4990
Cyclist -1 -1 0.8602 1612.4659 620.4493 1936.0000 1216.0000 1.8852 0.6616 0.9987 2.1824 1.8755 3.7763 1.5990 0.1247
Car -1 -1 -1.4309 656.9696 766.7094 836.0919 926.6097 1.4824 1.7294 3.7430 -2.6260 3.4683 19.0665 -1.5660 0.9576
Car -1 -1 -0.8523 0.0000 693.9294 539.4964 1216.0000 1.5678 1.8139 3.7940 -2.9167 1.8867 4.9723 -1.5258 0.9459
Car -1 -1 -1.3004 454.3446 761.4903 778.3930 1009.0959 1.4554 1.7715 3.6123 -2.7307 2.7810 12.6689 -1.5261 0.9430
Car -1 -1 -1.5118 838.7747 771.0441 912.2484 845.2007 1.5291 1.7050 3.6972 -2.2505 5.6229 40.0297 -1.5569 0.9242
Car -1 -1 -1.4942 799.3072 768.0986 895.8995 859.8130 1.5673 1.8265 3.8129 -2.4821 4.9550 33.4606 -1.5585 0.8565
Car -1 -1 -1.5472 850.6057 771.1355 913.6851 837.9354 1.5783 1.7912 3.8631 -2.3824 6.2475 45.8016 -1.5876 0.7968
Car -1 -1 2.0460 239.1467 768.9601 368.5663 838.5020 1.4949 1.7261 4.0229 -18.7135 5.8130 42.7608 1.6363 0.5983
Car -1 -1 2.0146 316.5547 760.4300 437.9893 826.6642 1.4445 1.6765 4.0582 -16.8077 5.5528 43.2437 1.6472 0.3346
Car -1 -1 2.1336 115.1568 748.4401 284.7921 827.5389 1.4417 1.6914 4.1579 -18.2731 4.6029 36.1170 1.6635 0.1799
