Pedestrian -1 -1 1.2991 1202.7946 735.0438 1304.3641 976.5535 1.7905 0.6423 0.6751 2.2877 2.6826 11.7600 1.5247 0.6369
Pedestrian -1 -1 1.0734 1579.2935 646.2832 1878.1659 1216.0000 1.7463 0.6220 0.6934 2.3259 1.8177 4.6070 1.7014 0.5243
Pedestrian -1 -1 0.7299 1778.5500 510.0498 1936.0000 1216.0000 1.9709 0.6664 0.9514 2.1764 1.7827 2.9579 1.6736 0.4528
Pedestrian -1 -1 1.5536 1029.2836 783.1154 1050.1268 844.1238 1.6531 0.5884 0.6422 2.2330 6.1952 42.5959 1.6203 0.4298
Pedestrian -1 -1 1.5923 1050.1829 784.8416 1071.5864 844.2533 1.5859 0.5798 0.7304 2.8285 6.1658 42.4284 1.6736 0.1034
Cyclist -1 -1 -1.5117 961.6998 753.3718 1034.0594 900.0527 1.7492 0.8568 1.9209 0.5259 3.6030 20.5799 -1.4729 0.5298
Car -1 -1 -1.4243 637.8591 764.5327 827.1529 936.9810 1.5293 1.7216 3.8130 -2.6727 3.4124 18.2597 -1.5690 0.9606
Car -1 -1 -1.2839 403.7902 764.6331 755.1606 1033.3177 1.4587 1.7540 3.6128 -2.8211 2.7391 11.8661 -1.5349 0.9534
Car -1 -1 -0.7127 0.0000 668.9444 491.2542 1216.0000 1.5917 1.8227 3.8775 -2.8880 1.7707 4.0960 -1.5213 0.9455
Car -1 -1 -1.4892 830.6370 774.0343 908.6329 849.5416 1.5077 1.6984 3.6684 -2.3471 5.5898 39.0720 -1.5384 0.9218
Car -1 -1 -1.4818 791.4095 770.4062 893.3889 867.8405 1.6119 1.8318 3.8654 -2.5198 4.9661 32.5209 -1.5495 0.9198
Car -1 -1 -1.5435 842.6410 776.8967 907.1071 845.3500 1.5646 1.7783 3.9012 -2.5505 6.3262 44.8804 -1.5889 0.8789
Car -1 -1 2.0555 230.0312 744.2811 412.1250 838.5776 1.4645 1.6705 4.2658 -13.1340 4.1123 30.9733 1.6515 0.5308
Car -1 -1 2.0747 224.0149 764.9708 364.3424 836.3189 1.4950 1.7697 4.2435 -18.6993 5.6468 42.1335 1.6593 0.3128
Car -1 -1 2.1321 77.1211 752.3511 251.1642 833.2903 1.4382 1.7347 4.0236 -18.6262 4.6107 35.1562 1.6425 0.2975
Car -1 -1 2.0150 320.0198 757.9951 443.6365 824.6575 1.4221 1.6273 4.2027 -16.4552 5.4134 42.6851 1.6501 0.1484
