Pedestrian -1 -1 1.5536 1042.3752 772.9701 1067.1565 844.8433 1.6457 0.5888 0.6169 2.2440 5.2334 35.9082 1.6307 0.5588
Pedestrian -1 -1 1.0541 1536.2451 648.3983 1846.7653 1216.0000 1.7656 0.6125 0.7633 2.1681 1.8432 4.5268 1.6600 0.5252
Cyclist -1 -1 -1.4238 952.8022 748.5754 1032.5562 893.6364 1.7279 0.8023 1.8822 0.4536 3.5070 20.5138 -1.3888 0.4848
Car -1 -1 -1.3295 440.2020 752.8652 765.0772 1005.4736 1.4706 1.7764 4.1059 -2.8605 2.7469 12.8542 -1.5622 0.9609
Car -1 -1 -1.0357 0.0000 718.4786 608.4913 1216.0000 1.4892 1.7233 3.4198 -2.8282 1.9997 6.4215 -1.5383 0.9512
Car -1 -1 -1.4749 794.6147 766.3315 887.0695 856.6723 1.5827 1.7056 3.7209 -2.6794 4.9741 33.9768 -1.5440 0.9379
Car -1 -1 -1.4978 817.0670 777.4044 893.7084 851.1212 1.4859 1.7192 3.6249 -2.7518 5.7018 39.5165 -1.5567 0.8147
Car -1 -1 2.1026 51.9587 748.8857 245.6680 840.0941 1.4551 1.7503 4.1371 -17.0643 4.2532 31.6527 1.6035 0.6765
Car -1 -1 2.0125 260.8591 764.4716 386.6529 831.7861 1.4508 1.7397 4.0416 -18.1687 5.6388 42.8151 1.6138 0.4490
Car -1 -1 -1.4503 731.6343 763.0309 852.6536 871.5031 1.4991 1.7282 3.6816 -3.0079 4.1876 27.2499 -1.5533 0.1456
Car -1 -1 2.2214 0.0000 734.3198 63.9612 851.6559 1.4129 1.6919 4.0917 -16.4910 3.3166 23.9455 1.6038 0.1258
