Pedestrian -1 -1 1.2221 1343.3724 715.5596 1527.2555 1105.0812 1.7748 0.6744 0.7915 2.3228 2.2483 7.4061 1.5956 0.6614
Pedestrian -1 -1 1.5320 1049.6586 779.9136 1072.6991 845.5186 1.5921 0.5728 0.6877 2.5578 5.6020 38.3280 1.6134 0.4126
Pedestrian -1 -1 1.5746 1028.2467 782.3542 1049.5598 845.2818 1.5359 0.5364 0.6211 1.9993 5.6214 38.4735 1.6408 0.1229
Cyclist -1 -1 -1.4623 959.4398 757.7053 1032.1091 904.1055 1.7529 0.7786 1.9123 0.4998 3.6828 20.7279 -1.4249 0.4260
Car -1 -1 -1.1744 132.1448 741.8569 684.0954 1135.3330 1.4820 1.7388 3.5630 -2.8251 2.2892 8.5133 -1.5411 0.9637
Car -1 -1 -1.3748 550.9188 765.2432 795.4448 968.0710 1.4470 1.7242 3.6812 -2.7545 3.0354 15.0762 -1.5613 0.9551
Car -1 -1 -1.4670 806.3544 770.6317 895.3290 854.2462 1.5414 1.7229 3.7047 -2.6068 5.2367 36.0325 -1.5291 0.9487
Car -1 -1 -1.4590 759.3160 767.1447 872.2780 872.8682 1.5859 1.7675 3.6902 -2.7837 4.5528 29.3237 -1.5454 0.8996
Car -1 -1 2.2018 0.0000 745.9346 86.7139 863.8005 1.4570 1.7141 4.0664 -16.5732 3.6280 24.7673 1.5994 0.8875
Car -1 -1 2.1229 74.6532 758.3073 264.3234 847.7977 1.3867 1.6086 4.1541 -16.6195 4.3981 31.6319 1.6349 0.5976
Car -1 -1 -1.4910 829.7980 779.0596 903.7411 850.6324 1.5311 1.7340 3.6169 -2.5923 6.0207 41.7188 -1.5420 0.5110
Car -1 -1 2.0211 217.2443 764.4464 344.3875 833.7818 1.5342 1.7563 4.0555 -19.6617 5.7754 43.3986 1.5983 0.2674
Car -1 -1 2.1109 74.3041 756.0450 233.2002 831.9323 1.4567 1.7468 3.9204 -20.2071 4.9303 37.6108 1.6167 0.1106
