Pedestrian -1 -1 1.1894 1383.3024 691.8019 1601.4861 1161.5537 1.7596 0.6343 0.8215 2.1525 2.0537 6.1482 1.6178 0.6238
Pedestrian -1 -1 1.4949 1038.9764 776.1288 1063.5756 844.0334 1.6160 0.5747 0.6473 2.2456 5.4265 37.3563 1.5695 0.5312
Pedestrian -1 -1 1.5672 1066.4742 778.8508 1089.9550 844.2650 1.5507 0.5770 0.6007 2.9194 5.4247 37.3056 1.6604 0.4768
Cyclist -1 -1 -1.4858 956.7654 754.7235 1029.0197 902.8760 1.7456 0.8001 1.8626 0.4504 3.5922 20.2978 -1.4505 0.4632
Car -1 -1 -1.3679 511.9439 762.9553 776.6856 981.6100 1.4548 1.7302 3.7598 -2.8451 2.9404 14.2101 -1.5742 0.9611
Car -1 -1 -1.1250 8.5468 731.9312 651.0638 1176.2053 1.4881 1.7280 3.4987 -2.8537 2.1615 7.6357 -1.5431 0.9561
Car -1 -1 -1.4718 797.6454 770.0507 890.1889 856.5574 1.5514 1.7650 3.8365 -2.7113 5.1661 35.2947 -1.5386 0.9289
Car -1 -1 -1.4525 742.5914 760.8472 860.5762 871.2701 1.6217 1.7718 3.7054 -2.9650 4.3777 28.4438 -1.5488 0.8949
Car -1 -1 2.2071 0.0000 750.4513 77.3241 870.5139 1.4429 1.7603 4.1903 -16.6537 3.6793 24.5201 1.5977 0.8075
Car -1 -1 -1.4959 821.0325 779.1110 896.7476 852.2308 1.5329 1.7555 3.5762 -2.7461 5.9228 40.7658 -1.5523 0.6613
Car -1 -1 2.1295 32.8304 750.5318 224.9755 841.9225 1.4140 1.6366 3.8541 -16.8560 4.1414 30.5017 1.6189 0.3831
Car -1 -1 2.0629 232.0658 760.2603 365.5558 827.9676 1.5087 1.8476 4.1212 -19.3837 5.6801 43.9572 1.6503 0.1667
Car -1 -1 -1.3785 614.5848 760.3744 805.9556 921.3170 1.5205 1.7186 3.8219 -3.1237 3.4471 19.3285 -1.5384 0.1206
