Pedestrian -1 -1 1.2384 1279.2677 715.4857 1422.9990 1041.2917 1.8141 0.6531 0.7179 2.3032 2.3755 8.8994 1.5426 0.6267
Pedestrian -1 -1 1.5905 1034.2048 782.1249 1055.9474 843.1892 1.5426 0.5577 0.6488 2.2393 5.7764 39.9207 1.6609 0.4380
Cyclist -1 -1 -1.4224 962.4633 756.4749 1041.9294 902.1370 1.7338 0.7998 1.8828 0.5865 3.6349 20.6073 -1.3805 0.4302
Car -1 -1 -1.3979 582.8759 762.5063 805.4462 956.3558 1.5219 1.7488 3.7057 -2.7605 3.1856 16.2268 -1.5695 0.9531
Car -1 -1 -1.2232 243.1146 757.7151 716.8984 1101.0231 1.4611 1.7845 3.7129 -2.8336 2.4903 9.7049 -1.5400 0.9412
Car -1 -1 -1.4801 810.6001 773.2564 896.0928 854.9088 1.5322 1.7311 3.8703 -2.6263 5.4119 37.1468 -1.5403 0.9247
Car -1 -1 -1.5231 832.8787 777.2421 900.5777 848.0768 1.5530 1.7131 3.8061 -2.6685 6.1166 42.8910 -1.5741 0.8653
Car -1 -1 -1.4676 770.7109 773.4875 878.7424 873.5150 1.5506 1.7908 3.6447 -2.7197 4.7641 30.4990 -1.5478 0.8221
Car -1 -1 -0.1469 0.0000 0.0000 1936.0000 1216.0000 1.5779 1.8090 4.1111 -2.8701 1.5159 1.8837 -1.5354 0.7911
Car -1 -1 2.0950 101.4856 762.6512 272.3931 848.4771 1.4111 1.6107 3.8928 -16.9412 4.6268 32.9290 1.6168 0.5982
Car -1 -1 2.0248 214.8422 763.8024 357.4417 840.0595 1.4199 1.6635 3.9229 -16.6444 5.0480 37.0728 1.6030 0.3630
