Pedestrian -1 -1 1.2736 1257.0020 718.7125 1394.0675 1022.5964 1.7958 0.6734 0.7614 2.2872 2.4135 9.4609 1.5569 0.7572
Pedestrian -1 -1 1.6354 1032.2606 783.4846 1055.1471 844.2091 1.5531 0.5693 0.6454 2.2332 5.8833 40.4756 1.7049 0.4911
Pedestrian -1 -1 0.7729 1888.1963 502.2096 1936.0000 1216.0000 1.8718 0.6538 0.7088 2.1993 1.6812 2.7419 1.7927 0.1244
Pedestrian -1 -1 1.5768 1012.5953 786.7596 1033.2288 846.4154 1.5344 0.5459 0.5785 1.6682 5.9433 40.4284 1.6320 0.1057
Cyclist -1 -1 -1.4355 961.3235 757.7002 1039.5486 903.0008 1.7408 0.8101 1.9126 0.5670 3.6761 20.7800 -1.3948 0.4498
Car -1 -1 -1.4056 592.6108 765.3052 807.5375 953.7084 1.5080 1.7446 3.7357 -2.7697 3.2447 16.6268 -1.5730 0.9559
Car -1 -1 -1.2381 266.8231 761.2039 717.8862 1091.1266 1.4639 1.7962 3.7143 -2.8795 2.5525 10.0657 -1.5467 0.9437
Car -1 -1 -0.3207 0.0000 633.5523 318.3964 1216.0000 1.5900 1.8152 4.0144 -2.8800 1.6160 2.4358 -1.5313 0.9080
Car -1 -1 -1.4737 773.3657 771.6229 880.3798 874.5793 1.6130 1.7974 3.8569 -2.7102 4.8372 30.9171 -1.5522 0.9058
Car -1 -1 -1.4849 811.4042 775.8816 896.3301 855.9125 1.5082 1.7558 3.8602 -2.6392 5.4914 37.5004 -1.5447 0.8952
Car -1 -1 -1.5200 832.0834 777.9001 901.1409 848.4340 1.5716 1.7639 3.7399 -2.6980 6.1936 43.3055 -1.5710 0.8506
Car -1 -1 2.0884 103.9795 764.0945 274.8530 850.7177 1.4300 1.6213 3.9575 -17.0035 4.7036 33.1594 1.6118 0.6607
Car -1 -1 2.0257 210.4145 764.2858 353.3737 843.0411 1.4754 1.6482 3.9727 -16.7810 5.1250 37.1450 1.6017 0.5185
Car -1 -1 2.0419 359.1586 762.0933 478.1685 827.1124 1.4934 1.7174 4.0936 -16.4402 5.8659 45.5207 1.6998 0.1085
