Pedestrian -1 -1 1.1533 1438.1899 671.5149 1662.5009 1176.8557 1.7631 0.6164 0.6443 2.1887 1.9490 5.6214 1.6337 0.6218
Pedestrian -1 -1 1.5204 1040.3079 775.6956 1065.4994 845.1275 1.6326 0.5982 0.6488 2.2605 5.3908 36.9374 1.5962 0.6046
Pedestrian -1 -1 1.6297 1065.8252 777.8649 1091.6735 843.8672 1.5453 0.5937 0.5994 2.9038 5.3585 36.9371 1.7233 0.3037
Cyclist -1 -1 -1.4765 954.0869 753.7148 1027.0062 902.7717 1.7570 0.7916 1.8757 0.4189 3.5903 20.3031 -1.4429 0.4134
Car -1 -1 -1.0978 0.0000 728.3976 641.5907 1199.7999 1.4828 1.7227 3.4981 -2.8380 2.1083 7.2605 -1.5380 0.9593
Car -1 -1 -1.3484 485.4198 760.4327 775.6100 992.4677 1.4615 1.7576 4.0277 -2.8577 2.8954 13.8011 -1.5626 0.9580
Car -1 -1 -1.4735 796.6850 769.8319 888.7568 856.5123 1.5332 1.7350 3.8189 -2.7051 5.0986 34.8543 -1.5412 0.9459
Car -1 -1 -1.4522 738.1926 760.8080 858.4780 871.5818 1.5853 1.7680 3.7876 -2.9756 4.3039 28.0025 -1.5508 0.9266
Car -1 -1 2.2226 0.0000 744.0543 76.9111 862.6688 1.4273 1.7680 4.1662 -16.5874 3.5376 24.3670 1.6115 0.8252
Car -1 -1 -1.4832 819.6236 779.6696 898.2263 850.6631 1.4443 1.7639 3.6998 -2.7227 5.8283 40.4829 -1.5396 0.5053
Car -1 -1 2.0786 81.1711 752.4293 262.7561 839.7285 1.3936 1.6737 4.0331 -16.6880 4.2830 31.8479 1.5916 0.2441
Car -1 -1 2.0638 235.0093 762.0413 367.1552 828.4152 1.4807 1.8536 4.0657 -19.4039 5.7222 44.1490 1.6525 0.1794
