Pedestrian -1 -1 1.5434 1043.5876 773.2043 1067.9152 842.9915 1.6178 0.5822 0.6078 2.2932 5.2532 36.3391 1.6211 0.5570
Pedestrian -1 -1 1.1001 1500.3934 669.3743 1768.6649 1216.0000 1.7704 0.6182 0.6972 2.2116 1.9298 4.9867 1.6531 0.5036
Cyclist -1 -1 -1.4427 954.1672 753.9409 1028.5995 898.2829 1.7379 0.7744 1.8862 0.4399 3.6162 20.7747 -1.4085 0.4089
Car -1 -1 -1.3335 464.5155 757.5730 774.1363 1000.6528 1.4746 1.7748 4.1193 -2.8544 2.8482 13.4093 -1.5547 0.9599
Car -1 -1 -1.0645 0.0000 725.6252 623.6630 1216.0000 1.4892 1.7393 3.4855 -2.8481 2.0667 6.8042 -1.5387 0.9523
Car -1 -1 -1.4744 795.4849 768.6819 887.4577 857.3286 1.5597 1.7138 3.7682 -2.6991 5.0512 34.4066 -1.5429 0.9428
Car -1 -1 -1.4545 737.7740 759.9852 858.2573 870.9949 1.5758 1.7620 3.7311 -2.9479 4.2466 27.6861 -1.5534 0.9123
Car -1 -1 2.2323 0.0000 737.7387 58.2408 858.8333 1.4349 1.7618 4.1826 -16.5756 3.3913 23.8028 1.6095 0.7798
Car -1 -1 -1.5064 824.6376 779.1509 899.2117 852.7504 1.5066 1.7218 3.6215 -2.6162 5.8261 40.0573 -1.5608 0.7552
Car -1 -1 2.0071 281.5294 762.5145 404.8937 826.8187 1.4429 1.8174 4.1270 -18.3807 5.7479 44.6753 1.6202 0.2420
Car -1 -1 2.0896 65.1668 742.0382 253.9021 831.1564 1.4147 1.6600 4.1235 -16.6481 4.0290 31.2937 1.5955 0.1897
Car -1 -1 2.0709 185.5042 756.7038 330.5884 829.7834 1.5082 1.8025 4.1153 -18.9895 5.2717 40.5886 1.6344 0.1258
Car -1 -1 -1.3937 599.0938 758.6403 794.8343 926.7000 1.5205 1.7188 3.8117 -3.1430 3.3448 18.4863 -1.5630 0.1008
