Pedestrian -1 -1 1.2413 1326.8207 710.0850 1482.6670 1070.9828 1.7694 0.6339 0.6381 2.2993 2.2329 7.8109 1.5908 0.7176
Pedestrian -1 -1 1.5952 1048.3755 782.0596 1072.6980 846.5433 1.5768 0.6027 0.7085 2.5796 5.6973 38.8242 1.6763 0.3077
Cyclist -1 -1 -1.4685 959.7070 757.5468 1033.2201 905.1409 1.7773 0.8061 1.9078 0.5115 3.7118 20.8083 -1.4306 0.4430
Car -1 -1 -1.1756 160.7075 746.4266 695.6220 1124.9808 1.4761 1.7556 3.6087 -2.8402 2.3450 8.8528 -1.5281 0.9572
Car -1 -1 -1.3876 559.9670 765.3544 798.6267 968.2282 1.4838 1.7480 3.7331 -2.7533 3.1049 15.3918 -1.5695 0.9468
Car -1 -1 -1.4767 806.1865 770.9586 894.0052 854.4545 1.5460 1.7376 3.8054 -2.6487 5.2865 36.3684 -1.5392 0.9249
Car -1 -1 2.2058 0.0000 739.4474 96.3161 854.1041 1.4516 1.6750 4.0059 -16.5314 3.5249 25.0319 1.6096 0.8412
Car -1 -1 -1.5028 825.7064 779.2654 896.7375 851.0493 1.5556 1.7069 3.5630 -2.7618 6.0667 41.9096 -1.5576 0.8175
Car -1 -1 -1.4646 761.4944 768.5403 875.2451 873.4782 1.5824 1.8184 3.7445 -2.7601 4.6093 29.6210 -1.5491 0.8037
Car -1 -1 2.1233 79.1134 766.3597 267.9706 856.3514 1.3699 1.6137 4.0742 -16.4208 4.5387 31.4114 1.6377 0.6139
Car -1 -1 2.1020 29.3391 754.3361 189.5670 835.7021 1.5148 1.6774 3.6896 -20.1799 4.7568 35.6006 1.5838 0.2716
Car -1 -1 -0.0117 0.0000 0.0000 1936.0000 1216.0000 1.5316 1.7584 3.8264 -2.7944 1.4735 1.5590 -1.5096 0.1257
Car -1 -1 2.0150 246.5888 765.2164 368.9849 830.3314 1.4783 1.7697 4.1053 -19.5890 5.8979 45.0175 1.6078 0.1102
