Pedestrian -1 -1 1.5730 1040.1879 776.1241 1063.7963 842.6943 1.6022 0.5861 0.6344 2.2997 5.4661 37.8705 1.6482 0.5802
Pedestrian -1 -1 1.2445 1371.0558 689.8734 1563.1775 1118.5078 1.8002 0.6573 0.7797 2.2802 2.1145 6.8197 1.6467 0.4389
Cyclist -1 -1 -1.4607 957.3005 754.3677 1031.5337 900.0977 1.7386 0.7944 1.8847 0.4781 3.6070 20.5912 -1.4244 0.4318
Car -1 -1 -1.3640 528.7765 761.9441 786.0765 971.8624 1.4498 1.7299 3.7467 -2.8195 2.9663 14.6667 -1.5613 0.9602
Car -1 -1 -1.1480 61.7122 735.5764 668.5473 1163.5476 1.5067 1.7437 3.5837 -2.8390 2.2347 8.0207 -1.5418 0.9586
Car -1 -1 -1.4732 803.7513 770.2490 893.2273 855.5710 1.5510 1.7246 3.7796 -2.6320 5.2013 35.6377 -1.5369 0.9402
Car -1 -1 -1.4623 754.5867 765.6241 870.3466 873.1122 1.5931 1.8008 3.6717 -2.8025 4.4844 28.8712 -1.5510 0.8603
Car -1 -1 -1.4963 822.6785 779.2469 897.5948 852.0825 1.5508 1.7605 3.5547 -2.7448 5.9922 41.2379 -1.5518 0.8410
Car -1 -1 2.2035 0.0000 746.5173 88.8605 864.0125 1.4457 1.7065 4.0751 -16.5191 3.6252 24.7358 1.6021 0.8153
Car -1 -1 2.1215 43.4009 747.0751 226.6302 837.2289 1.4288 1.5830 3.7375 -16.8800 4.0968 30.7548 1.6140 0.3075
Car -1 -1 2.0394 248.8673 762.0384 376.6110 829.0580 1.5058 1.8023 4.0987 -19.1301 5.7619 44.3083 1.6349 0.1712
