Pedestrian -1 -1 1.2596 1299.5596 723.9510 1451.8220 1065.1234 1.7737 0.6571 0.7245 2.2964 2.3513 8.3540 1.5842 0.5990
Pedestrian -1 -1 1.5635 1047.4637 782.2150 1069.4799 845.3893 1.5598 0.5718 0.7547 2.5569 5.7357 39.2988 1.6431 0.4336
Cyclist -1 -1 -1.4557 959.2131 757.6791 1034.6650 905.6504 1.7767 0.8064 1.9288 0.5184 3.7128 20.7914 -1.4175 0.3918
Car -1 -1 -1.1986 200.1351 752.8068 707.0777 1114.0334 1.4683 1.7800 3.6964 -2.8466 2.4238 9.2909 -1.5330 0.9558
Car -1 -1 -1.3871 571.4930 766.0494 800.0960 961.4764 1.4883 1.7324 3.6459 -2.7822 3.1576 15.8579 -1.5647 0.9528
Car -1 -1 -1.4775 808.0058 772.1582 893.6939 854.6677 1.5396 1.7093 3.8297 -2.6611 5.3517 36.7721 -1.5395 0.9347
Car -1 -1 -1.5140 825.5731 779.3308 895.0755 850.1312 1.5482 1.7222 3.6265 -2.8222 6.1175 42.4324 -1.5694 0.8315
Car -1 -1 2.2023 0.0000 731.3265 120.1824 842.2256 1.4557 1.6539 3.9671 -16.3745 3.4166 25.5319 1.6199 0.7561
Car -1 -1 -1.4671 761.9240 771.9276 873.1523 875.2456 1.5694 1.8034 3.7339 -2.8108 4.7003 29.9606 -1.5521 0.6710
Car -1 -1 -0.0258 0.0000 0.0000 1936.0000 1216.0000 1.5672 1.7976 3.9918 -2.9306 1.4491 1.5593 -1.5272 0.4782
Car -1 -1 2.0185 195.0959 765.6912 339.7588 843.3112 1.4320 1.6935 3.8897 -16.9102 5.0667 36.6486 1.5861 0.3556
Car -1 -1 2.0749 85.1256 747.4936 264.5734 837.6541 1.4407 1.6149 3.9726 -16.3617 4.1738 31.3385 1.5891 0.2895
Car -1 -1 2.1505 14.0234 735.5069 192.8349 818.8210 1.6850 1.8919 4.3882 -21.9330 4.6957 38.4579 1.6305 0.1526
Car -1 -1 2.0172 275.5097 768.5255 396.3367 832.3523 1.4574 1.7905 4.1180 -19.0409 6.0515 45.7286 1.6265 0.1095
Car -1 -1 1.9635 344.3245 767.0184 457.6057 833.3898 1.4684 1.6676 4.0988 -16.4384 5.8551 44.0780 1.6106 0.1092
