Pedestrian -1 -1 1.5346 1051.8207 776.3367 1081.4333 859.5781 1.6371 0.5971 0.5928 2.1705 4.7929 30.8528 1.6201 0.5324
Pedestrian -1 -1 -1.5037 970.8423 750.0867 1030.9780 897.4224 1.7335 0.6701 1.5913 0.5407 3.4625 19.8275 -1.4631 0.1138
Cyclist -1 -1 -1.5004 964.9033 749.0726 1028.4454 898.2339 1.7408 0.6999 1.7210 0.4869 3.4618 19.8333 -1.4627 0.3975
Car -1 -1 -1.2182 147.0164 742.0793 700.9263 1146.4276 1.5208 1.8034 4.0280 -2.7935 2.3694 8.8116 -1.5669 0.9624
Car -1 -1 -1.4479 757.4647 772.2084 871.8840 874.5985 1.5291 1.7802 3.8112 -2.8536 4.6593 29.8410 -1.5349 0.9334
Car -1 -1 -1.4140 687.7925 762.7000 840.9828 899.0299 1.5800 1.7516 3.6870 -2.9339 3.8710 22.9901 -1.5363 0.9117
Car -1 -1 -0.1825 0.0000 642.9694 240.6016 1216.0000 1.5202 1.7228 3.7317 -2.8129 1.5678 2.0283 -1.5174 0.8666
Car -1 -1 2.2450 0.0000 734.4954 26.5321 861.6203 1.4777 1.7649 4.1229 -16.6446 3.3221 23.0768 1.6044 0.5359
Car -1 -1 2.1517 20.2915 768.1245 227.5799 866.8951 1.4223 1.6570 3.9914 -16.3952 4.4458 29.5211 1.6391 0.5167
Car -1 -1 -1.4792 805.0856 782.3815 895.3090 864.7292 1.4842 1.7831 3.4371 -2.5758 5.3923 35.3672 -1.5417 0.4021
Car -1 -1 2.0241 147.2232 768.8405 306.8523 856.4202 1.4716 1.6426 3.9966 -16.4409 4.9082 33.7037 1.5685 0.3007
Car -1 -1 1.3245 1340.2938 726.5500 1607.6831 934.4884 1.7045 1.9424 4.1074 5.4674 2.9726 16.5071 1.6811 0.1615
Car -1 -1 2.1203 82.1752 761.1974 247.4486 840.6743 1.5223 1.8037 4.1598 -20.1730 5.1880 38.0872 1.6327 0.1124
Car -1 -1 2.0393 328.1484 762.9976 450.0125 827.3779 1.5168 1.7792 4.4300 -18.0484 6.1059 47.3951 1.6800 0.1067
Car -1 -1 2.0360 212.9751 768.1918 346.8105 838.0869 1.5121 1.8349 4.1409 -19.5467 5.8438 43.0997 1.6128 0.1061
