Pedestrian -1 -1 1.5405 1045.2618 772.1788 1070.1420 844.1893 1.6297 0.5786 0.5782 2.2793 5.1447 35.3871 1.6196 0.5699
Pedestrian -1 -1 0.9259 1648.3323 627.0991 1936.0000 1216.0000 1.7831 0.6376 0.7488 2.3021 1.7895 3.9863 1.6521 0.5529
Cyclist -1 -1 -1.4421 954.3620 748.5054 1031.5481 893.5484 1.7269 0.7976 1.8849 0.4565 3.5032 20.4956 -1.4069 0.5127
Car -1 -1 -1.3194 431.3724 755.5287 765.6328 1012.1328 1.4537 1.7745 4.0462 -2.8278 2.7308 12.5828 -1.5551 0.9553
Car -1 -1 -1.0029 0.0000 715.4297 597.2559 1216.0000 1.4982 1.7374 3.4566 -2.8216 1.9725 6.0770 -1.5353 0.9518
Car -1 -1 -1.4800 793.0645 767.0775 886.4755 857.6920 1.5641 1.7209 3.7258 -2.6720 4.9371 33.5963 -1.5498 0.9355
Car -1 -1 -1.4416 729.8546 761.2867 856.4113 871.5471 1.5033 1.7668 3.7082 -2.9482 4.1288 26.9106 -1.5439 0.4674
Car -1 -1 -1.4877 821.2267 774.9605 901.1039 849.4905 1.4818 1.7470 3.7936 -2.5867 5.6271 39.3888 -1.5426 0.4421
Car -1 -1 2.0057 261.7159 764.1255 386.9677 831.6709 1.4600 1.7442 4.0559 -18.1751 5.6429 42.8701 1.6074 0.3823
Car -1 -1 2.1626 38.0111 743.9233 216.8309 824.3041 1.4635 1.7744 3.9876 -19.6183 4.4442 35.3895 1.6535 0.1419
