Pedestrian -1 -1 1.5104 1047.6038 778.8641 1077.0795 859.1653 1.6085 0.5916 0.5907 2.1202 4.8740 31.4153 1.5929 0.5266
Cyclist -1 -1 -1.4910 964.2050 754.1691 1030.2673 904.9863 1.7412 0.7080 1.8232 0.4961 3.5377 19.8355 -1.4528 0.4265
Car -1 -1 -1.2239 181.6035 741.8631 712.7617 1131.7990 1.5462 1.8211 4.0924 -2.8097 2.4286 9.2236 -1.5568 0.9624
Car -1 -1 -1.4537 764.7210 777.7407 875.4880 878.6271 1.5228 1.7663 3.7754 -2.7912 4.8152 30.2967 -1.5368 0.9378
Car -1 -1 -0.3810 0.0000 669.7899 323.9354 1216.0000 1.5047 1.7074 3.6672 -2.7850 1.6381 2.5810 -1.5362 0.9155
Car -1 -1 -1.4110 695.5269 768.7596 846.8710 900.7014 1.5493 1.7691 3.6511 -2.8941 3.9873 23.4812 -1.5284 0.8849
Car -1 -1 2.2021 0.0000 752.9500 136.5685 865.4781 1.4811 1.7113 3.9903 -16.5885 3.9144 26.3749 1.6307 0.6550
Car -1 -1 -1.4947 811.9131 785.6639 895.8676 868.6979 1.5129 1.7056 3.4859 -2.5226 5.5511 35.8066 -1.5546 0.4008
Car -1 -1 1.2975 1321.5184 724.6078 1593.7128 928.2394 1.7352 1.9630 4.2666 5.4734 3.0215 17.0940 1.6425 0.2671
Car -1 -1 2.0373 214.2473 775.0114 348.9195 845.8557 1.5143 1.8345 4.1910 -19.5168 6.0594 43.1448 1.6154 0.1320
Car -1 -1 2.0346 328.4037 767.2047 449.4024 831.8884 1.5148 1.7766 4.4004 -18.0337 6.2367 47.3394 1.6754 0.1318
Car -1 -1 2.1719 44.1804 768.5740 255.2066 870.2291 1.5051 1.7446 4.1041 -16.3038 4.6206 30.2962 1.6737 0.1108
Car -1 -1 2.1137 96.3572 767.3520 260.7733 848.9471 1.5761 1.8207 4.2682 -20.1475 5.4721 38.7121 1.6341 0.1097
