Pedestrian -1 -1 1.5201 1046.4917 779.5645 1075.3832 860.0507 1.6317 0.5921 0.5864 2.1151 4.9499 31.7813 1.6016 0.5792
Cyclist -1 -1 -1.4813 962.4047 754.7997 1030.0560 904.0614 1.7419 0.7216 1.8385 0.4889 3.5689 20.0760 -1.4438 0.3976
Car -1 -1 -1.2380 214.4968 743.5005 720.5123 1116.4165 1.5257 1.8073 4.1631 -2.8009 2.4486 9.5435 -1.5574 0.9597
Car -1 -1 -1.4118 698.7338 769.4092 847.2341 900.3588 1.5648 1.7628 3.6484 -2.9125 4.0479 23.8362 -1.5279 0.9316
Car -1 -1 -1.4582 766.4330 779.0776 876.6284 880.0403 1.5333 1.7851 3.8376 -2.7895 4.8884 30.5972 -1.5403 0.9291
Car -1 -1 -0.4981 0.0000 681.2752 361.7868 1216.0000 1.4978 1.6999 3.5373 -2.7887 1.6773 2.9696 -1.5428 0.9242
Car -1 -1 2.1933 0.0000 747.3708 146.0417 857.1245 1.4732 1.7155 4.0310 -16.6145 3.8314 26.7338 1.6275 0.6210
Car -1 -1 -1.4760 812.3460 781.9685 897.8516 864.8102 1.5390 1.7107 3.5879 -2.5424 5.5661 36.5191 -1.5350 0.4872
Car -1 -1 2.0169 222.4178 761.9522 360.9484 837.1530 1.5087 1.7209 4.1822 -17.7361 5.3525 39.8258 1.5993 0.3973
Car -1 -1 2.0388 295.7915 772.6010 424.4934 840.6436 1.5307 1.8570 4.3852 -18.3031 6.2742 45.7585 1.6626 0.1967
Car -1 -1 2.0647 150.2706 751.2620 320.2705 842.0274 1.5975 1.7173 4.2426 -16.6212 4.6934 34.4813 1.6137 0.1531
