Pedestrian -1 -1 1.5278 1043.8790 780.8870 1072.1599 858.9283 1.6087 0.5943 0.5946 2.0910 5.0170 32.3666 1.6073 0.5011
Cyclist -1 -1 -1.4774 960.7993 756.3757 1030.7842 906.0307 1.7488 0.7472 1.8632 0.4857 3.6064 20.1560 -1.4401 0.4747
Car -1 -1 -1.2583 264.5839 749.6748 728.7140 1093.1393 1.4709 1.7801 4.1059 -2.7789 2.4745 9.9650 -1.5604 0.9558
Car -1 -1 -1.4195 705.9661 767.7776 848.9160 896.6191 1.5765 1.7413 3.7059 -2.9080 4.0843 24.3636 -1.5325 0.9404
Car -1 -1 -0.6111 0.0000 691.0922 416.7538 1216.0000 1.5074 1.7048 3.5020 -2.8187 1.7410 3.4932 -1.5305 0.9272
Car -1 -1 -1.4687 771.2715 778.2578 877.6488 876.4039 1.5307 1.7924 3.7063 -2.7752 4.9067 31.0474 -1.5489 0.9004
Car -1 -1 2.0216 211.4030 769.3553 349.4834 844.6162 1.4869 1.6656 4.2238 -18.0552 5.5445 39.8707 1.5980 0.6122
Car -1 -1 -1.4858 813.5210 782.2205 896.4188 865.7487 1.5722 1.6962 3.6009 -2.5690 5.6388 36.8334 -1.5448 0.2899
Car -1 -1 1.9911 296.8618 777.3121 419.3790 845.1002 1.5167 1.8320 4.3459 -18.3076 6.3903 45.6089 1.6138 0.1755
Car -1 -1 2.1640 0.0000 738.3978 211.1405 836.5723 1.4134 1.5993 4.0959 -16.2179 3.7339 28.4770 1.6382 0.1334
Car -1 -1 2.0863 59.9019 760.9781 242.6410 850.7706 1.4757 1.7049 4.2140 -17.8186 4.6838 33.1335 1.5897 0.1044
