Pedestrian -1 -1 0.7913 1702.3170 578.1342 1936.0000 1216.0000 1.8496 0.6603 0.8452 2.1945 1.7580 3.3709 1.6270 0.6136
Pedestrian -1 -1 1.5473 1049.3296 772.4252 1073.8933 843.9182 1.5878 0.5644 0.5622 2.3282 5.0438 34.7358 1.6290 0.5518
Cyclist -1 -1 -1.4753 957.7411 747.0447 1029.3865 893.3202 1.7330 0.7747 1.8522 0.4592 3.4706 20.3048 -1.4397 0.4702
Car -1 -1 -1.3030 399.8359 755.9180 756.2479 1023.3723 1.4421 1.7825 4.0293 -2.8584 2.6787 12.0835 -1.5525 0.9550
Car -1 -1 -0.9486 0.0000 714.6919 572.1219 1216.0000 1.5145 1.7435 3.5106 -2.8156 1.9531 5.5200 -1.5371 0.9473
Car -1 -1 -1.4729 792.4565 766.8648 887.7857 860.1173 1.5801 1.6995 3.7439 -2.6150 4.8934 33.0059 -1.5425 0.9386
Car -1 -1 -1.4430 725.6913 762.9377 856.1659 879.3091 1.5429 1.7764 3.8320 -2.9200 4.1550 26.3602 -1.5466 0.8785
Car -1 -1 -1.4922 822.2859 777.6830 901.5258 855.1240 1.5298 1.7255 3.7518 -2.5370 5.7000 38.9214 -1.5466 0.5565
Car -1 -1 2.0014 246.2615 762.4590 375.6504 832.7430 1.4874 1.7463 4.1362 -18.1377 5.5350 41.9131 1.5952 0.3619
Car -1 -1 1.9977 312.2774 763.4386 430.7272 827.1763 1.4745 1.7917 4.2350 -18.1272 5.9525 46.1720 1.6277 0.1726
Car -1 -1 2.1657 28.1361 743.1831 212.5870 824.8742 1.4616 1.7701 4.1012 -19.5603 4.3976 35.0020 1.6529 0.1136
