Pedestrian -1 -1 1.4949 1038.8473 784.4151 1066.5989 861.2743 1.6303 0.5804 0.6172 2.0342 5.2165 33.3115 1.5707 0.5106
Cyclist -1 -1 -1.5023 960.3350 757.3210 1027.6539 906.4158 1.7623 0.7659 1.8270 0.4639 3.6447 20.3097 -1.4663 0.4300
Car -1 -1 -1.2751 327.6666 753.2648 737.1306 1056.6897 1.4476 1.7717 3.9809 -2.8364 2.5495 10.8339 -1.5554 0.9485
Car -1 -1 -1.4602 780.2368 774.0797 883.0739 872.0086 1.5791 1.7376 3.7694 -2.6977 4.9483 31.8603 -1.5355 0.9438
Car -1 -1 -0.7724 0.0000 703.9870 484.3612 1216.0000 1.5152 1.7179 3.4929 -2.8480 1.8377 4.3208 -1.5333 0.9369
Car -1 -1 -1.4208 712.3284 767.8962 853.3518 890.0370 1.5299 1.7783 3.7819 -2.9153 4.1204 25.1660 -1.5300 0.8699
Car -1 -1 2.0445 171.4801 753.8204 325.2273 834.5095 1.4505 1.6569 3.9289 -16.6930 4.6587 35.2254 1.6005 0.4957
Car -1 -1 2.0186 227.4554 767.0113 361.4384 839.5613 1.4721 1.6820 4.1669 -18.0640 5.5420 40.7180 1.6030 0.4793
Car -1 -1 -1.4748 817.7724 782.4682 900.9196 862.9188 1.5334 1.7075 3.7720 -2.5344 5.7331 37.9389 -1.5307 0.3868
Car -1 -1 2.2817 0.0000 733.4410 23.7579 855.9373 1.4688 1.7348 4.1261 -17.1868 3.3505 23.8061 1.6415 0.3784
Car -1 -1 2.1530 0.0000 735.8264 193.9221 831.4573 1.4467 1.6922 4.1608 -17.2106 3.8039 29.6591 1.6199 0.1452
Car -1 -1 2.0538 356.1089 760.2303 476.9635 822.0894 1.4472 1.7555 4.3204 -17.0913 5.9183 47.1447 1.7107 0.1003
