Pedestrian -1 -1 1.5578 1048.9781 774.6483 1074.0695 846.2704 1.5723 0.5710 0.5651 2.3059 5.0464 34.3919 1.6396 0.5563
Pedestrian -1 -1 0.7172 1881.8379 542.3340 1936.0000 1216.0000 1.8467 0.6076 0.6911 2.2078 1.7138 2.7954 1.7204 0.1684
Cyclist -1 -1 -1.4730 957.4151 751.8268 1030.7368 899.5023 1.7402 0.7910 1.8569 0.4659 3.5431 20.2684 -1.4369 0.5066
Car -1 -1 -1.3010 380.8494 756.8442 749.2619 1033.4299 1.4311 1.7762 3.9690 -2.8393 2.6336 11.6346 -1.5598 0.9587
Car -1 -1 -0.9076 0.0000 714.4612 549.4625 1216.0000 1.4992 1.7242 3.4539 -2.8260 1.9166 5.2120 -1.5345 0.9508
Car -1 -1 -1.4658 786.3506 769.0682 884.8350 863.7390 1.5877 1.7271 3.7083 -2.6873 4.9207 32.6909 -1.5385 0.9407
Car -1 -1 -1.4419 727.1378 763.5059 856.0858 879.2858 1.5169 1.7292 3.7607 -2.8751 4.1075 26.0484 -1.5453 0.8801
Car -1 -1 -1.4844 810.2516 777.7783 890.9780 856.5428 1.5345 1.7052 3.6834 -2.7794 5.6327 38.2253 -1.5465 0.4606
Car -1 -1 2.2045 0.0000 744.1320 49.9116 856.1636 1.4841 1.7334 4.1255 -18.1852 3.7476 26.3115 1.5885 0.2462
Car -1 -1 2.0201 235.1432 767.2170 366.8229 838.5457 1.4827 1.7087 4.1361 -18.2597 5.6374 41.5587 1.6083 0.2402
Car -1 -1 2.0969 52.6882 740.1704 243.3324 830.1564 1.4331 1.6235 4.2192 -16.9448 4.0180 31.4037 1.5968 0.1192
