Pedestrian -1 -1 1.5282 1041.9121 780.7453 1070.0142 858.0802 1.6137 0.5978 0.5898 2.0703 5.0576 32.7413 1.6062 0.6115
Cyclist -1 -1 -1.4825 958.1107 756.4206 1027.8827 906.7594 1.7643 0.7571 1.8546 0.4491 3.6267 20.2086 -1.4472 0.4209
Car -1 -1 -1.2636 282.3809 751.5822 728.2510 1080.5377 1.4648 1.7882 4.0590 -2.8294 2.5073 10.2679 -1.5606 0.9536
Car -1 -1 -1.4544 776.2188 774.2155 881.4402 871.8768 1.5493 1.7418 3.7002 -2.7139 4.8690 31.3647 -1.5316 0.9371
Car -1 -1 -0.6935 0.0000 694.7959 455.3928 1216.0000 1.5124 1.7076 3.4626 -2.8047 1.7757 3.8683 -1.5307 0.9358
Car -1 -1 -1.4221 707.1067 766.5607 848.4343 892.6439 1.5649 1.7531 3.7548 -2.9504 4.0906 24.7552 -1.5349 0.9275
Car -1 -1 2.0296 219.2343 768.4832 354.3565 841.6154 1.4627 1.6408 4.1421 -18.0669 5.5302 40.2625 1.6095 0.5617
Car -1 -1 -1.4789 804.6506 778.9344 889.1008 858.9850 1.5137 1.7274 3.6081 -2.7904 5.5269 37.1350 -1.5436 0.2946
Car -1 -1 2.0481 170.1543 745.5515 324.4389 826.5931 1.4662 1.6067 4.0090 -16.6689 4.4640 35.1278 1.6033 0.2892
Car -1 -1 2.1144 26.1313 743.7016 222.0380 837.4192 1.4259 1.5942 3.9795 -16.5928 3.9588 29.8697 1.6008 0.1665
Car -1 -1 2.0375 372.4926 764.5634 488.7315 827.5901 1.4943 1.7344 4.2503 -16.7853 6.1400 47.5214 1.7031 0.1630
Car -1 -1 1.9937 437.5359 769.4975 551.4503 835.4390 1.5576 1.7917 4.4142 -14.8189 6.3955 47.7299 1.6988 0.1142
Car -1 -1 2.0472 286.0396 773.1339 411.2641 838.1697 1.4623 1.7927 4.2258 -18.6709 6.2175 45.7840 1.6641 0.1138
