Pedestrian -1 -1 1.5698 1049.3125 779.2375 1075.1193 854.7653 1.6259 0.5736 0.5809 2.2827 5.1449 33.7841 1.6522 0.4445
Pedestrian -1 -1 -2.1519 951.0647 755.7361 1049.9108 903.8427 1.7918 0.6978 1.3919 0.5170 3.6306 20.2403 -2.1130 0.1088
Pedestrian -1 -1 0.0438 1046.6642 788.8852 1070.5044 832.6447 1.1992 0.5720 0.6636 2.8481 6.0311 43.7393 0.1234 0.1071
Cyclist -1 -1 -1.4785 959.5699 756.3796 1031.3854 905.8998 1.7599 0.7816 1.8348 0.4838 3.6247 20.2505 -1.4414 0.4868
Car -1 -1 -1.2932 355.2297 753.5154 745.3444 1048.1859 1.4687 1.7918 4.0270 -2.8278 2.6094 11.2412 -1.5612 0.9531
Car -1 -1 -1.4629 785.5406 774.2954 886.0812 869.9980 1.5678 1.7337 3.7541 -2.6526 4.9909 32.3581 -1.5353 0.9475
Car -1 -1 -0.8440 0.0000 713.6702 522.6596 1216.0000 1.4836 1.7167 3.5149 -2.8229 1.8717 4.7499 -1.5329 0.9394
Car -1 -1 -1.4304 720.3491 766.8207 854.2631 886.0732 1.5351 1.7439 3.7531 -2.9059 4.1540 25.6907 -1.5366 0.9226
Car -1 -1 -1.4885 815.8112 781.9937 897.1082 859.6486 1.4809 1.7199 3.7514 -2.6189 5.6810 38.0860 -1.5465 0.6580
Car -1 -1 2.0257 222.1194 768.9836 356.3166 840.6367 1.4593 1.6918 4.1638 -18.3596 5.6187 41.0589 1.6072 0.5670
Car -1 -1 2.2241 0.0000 740.7003 59.5834 852.6486 1.4654 1.7399 4.1533 -17.8894 3.6461 26.0505 1.6107 0.2008
Car -1 -1 2.1200 6.6055 743.7875 210.3246 836.3669 1.4505 1.7182 4.2562 -17.5968 4.0947 31.1085 1.5995 0.1296
