Pedestrian -1 -1 1.5158 1066.1478 771.4482 1101.3356 872.3932 1.6758 0.5882 0.6445 2.1361 4.2695 26.1323 1.6136 0.5516
Pedestrian -1 -1 0.2398 224.8796 759.6870 264.5658 836.7571 1.7556 0.7588 0.7032 -17.2731 5.0460 36.0619 -0.2075 0.1918
Pedestrian -1 -1 0.0796 256.6965 757.4780 290.3456 835.6426 1.8223 0.7913 0.6959 -17.0209 5.1482 37.0227 -0.3511 0.1623
Pedestrian -1 -1 0.0488 259.2231 765.2537 296.3054 838.6990 1.6590 0.7041 0.7797 -16.4722 5.0870 36.0529 -0.3799 0.1051
Cyclist -1 -1 -1.5263 966.8895 757.8318 1036.0145 916.9550 1.7849 0.7852 1.9130 0.5428 3.5980 19.4102 -1.4848 0.4963
Car -1 -1 -0.9082 0.0000 715.4971 556.6805 1216.0000 1.5080 1.8274 3.7894 -2.7988 1.9262 4.9957 -1.5580 0.9545
Car -1 -1 -1.4453 727.4042 772.3371 856.6795 891.6998 1.5441 1.7370 3.8160 -2.8645 4.3010 26.0346 -1.5481 0.9544
Car -1 -1 -1.3655 604.7415 767.4778 810.2785 937.7259 1.5771 1.8218 3.7636 -3.0958 3.5706 18.9890 -1.5268 0.9012
Car -1 -1 -2.0066 1423.7266 728.2882 1869.1548 1021.4967 1.7844 1.9483 4.2041 5.5141 2.8113 12.7262 -1.5458 0.8256
Car -1 -1 2.2094 0.0000 748.0133 63.8174 867.4377 1.4463 1.7863 4.1651 -16.9082 3.6402 24.5471 1.5932 0.4127
Car -1 -1 -1.4394 770.9655 775.9412 883.4896 868.6115 1.4699 1.8792 3.8654 -2.8114 4.9175 32.1545 -1.5175 0.3936
