Pedestrian -1 -1 1.5544 1065.9871 768.3569 1097.6376 860.9099 1.6324 0.5786 0.6175 2.2350 4.3246 27.7331 1.6507 0.3292
Pedestrian -1 -1 0.2936 181.8664 744.7384 228.4533 829.3209 1.8739 0.7385 0.7881 -17.5836 4.6966 34.7909 -0.1764 0.2621
Pedestrian -1 -1 -2.1978 355.8032 763.5977 401.9018 843.2106 1.8785 0.7611 0.7953 -14.6760 5.4236 37.6873 -2.5672 0.1574
Cyclist -1 -1 -1.5457 975.1766 743.9432 1037.6866 895.5585 1.7471 0.7494 1.8596 0.6132 3.3900 19.6839 -1.5010 0.4916
Car -1 -1 -1.0402 0.0000 716.6296 608.5551 1216.0000 1.5160 1.7908 3.7278 -2.8239 2.0131 6.2280 -1.5587 0.9639
Car -1 -1 -1.4538 741.8686 762.6481 865.4720 874.4134 1.5381 1.7722 3.9020 -2.8086 4.2442 27.4074 -1.5486 0.9033
Car -1 -1 -1.9597 1396.6194 724.3740 1752.6984 971.4114 1.7104 1.8086 3.9514 5.4917 2.7729 13.9704 -1.5393 0.8624
Car -1 -1 -1.4070 651.1509 757.6688 824.3998 907.4306 1.5430 1.7571 3.5873 -2.9514 3.5184 20.4357 -1.5483 0.5624
Car -1 -1 2.2173 0.0000 738.6760 142.2853 846.0865 1.4371 1.7072 4.2516 -16.8263 3.6439 26.8211 1.6468 0.4340
Car -1 -1 -1.4544 779.3990 772.0850 883.2990 862.1696 1.5095 1.8349 3.6515 -2.8053 4.9411 33.0041 -1.5299 0.3523
