Pedestrian -1 -1 1.5521 1070.0933 764.6281 1104.0140 865.6523 1.7318 0.6039 0.7165 2.2759 4.2971 27.0732 1.6521 0.3703
Pedestrian -1 -1 0.0995 216.5696 743.0892 260.5406 815.4224 1.6602 0.7454 0.8968 -17.6204 4.5829 36.4760 -0.3518 0.1129
Cyclist -1 -1 -1.5632 972.3511 747.5157 1034.9832 902.0432 1.7572 0.7740 1.8692 0.5711 3.4318 19.4707 -1.5204 0.5328
Car -1 -1 -0.9742 0.0000 713.0403 588.2542 1216.0000 1.5300 1.8142 3.7696 -2.8362 1.9778 5.6924 -1.5470 0.9599
Car -1 -1 -1.4481 736.2228 766.9426 862.5096 881.1127 1.5259 1.7540 3.8852 -2.8245 4.2615 26.8373 -1.5458 0.9338
Car -1 -1 -1.3897 630.5143 758.1652 820.0980 921.7701 1.6048 1.7929 3.7607 -2.9887 3.5290 19.6848 -1.5390 0.8037
Car -1 -1 1.1591 1403.4009 712.9796 1809.4355 984.6399 1.8048 1.9162 4.2410 5.5199 2.7245 13.4701 1.5964 0.6769
Car -1 -1 2.2269 0.0000 742.9258 83.1352 857.2852 1.4181 1.7015 4.1641 -16.8600 3.5626 25.0487 1.6219 0.4143
Car -1 -1 -1.4300 778.6459 771.4197 888.5461 863.2048 1.5174 1.8569 3.8091 -2.7458 4.9383 32.9520 -1.5038 0.3163
Car -1 -1 1.9017 326.8391 765.6523 449.3121 849.0569 1.5869 1.6235 4.0355 -14.2470 5.2982 37.3886 1.5395 0.1869
