Pedestrian -1 -1 1.6032 1054.7313 765.8688 1088.1539 857.4471 1.6666 0.6089 0.6301 2.1131 4.3996 28.6424 1.6923 0.4996
Pedestrian -1 -1 -1.5273 980.7916 747.6772 1040.5193 897.2678 1.7167 0.6798 1.7444 0.6619 3.3947 19.5384 -1.4797 0.1021
Cyclist -1 -1 -1.5221 976.4474 748.0862 1039.5833 898.1926 1.7127 0.7108 1.8484 0.6308 3.4043 19.5818 -1.4763 0.5145
Car -1 -1 -1.1133 0.0000 718.0376 642.3060 1216.0000 1.5494 1.7985 3.9639 -2.8092 2.1067 6.9645 -1.5698 0.9639
Car -1 -1 1.2476 1394.0953 734.9073 1697.6279 959.9492 1.6105 1.7481 3.7163 5.4751 2.8190 14.5053 1.6520 0.9024
Car -1 -1 -1.4124 662.8264 753.6693 828.7307 900.5790 1.5880 1.7539 3.6462 -2.9604 3.5755 21.2381 -1.5480 0.8943
Car -1 -1 -1.4451 743.5905 768.5383 868.3337 875.3396 1.4794 1.8108 3.8202 -2.8158 4.3423 27.8677 -1.5383 0.8539
Car -1 -1 2.2175 0.0000 742.2565 164.1795 846.3384 1.4430 1.7330 4.2261 -16.9713 3.7989 27.8378 1.6611 0.8168
Car -1 -1 -1.4563 776.0881 777.0739 876.5153 864.2162 1.4761 1.8067 3.5512 -2.9602 5.0635 33.4476 -1.5353 0.5250
Car -1 -1 1.3069 1434.8104 782.2628 1549.8511 861.5129 1.4590 1.8301 4.0934 13.4492 5.6924 38.1034 1.6688 0.2035
