Pedestrian -1 -1 1.5701 1059.6155 767.7801 1091.1469 859.2158 1.6465 0.5853 0.5955 2.1594 4.3778 28.2629 1.6620 0.4353
Pedestrian -1 -1 -1.8847 362.6063 760.8741 401.9442 838.0435 1.8427 0.7509 0.7108 -14.7239 5.3471 38.0285 -2.2521 0.1428
Pedestrian -1 -1 0.3102 189.9365 743.3967 236.7736 824.9196 1.8283 0.7182 0.8051 -17.5821 4.6481 35.1686 -0.1553 0.1073
Cyclist -1 -1 -1.5537 976.1017 744.7168 1035.8226 894.9941 1.7366 0.7302 1.8727 0.6089 3.3970 19.7651 -1.5094 0.4882
Car -1 -1 -1.0678 0.0000 715.2382 630.9551 1216.0000 1.5432 1.8200 3.9075 -2.8251 2.0604 6.5932 -1.5551 0.9609
Car -1 -1 -1.9235 1388.9270 735.6356 1726.0679 971.0641 1.6259 1.8218 3.9985 5.4712 2.8366 14.3019 -1.5139 0.8993
Car -1 -1 -1.4007 657.1807 756.6492 827.7806 905.5937 1.5804 1.7553 3.5619 -2.9542 3.5789 20.8752 -1.5387 0.8303
Car -1 -1 -1.4509 740.9232 765.9267 865.0566 874.5861 1.4933 1.7899 3.8549 -2.8380 4.2763 27.5607 -1.5461 0.8173
Car -1 -1 2.2185 0.0000 741.3446 154.1100 848.0110 1.4478 1.7436 4.2662 -16.8894 3.7447 27.2981 1.6549 0.7544
Car -1 -1 2.2786 0.0000 718.1008 0.7448 846.3491 1.4577 1.8031 4.1992 -16.6119 2.9778 22.2498 1.6192 0.3884
Car -1 -1 -1.4261 784.6469 773.3419 890.6639 861.2939 1.4846 1.8216 3.6205 -2.7021 4.9893 33.4348 -1.4972 0.1490
