Pedestrian -1 -1 1.5965 1052.8304 769.4495 1084.4656 858.9873 1.6701 0.5939 0.5941 2.1054 4.5325 29.2841 1.6836 0.5050
Pedestrian -1 -1 -1.5110 979.9523 750.7864 1039.5800 900.0997 1.7419 0.6660 1.6556 0.6562 3.4769 19.7521 -1.4640 0.1066
Cyclist -1 -1 -1.5138 976.8452 751.1657 1039.6616 900.4303 1.7303 0.7063 1.7909 0.6410 3.4831 19.8314 -1.4678 0.4311
Car -1 -1 -1.1500 0.0000 727.0893 668.4286 1216.0000 1.5358 1.8062 4.0852 -2.7955 2.1925 7.5624 -1.5646 0.9681
Car -1 -1 -1.4017 669.3096 756.9101 834.0695 900.1078 1.5769 1.7561 3.7025 -2.9583 3.6696 21.8232 -1.5329 0.9330
Car -1 -1 -1.8718 1366.4524 737.2047 1653.7135 950.0668 1.5960 1.7975 3.7974 5.4080 2.8889 15.2507 -1.4906 0.8969
Car -1 -1 -1.4403 750.3082 769.0382 871.9636 873.8319 1.4827 1.7842 3.8458 -2.7848 4.4186 28.5022 -1.5298 0.8861
Car -1 -1 2.2152 0.0000 751.1198 196.4459 854.3647 1.4360 1.7291 4.0425 -16.3979 3.9803 28.0420 1.6780 0.7487
Car -1 -1 2.2227 0.0000 727.6848 59.9469 847.4501 1.4152 1.7602 4.1133 -16.2198 3.1614 23.3239 1.5994 0.6092
Car -1 -1 -1.4597 786.4042 777.8242 883.1032 862.1954 1.4684 1.7931 3.4450 -2.8342 5.1397 34.1457 -1.5329 0.5533
