Pedestrian -1 -1 1.5550 1052.1522 772.1445 1082.3713 857.6749 1.6460 0.6025 0.5938 2.1393 4.6498 30.1893 1.6410 0.5392
Pedestrian -1 -1 -1.5019 973.0157 753.3165 1035.9701 900.2578 1.7098 0.6938 1.7611 0.5931 3.4982 19.9121 -1.4586 0.1043
Cyclist -1 -1 -1.5019 973.0157 753.3165 1035.9701 900.2578 1.7098 0.6938 1.7611 0.5931 3.4982 19.9121 -1.4586 0.4061
Car -1 -1 -1.1844 78.1330 736.6393 693.5168 1172.6077 1.5179 1.8019 4.0613 -2.7782 2.2907 8.2985 -1.5558 0.9601
Car -1 -1 -1.4503 754.9937 771.3235 871.4980 874.8547 1.5145 1.7873 3.8291 -2.8282 4.5751 29.3145 -1.5383 0.9156
Car -1 -1 -1.4028 680.9863 762.4880 838.2889 896.4267 1.5156 1.7447 3.5868 -2.9424 3.7546 22.5074 -1.5287 0.8417
Car -1 -1 2.1397 20.7083 778.0233 228.4120 879.4661 1.4463 1.6979 3.9975 -16.3907 4.6801 29.5370 1.6280 0.7014
Car -1 -1 -0.0529 0.0000 0.0000 1936.0000 1216.0000 1.5243 1.7280 3.6661 -2.8566 1.4511 1.6721 -1.5143 0.5817
Car -1 -1 1.3161 1359.8197 729.3676 1627.0204 944.8749 1.7204 1.8584 3.9078 5.5005 2.9793 15.9718 1.6861 0.4964
Car -1 -1 -1.4787 802.3661 779.9238 893.1068 863.8045 1.4945 1.7627 3.4752 -2.5990 5.2969 34.9180 -1.5430 0.3306
Car -1 -1 2.1782 0.0000 733.0049 122.5354 847.7463 1.4755 1.7729 4.0952 -16.2020 3.4464 25.1958 1.5944 0.1729
Car -1 -1 2.1279 249.9220 757.7947 384.1382 823.1219 1.5377 1.8426 4.2913 -20.0161 5.8861 46.6689 1.7263 0.1024
Car -1 -1 1.3119 1432.9120 782.2097 1543.2920 858.3447 1.4635 1.8522 4.0090 13.8233 5.8337 39.4578 1.6710 0.1006
