Pedestrian -1 -1 1.5794 1061.7976 775.8992 1092.3932 860.8179 1.6110 0.5951 0.6123 2.3182 4.6635 29.8961 1.6724 0.5050
Pedestrian -1 -1 -1.4957 980.2951 755.9758 1040.1086 902.6057 1.7267 0.6567 1.5893 0.6667 3.5454 19.9206 -1.4484 0.1183
Cyclist -1 -1 -1.5013 976.9617 756.9945 1038.6439 903.3267 1.7155 0.6856 1.6693 0.6376 3.5562 19.9688 -1.4557 0.3685
Car -1 -1 -1.1717 33.4988 729.1859 686.5698 1185.7588 1.5420 1.8251 4.1026 -2.7936 2.2476 8.0560 -1.5578 0.9647
Car -1 -1 -1.4450 755.4918 768.2306 872.4399 873.1860 1.5231 1.7501 3.8530 -2.7836 4.4913 29.0099 -1.5326 0.9423
Car -1 -1 -1.4056 679.8101 763.1512 837.8718 899.9355 1.5327 1.7394 3.6342 -2.9307 3.7696 22.3459 -1.5319 0.9264
Car -1 -1 -1.8207 1361.1270 738.0114 1619.2854 947.2188 1.6354 1.7993 3.6272 5.3745 2.9643 15.6611 -1.4513 0.9090
Car -1 -1 2.2031 0.0000 753.3610 212.7388 852.2119 1.4319 1.7307 4.0238 -16.6446 4.1198 29.1963 1.6783 0.7705
Car -1 -1 -1.4577 789.6793 778.1913 884.6536 861.9574 1.4679 1.7644 3.4955 -2.8100 5.1886 34.5147 -1.5292 0.3104
Car -1 -1 0.0616 0.0000 0.0000 1936.0000 1216.0000 1.5630 1.7305 3.7087 -2.8382 1.4590 1.4040 -1.4911 0.2057
Car -1 -1 2.2483 0.0000 727.9953 19.0225 848.4738 1.3748 1.7855 4.0916 -16.5198 3.0816 22.6848 1.6018 0.1888
Car -1 -1 1.3257 1417.6821 782.4839 1531.0085 860.0544 1.4692 1.9429 4.0715 13.3317 5.8129 39.0931 1.6764 0.1240
