Pedestrian -1 -1 1.4236 1085.6096 771.3253 1145.2946 917.3239 1.7118 0.6555 0.6859 1.9099 3.5665 18.5903 1.5449 0.7129
Pedestrian -1 -1 1.5970 960.5209 803.0628 980.6212 861.0478 1.6460 0.5771 0.5639 0.2789 6.9898 44.5586 1.6165 0.4412
Pedestrian -1 -1 1.5450 937.2399 801.2963 955.4043 858.2586 1.6303 0.5376 0.5598 -0.4501 6.9552 44.8576 1.5479 0.3115
Pedestrian -1 -1 1.9771 151.2370 749.5874 184.8426 813.1855 1.7587 0.6409 0.6763 -22.8782 5.3859 43.1396 1.4905 0.1631
Pedestrian -1 -1 2.1368 122.6588 747.1549 159.0226 812.2108 1.7792 0.6972 0.5882 -23.2601 5.2717 42.4041 1.6355 0.1605
Pedestrian -1 -1 1.5513 919.8591 800.8739 937.0237 858.0172 1.6297 0.5108 0.6089 -0.9870 6.9479 44.8823 1.5420 0.1395
Pedestrian -1 -1 -1.5060 923.6174 758.3533 991.7099 924.7019 1.7206 0.6794 1.6785 -0.0243 3.3784 17.7139 -1.4962 0.1066
Cyclist -1 -1 -1.4852 916.0350 756.7403 991.7390 924.3104 1.7181 0.7239 1.8319 -0.0655 3.3678 17.7663 -1.4779 0.4939
Car -1 -1 -1.2705 405.3983 748.1488 739.5000 1010.0585 1.6110 1.7677 3.7057 -3.1437 2.8275 12.8691 -1.5256 0.9469
Car -1 -1 -1.4028 626.4120 768.4009 809.2265 927.2375 1.5456 1.7708 3.6376 -3.0949 3.6107 19.6898 -1.5576 0.9374
