Pedestrian -1 -1 1.3771 1180.9309 754.1569 1303.4332 1046.7593 1.7343 0.6608 0.7673 1.7879 2.5984 9.6037 1.5987 0.6586
Pedestrian -1 -1 1.6449 947.1030 834.5936 976.2282 905.0338 1.5390 0.6298 0.6373 0.0120 6.5055 35.0736 1.6585 0.3978
Pedestrian -1 -1 1.6785 920.7291 837.8694 950.1511 908.8521 1.5444 0.6148 0.6574 -0.6025 6.5869 35.0486 1.6741 0.3839
Pedestrian -1 -1 1.6505 868.1104 810.2038 888.2473 863.9640 1.6533 0.6001 0.5650 -2.6823 7.6755 48.3065 1.6072 0.2912
Cyclist -1 -1 -1.4848 845.8979 784.3828 936.3963 976.9902 1.7328 0.7914 1.9022 -0.7234 3.5455 16.0282 -1.5223 0.4739
Car -1 -1 -0.8536 0.0000 705.6277 520.9323 1216.0000 1.5407 1.8308 4.0811 -3.1878 1.9432 5.3688 -1.5184 0.9494
Car -1 -1 -1.2562 327.3228 762.8703 707.3536 1043.8829 1.5175 1.8077 3.8934 -3.3107 2.8040 11.9762 -1.5467 0.9386
Car -1 -1 1.9954 196.6769 772.4254 335.7450 846.8315 1.4890 1.8150 4.2478 -18.7262 5.6949 40.5036 1.5642 0.2755
Car -1 -1 1.9838 278.4484 773.9113 400.2133 839.3232 1.4980 1.9167 4.2134 -19.0789 6.3017 46.0793 1.5954 0.1319
Car -1 -1 -1.1974 363.0416 752.4290 578.1962 891.5245 1.6699 1.8239 4.4854 -7.8643 3.9503 24.4489 -1.5122 0.1246
