Pedestrian -1 -1 1.3461 1368.1820 693.5164 1558.0078 1165.3171 1.8032 0.6565 0.7218 2.0711 2.1090 6.2503 1.7524 0.7417
Pedestrian -1 -1 1.6055 950.7788 821.3409 981.3373 900.8743 1.5707 0.6148 0.6853 0.1047 5.7767 31.6604 1.6219 0.5905
Pedestrian -1 -1 1.6474 905.8297 827.4905 936.8760 908.4958 1.5886 0.5957 0.6640 -0.8357 5.8936 31.4278 1.6329 0.5741
Pedestrian -1 -1 1.7192 882.1589 816.7061 904.3420 875.1663 1.6639 0.5797 0.5956 -2.0473 7.4847 45.0535 1.6861 0.4771
Cyclist -1 -1 -1.4905 809.8293 783.1213 909.6022 987.3932 1.7909 0.8714 1.9536 -1.0287 3.5481 15.6229 -1.5505 0.4894
Car -1 -1 -1.1782 112.8289 744.0195 667.1735 1128.0547 1.5527 1.8522 4.0247 -3.1986 2.4585 9.3394 -1.5487 0.9499
Car -1 -1 -0.4384 0.0000 662.3987 286.1310 1216.0000 1.5475 1.7552 3.6991 -2.9907 1.6642 2.7930 -1.5588 0.9034
Car -1 -1 2.0244 139.9744 773.1010 293.1668 855.8262 1.5188 1.7289 4.2039 -18.3738 5.4058 37.1140 1.5647 0.3410
Car -1 -1 2.0221 272.0554 772.5344 390.9390 836.9272 1.5231 1.8414 4.0544 -19.7046 6.3659 46.9767 1.6293 0.2434
Car -1 -1 2.3039 0.0000 747.8602 115.4488 854.9747 1.5077 1.7496 4.3392 -18.4781 4.0426 28.5522 1.7212 0.1691
