Pedestrian -1 -1 1.6165 917.4622 819.2790 952.0326 908.6342 1.6574 0.6465 0.6957 -0.5224 5.5607 29.6687 1.6111 0.7223
Pedestrian -1 -1 1.5613 894.8818 816.8753 915.2568 877.2596 1.6645 0.5878 0.5901 -1.6327 7.2839 43.4682 1.5361 0.6270
Pedestrian -1 -1 1.5739 966.9427 815.7171 997.6037 900.2473 1.5935 0.6014 0.5597 0.4210 5.4308 29.7845 1.6014 0.6226
Pedestrian -1 -1 1.0565 1500.9196 691.8278 1812.7562 1216.0000 1.7362 0.6396 0.7120 2.0576 1.9549 4.5084 1.6393 0.6220
Pedestrian -1 -1 2.1377 784.4742 795.1757 815.2556 860.7612 1.5835 0.5902 0.5340 -4.1443 5.9990 38.4074 2.0400 0.1196
Cyclist -1 -1 -1.5686 797.4509 775.3922 892.3859 985.7014 1.7780 0.8925 1.9345 -1.1645 3.3944 15.0657 -1.6416 0.4716
Car -1 -1 -1.1578 0.0000 729.9219 642.5156 1187.9949 1.5985 1.8563 3.9849 -3.0788 2.3097 8.1300 -1.5747 0.9566
Car -1 -1 2.0420 213.2730 751.0869 354.5046 824.7415 1.4988 1.7179 4.1502 -17.9279 5.0349 39.7913 1.6196 0.2602
Car -1 -1 2.0468 78.5433 767.5462 256.1903 858.5419 1.4424 1.6938 4.0921 -16.9768 4.7109 32.2089 1.5584 0.1612
Car -1 -1 0.0033 0.0000 0.0000 1936.0000 1216.0000 1.5490 1.7735 3.8034 -3.0331 1.4815 1.5120 -1.5140 0.1106
Car -1 -1 -1.1838 405.1468 762.0961 611.8516 881.1323 1.5499 1.9837 4.7769 -8.2136 4.3136 27.6491 -1.4729 0.1098
