Pedestrian -1 -1 1.1546 1409.1132 693.8265 1630.6738 1187.6313 1.7141 0.6244 0.5863 2.0629 1.9856 5.5833 1.6144 0.7677
Pedestrian -1 -1 1.6586 915.5594 823.6940 949.6210 906.7898 1.5966 0.6385 0.6526 -0.5866 5.7328 30.7641 1.6519 0.6247
Pedestrian -1 -1 1.7371 889.6287 812.3524 914.6544 871.8380 1.6683 0.6452 0.6126 -1.7567 7.2877 44.4820 1.7099 0.5664
Pedestrian -1 -1 1.5505 960.5233 814.9790 992.0416 897.6738 1.6164 0.6463 0.6215 0.3087 5.5934 30.9766 1.5737 0.4699
Pedestrian -1 -1 -2.9046 984.8485 823.1686 1023.9455 877.8440 1.1749 0.6194 0.7990 1.0262 5.9358 35.5016 -2.8618 0.2948
Pedestrian -1 -1 -2.9177 986.2930 817.4410 1020.3645 868.5890 1.1266 0.5889 0.7045 1.0189 5.8299 36.1528 -2.8758 0.2230
Cyclist -1 -1 -1.5354 808.1048 782.4504 901.1992 989.9763 1.7922 0.8741 1.9555 -1.0677 3.5197 15.4077 -1.5993 0.4405
Car -1 -1 -1.1725 79.6452 739.2045 659.7126 1143.7053 1.5621 1.8399 3.9485 -3.1345 2.3931 8.8851 -1.5569 0.9535
Car -1 -1 -0.2657 0.0000 637.9516 208.3529 1216.0000 1.5601 1.7546 3.7603 -2.9859 1.5963 2.2399 -1.5466 0.8482
Car -1 -1 2.0213 275.8781 770.0842 395.3126 834.7704 1.5219 1.8249 4.0898 -19.4543 6.2581 46.6885 1.6307 0.1868
