Pedestrian -1 -1 1.0136 1672.9785 658.3749 1923.5365 1160.4806 1.7779 0.6388 0.5928 3.1407 1.9118 5.6597 1.6523 0.6192
Pedestrian -1 -1 -1.6652 1439.2196 796.3458 1510.4192 968.2656 1.6664 0.6719 0.7769 5.4446 3.5411 15.8870 -1.2974 0.3117
Pedestrian -1 -1 1.6721 1313.5787 769.9856 1352.9254 869.1178 1.8571 0.6691 0.8281 7.4669 4.8174 30.0053 1.9382 0.2350
Pedestrian -1 -1 -0.8274 61.5326 847.5005 102.5212 917.6861 1.7272 0.6771 0.6478 -23.3120 7.6879 39.6561 -1.3556 0.1633
Pedestrian -1 -1 0.2979 1499.7892 785.7332 1613.9303 973.2632 1.5398 0.8685 0.7297 5.5068 3.0871 13.8191 0.7231 0.1542
Pedestrian -1 -1 1.7516 1008.2397 800.3481 1027.1887 853.1371 1.6040 0.5055 0.5809 1.8148 7.2811 48.0475 1.8033 0.1216
Pedestrian -1 -1 1.9935 57.6471 855.5567 129.3763 972.9711 1.7041 0.7596 0.7086 -13.7114 5.4120 23.6460 1.4606 0.1145
Cyclist -1 -1 -0.9128 1163.7473 749.7109 1347.4045 936.4838 1.7509 0.8031 2.1222 3.2343 3.1953 16.3208 -0.6897 0.4635
Car -1 -1 -1.4821 819.5316 774.4152 936.6459 888.1040 1.6106 1.8488 4.2283 -1.5325 4.7262 29.0073 -1.5248 0.7704
Car -1 -1 1.7608 1149.0114 803.3309 1356.1185 987.7040 1.3534 1.5283 3.2810 3.2555 3.5129 16.2893 1.9855 0.1230
