Pedestrian -1 -1 3.5188 188.3511 780.7111 230.2130 853.5825 1.4964 0.6244 0.6278 -16.3381 4.9181 32.5006 3.0505 0.2001
Pedestrian -1 -1 2.0316 538.5007 768.1166 564.3729 824.9592 1.8613 0.6485 0.6091 -14.0190 6.7959 51.1621 1.7716 0.1515
Pedestrian -1 -1 0.6004 0.0000 632.7171 43.5840 979.6127 1.7858 0.7023 0.6919 -5.5150 1.8301 8.0930 -0.0788 0.1274
Pedestrian -1 -1 -1.4832 0.0000 644.9078 12.0112 965.9178 1.7499 0.7034 0.6173 -5.9210 1.8718 8.6600 -2.1570 0.1207
Cyclist -1 -1 -0.8564 561.1523 749.9003 679.7211 866.8355 1.7788 0.8973 2.0608 -5.9583 4.0678 26.2639 -1.0782 0.3842
Car -1 -1 2.4175 262.0789 781.9128 435.3779 864.9763 1.4850 1.6571 3.7612 -14.8944 5.5380 36.5493 2.0321 0.9178
Car -1 -1 -0.4810 0.0000 653.8389 156.0757 1216.0000 1.5111 1.7281 3.6056 -3.6128 1.6096 3.2778 -1.5608 0.9103
Car -1 -1 -1.1181 661.1412 778.7255 789.2344 859.7383 1.5850 1.8305 3.7559 -6.1193 5.8271 39.1733 -1.2648 0.7219
Car -1 -1 2.1900 0.0000 756.4404 62.5964 872.3498 1.4507 1.6863 4.2179 -17.5285 3.8917 25.6352 1.5790 0.2217
Car -1 -1 -2.0243 0.0000 675.9525 354.9104 1042.6945 1.5655 1.7256 3.8960 -5.5274 1.9115 8.4872 -2.6761 0.1575
Car -1 -1 2.0702 561.1097 775.9576 670.7154 843.4641 1.6240 1.7149 3.8935 -10.9145 6.6372 47.5208 1.8523 0.1020
