Pedestrian -1 -1 -2.3928 0.0000 788.3284 17.9105 887.6399 1.4673 0.6539 0.8639 -15.6315 4.1072 23.7670 -2.9867 0.1377
Pedestrian -1 -1 0.9799 3.8763 803.3781 70.9767 898.9886 1.4513 0.6229 0.7645 -15.3054 4.4612 24.7802 0.4170 0.1370
Pedestrian -1 -1 2.7199 0.0000 819.2979 9.6497 925.4607 1.7507 0.8137 0.7655 -17.9131 5.3543 27.1810 2.1310 0.1232
Cyclist -1 -1 -0.9203 910.4312 777.5644 1031.5282 905.3262 1.7400 0.8599 2.0549 0.1776 4.2998 24.0020 -0.9004 0.2748
Cyclist -1 -1 -1.5984 991.5163 808.8365 1017.8428 868.7237 1.7335 0.8577 1.9384 1.4502 8.0351 50.2572 -1.5556 0.1259
Car -1 -1 2.0525 654.1501 802.9246 769.6541 874.2343 1.4939 1.6687 4.0486 -7.3442 7.0426 44.4250 1.8980 0.8651
Car -1 -1 2.5126 138.0753 799.6176 380.4086 913.4929 1.5300 1.7115 3.9957 -13.4550 5.1584 28.8928 2.0740 0.8209
Car -1 -1 2.0551 739.4214 804.5388 847.1185 871.2465 1.5427 1.7068 4.2354 -5.4641 7.7229 49.1651 1.9555 0.7717
Car -1 -1 2.2030 552.3833 808.1392 692.6964 892.6383 1.6129 1.6701 3.8377 -8.9292 6.7357 39.7144 1.9894 0.7040
Car -1 -1 -1.4223 995.9915 810.8155 1068.1935 871.3174 1.4612 1.8552 3.8631 2.4562 8.0609 51.0027 -1.3599 0.2202
Car -1 -1 2.5733 0.0000 778.0699 72.3203 904.6529 1.4316 1.6610 3.3542 -15.9876 4.0089 23.2968 1.9587 0.1340
