Pedestrian -1 -1 -2.3495 0.0000 798.8431 14.5642 899.8925 1.4474 0.6424 0.8285 -15.2913 4.1897 23.1799 -2.9451 0.2904
Pedestrian -1 -1 1.8246 1.5917 824.4465 58.6326 920.0582 1.3958 0.6251 0.7184 -14.9965 4.6699 24.0982 1.2582 0.2047
Pedestrian -1 -1 0.2877 1171.3032 811.3797 1207.7808 876.3426 1.7331 0.9400 0.8154 6.7117 7.2888 43.9514 0.4561 0.1952
Pedestrian -1 -1 2.6286 0.0000 821.1354 10.4531 928.3730 1.7392 0.8439 0.7418 -17.5984 5.3090 26.6830 2.0389 0.1530
Cyclist -1 -1 -1.2404 959.4307 781.4222 1050.8505 912.1035 1.7950 0.8463 2.0297 0.7362 4.4508 24.2744 -1.1962 0.3233
Cyclist -1 -1 -1.5474 1048.0419 805.5449 1070.7355 864.9802 1.7758 0.7049 1.5678 3.3162 7.9697 50.4590 -1.4672 0.1034
Car -1 -1 2.0340 752.1993 805.9669 858.1807 872.4647 1.5119 1.6997 4.1669 -5.0045 7.6571 48.5036 1.9424 0.8874
Car -1 -1 2.0223 671.1816 803.7083 784.3184 875.5775 1.4890 1.6686 4.0099 -6.7943 6.9982 43.9121 1.8783 0.8373
Car -1 -1 2.5442 144.4670 807.3321 387.2880 923.1155 1.5155 1.6866 3.8932 -13.0622 5.2253 28.3069 2.1091 0.8329
Car -1 -1 2.2284 555.9578 805.3406 703.5610 890.8613 1.5972 1.6947 3.9419 -8.6022 6.5759 39.1184 2.0194 0.8021
Car -1 -1 -1.3782 1015.1579 804.7219 1095.0309 868.3481 1.5298 1.9079 3.9278 3.1958 7.8295 50.2423 -1.3001 0.4858
Car -1 -1 2.5658 0.0000 778.0735 80.7210 906.4482 1.4423 1.6288 3.3540 -15.7211 3.9989 23.1004 1.9549 0.2048
