Pedestrian -1 -1 -2.4333 0.0000 806.7957 17.7844 905.0009 1.3850 0.6602 0.8244 -15.0423 4.2103 22.8531 -3.0282 0.2954
Pedestrian -1 -1 1.3653 0.0000 825.9440 49.9270 922.1100 1.3690 0.6313 0.7255 -14.9461 4.6300 23.7764 0.7939 0.2147
Pedestrian -1 -1 2.4166 0.0000 824.2822 28.4858 929.7850 1.7189 0.8084 0.7791 -17.2936 5.3385 26.6664 1.8347 0.2090
Pedestrian -1 -1 2.0949 844.7855 814.5726 873.1044 869.3699 1.4817 0.5162 0.7606 -3.0120 7.1265 44.0491 2.0382 0.1400
Pedestrian -1 -1 2.2655 866.3341 814.4714 900.6823 867.5615 1.4860 0.6289 0.8997 -2.4069 7.4278 46.3232 2.2257 0.1129
Pedestrian -1 -1 -2.3727 1196.7980 807.3197 1228.1909 872.9956 1.6507 0.5093 0.6721 6.7769 6.6241 40.3494 -2.1888 0.1009
Cyclist -1 -1 -1.1154 977.4374 791.1078 1084.2450 921.4771 1.7556 0.8785 2.0612 1.1448 4.5566 24.0891 -1.0530 0.2964
Car -1 -1 2.0764 754.5871 808.3002 864.7267 875.4803 1.5133 1.6980 4.1462 -4.8247 7.6933 48.1526 1.9878 0.8865
Car -1 -1 2.5410 158.8267 804.0681 400.9130 921.1454 1.5369 1.6874 3.8654 -12.7146 5.1566 28.1213 2.1135 0.8625
Car -1 -1 2.2343 560.9684 804.7604 711.8085 892.4902 1.6278 1.7235 3.9700 -8.3526 6.5510 38.7721 2.0295 0.7863
Car -1 -1 2.0804 674.2635 804.5946 796.3116 879.3586 1.5269 1.6922 4.0851 -6.4897 7.0047 43.3770 1.9416 0.7226
Car -1 -1 -1.5544 1032.9440 809.9386 1090.1115 869.0632 1.4570 1.8309 3.7662 3.4606 8.0244 51.1116 -1.4721 0.2027
Car -1 -1 2.5206 0.0000 781.8554 71.0909 910.7450 1.4079 1.6467 3.3747 -15.6540 3.9901 22.7386 1.9039 0.1328
