Pedestrian -1 -1 1.2494 79.5039 843.1122 149.9327 966.7688 1.5959 0.6299 0.9050 -12.3006 4.8444 21.7267 0.7238 0.2134
Pedestrian -1 -1 3.3182 50.5801 814.4050 166.1664 933.5829 1.3390 0.7144 1.1810 -10.8520 3.8235 19.0646 2.7838 0.1294
Pedestrian -1 -1 0.6234 194.6017 804.0266 294.9102 918.2545 1.4272 0.6518 1.0478 -9.7516 3.9159 20.3694 0.1644 0.1014
Pedestrian -1 -1 -1.5044 1091.5610 801.2214 1113.2782 860.5420 1.7712 0.6338 0.6043 4.4476 7.3667 47.1039 -1.3950 0.1010
Cyclist -1 -1 -1.2635 1500.0779 760.6049 1600.8304 886.5643 1.7534 0.8721 2.0937 9.5569 4.0485 24.2143 -0.8570 0.2943
Cyclist -1 -1 3.3182 50.5801 814.4050 166.1664 933.5829 1.3390 0.7144 1.1810 -10.8520 3.8235 19.0646 2.7838 0.1035
Cyclist -1 -1 3.3898 190.1383 808.4222 297.0401 924.4399 1.4273 0.7502 1.1739 -9.7902 3.9954 20.4368 2.9308 0.1005
Car -1 -1 2.3943 426.3909 809.5507 681.5681 938.8272 1.4368 1.7359 3.9672 -6.6720 4.7731 24.8787 2.1327 0.8563
Car -1 -1 2.1078 880.3868 810.2847 1031.0328 904.7781 1.5316 1.7216 3.8345 -0.0685 6.0677 34.5057 2.1187 0.8469
Car -1 -1 1.9991 1094.3530 812.3361 1208.8654 886.7264 1.4864 1.6625 4.0973 5.5217 7.1484 43.0011 2.1431 0.8412
Car -1 -1 2.1227 989.3984 811.9724 1132.5560 895.8809 1.5040 1.7147 4.2037 2.6448 6.6354 38.8189 2.2057 0.8164
Car -1 -1 2.6756 1458.5284 831.2540 1647.0253 901.6250 1.3895 1.7693 3.8939 14.3834 6.5638 36.4847 3.0744 0.2403
Car -1 -1 -0.5775 61.6728 790.2498 362.4451 933.0885 1.3484 1.6375 3.2657 -10.0004 3.7797 20.1643 -1.0516 0.1012
