Pedestrian -1 -1 -1.9282 509.5590 783.5355 545.4309 877.4486 1.7478 0.5370 0.5001 -8.5317 4.9061 29.4119 -2.2090 0.1520
Pedestrian -1 -1 2.3851 251.9057 808.0703 319.6939 925.7234 1.7270 0.6585 0.7340 -10.7713 4.7060 23.8582 1.9547 0.1390
Pedestrian -1 -1 -1.3503 974.0613 783.1055 1022.4655 903.7831 1.7858 0.6423 0.5757 0.5829 4.3033 23.4357 -1.3119 0.1220
Pedestrian -1 -1 2.5235 151.3467 807.3008 223.3490 931.6161 1.7266 0.6391 0.7314 -11.7020 4.5430 22.6206 2.0366 0.1196
Pedestrian -1 -1 -2.4292 131.2990 780.9293 189.6600 886.1613 1.6146 0.5515 0.6273 -12.9952 4.1825 24.2757 -2.9300 0.1027
Cyclist -1 -1 -1.6077 1596.4456 771.7608 1655.1028 898.0172 1.7622 0.8436 1.9695 10.8490 4.2672 24.4364 -1.1581 0.3797
Car -1 -1 2.4334 474.8242 813.2563 734.6768 946.1904 1.4563 1.7360 3.9451 -5.7348 4.8004 24.4472 2.2046 0.8176
Car -1 -1 2.0139 1152.9242 814.9007 1273.8511 891.8984 1.5001 1.6830 4.1367 7.1286 7.1121 42.0023 2.1994 0.7784
Car -1 -1 2.1384 944.9576 813.6392 1100.1470 908.7383 1.5141 1.7112 3.7960 1.4450 6.0560 33.9468 2.1954 0.7476
Car -1 -1 2.1067 1047.8580 812.8661 1190.2471 897.7133 1.4963 1.7031 4.0843 4.0586 6.5379 37.9742 2.2294 0.7336
