Pedestrian -1 -1 0.0946 270.3124 828.1873 315.3148 892.3455 1.6239 0.5461 1.0777 -18.3205 7.2558 41.0010 -0.3213 0.2087
Pedestrian -1 -1 2.0830 380.6706 846.3913 415.2532 918.5671 1.5796 0.5649 0.5364 -13.1561 6.7994 34.9335 1.7266 0.1414
Pedestrian -1 -1 1.8403 407.2079 853.9266 438.2011 925.3486 1.5683 0.5592 0.5285 -12.5802 6.9628 34.9403 1.4991 0.1126
Pedestrian -1 -1 -1.4321 968.8912 810.0413 1005.4510 910.8209 1.6514 0.5611 0.5226 0.4516 4.8994 25.9301 -1.4013 0.1057
Cyclist -1 -1 0.2513 271.9376 824.1347 322.8091 889.4761 1.6764 0.5689 1.1698 -18.2086 7.1927 41.0301 -0.1621 0.1759
Cyclist -1 -1 -0.6854 1670.9325 830.0293 1786.0422 930.7560 1.6729 0.8233 1.7601 14.2010 5.5498 27.6993 -0.1819 0.1314
Cyclist -1 -1 0.9519 90.1953 784.5552 162.8046 852.8728 1.6975 0.6481 2.1189 -23.1150 6.1976 41.4026 0.4442 0.1151
Car -1 -1 1.9215 1842.6417 804.0544 1936.0000 900.8475 1.5080 1.7385 4.7810 21.5774 5.7249 33.1120 2.5280 0.7618
Car -1 -1 1.9871 1716.8052 821.7336 1917.3745 927.6350 1.4586 1.7395 4.4276 17.1521 5.6550 29.9084 2.5373 0.6619
Car -1 -1 2.0901 1050.3008 861.5179 1304.9440 1029.6261 1.5163 1.8395 3.9941 3.2071 5.2711 21.6037 2.2583 0.6198
Car -1 -1 2.0278 1591.7616 826.1672 1798.2343 941.6597 1.4771 1.6868 4.1260 13.5871 5.4491 27.6189 2.5146 0.5952
Car -1 -1 -1.3355 1231.2042 782.0737 1549.4323 1033.1552 1.4952 1.7832 3.9062 4.0551 3.1585 13.6975 -1.0088 0.4634
