Pedestrian -1 -1 -0.5076 1137.2769 764.4072 1228.7037 911.2970 1.7390 0.5741 0.9941 2.8091 3.5493 18.9687 -0.3386 0.4218
Pedestrian -1 -1 0.5705 0.0000 742.3231 83.1860 924.3575 1.7403 0.5999 0.6539 -9.3060 2.9417 14.9950 -0.0150 0.3476
Pedestrian -1 -1 2.3307 0.0000 812.3334 122.3612 1009.6454 1.4882 0.6681 0.6945 -7.5285 3.0979 12.4422 1.7490 0.2285
Pedestrian -1 -1 1.6961 359.1205 771.5663 383.9745 844.3869 1.8134 0.5335 0.5762 -15.3662 5.6697 38.9741 1.3230 0.2085
Pedestrian -1 -1 -1.8373 1228.1013 777.7458 1270.8674 883.0083 1.5344 0.5401 0.4796 4.3892 3.8898 22.7911 -1.6244 0.1551
Pedestrian -1 -1 1.8481 386.3037 780.7570 414.6563 848.9215 1.7273 0.5669 0.5717 -14.8498 5.8874 39.6079 1.4927 0.1144
Pedestrian -1 -1 -1.0574 1052.7344 781.0601 1133.9504 934.8011 1.7421 0.6327 0.9120 1.6502 3.7453 18.6282 -0.9511 0.1111
Pedestrian -1 -1 0.2513 11.4429 757.4219 102.8829 952.1950 1.7571 0.6144 0.6350 -8.7038 3.0694 14.4166 -0.3225 0.1065
Cyclist -1 -1 -0.7970 1121.3616 765.5155 1219.1566 911.8201 1.6924 0.6242 1.1111 2.6574 3.5334 18.9976 -0.6367 0.2261
Cyclist -1 -1 -2.2793 0.0000 758.9773 49.1888 971.3248 1.4995 0.7995 1.4361 -8.1218 2.6051 11.7885 -2.9283 0.1428
Car -1 -1 -1.7885 1894.4187 759.6481 1936.0000 1088.7100 1.5853 1.8036 3.9387 8.1743 2.7838 11.1382 -1.0836 0.3371
Car -1 -1 -0.3301 971.5661 796.6844 1320.0555 947.4756 1.4617 1.7171 3.9362 2.2253 3.7238 18.4783 -0.1900 0.1110
