Pedestrian -1 -1 1.8371 391.9369 781.9340 421.5664 849.9930 1.7298 0.5958 0.6264 -14.7925 5.9553 39.9025 1.4856 0.3915
Pedestrian -1 -1 1.4470 364.5845 770.2548 389.9680 845.8053 1.8843 0.5484 0.6353 -15.3419 5.7424 39.2835 1.0775 0.2510
Pedestrian -1 -1 -0.9865 1036.1896 796.1390 1116.8881 950.2652 1.7429 0.6339 0.8460 1.4382 3.9348 18.6133 -0.8921 0.2248
Pedestrian -1 -1 -0.4457 1111.1130 770.4333 1216.2747 919.1556 1.7587 0.5858 1.1896 2.5704 3.6534 19.0182 -0.2903 0.2197
Pedestrian -1 -1 3.6669 0.0000 739.4131 55.2310 933.2237 1.8550 0.5932 0.6488 -9.5897 3.0289 15.0105 3.0683 0.2071
Pedestrian -1 -1 1.3347 329.0220 753.3312 358.1982 827.7073 1.9352 0.5497 0.9035 -17.0429 5.5239 41.2589 0.9455 0.1293
Pedestrian -1 -1 -2.7851 1039.4117 812.2266 1114.5339 972.5440 1.5241 0.5259 0.6253 1.1988 3.5078 15.4624 -2.6896 0.1120
Cyclist -1 -1 -0.9428 1104.9247 772.5224 1214.5316 924.4957 1.7152 0.6712 1.4038 2.5363 3.6673 19.0401 -0.7895 0.3309
Cyclist -1 -1 0.8347 0.0000 754.3243 78.5336 983.6443 1.6218 0.7944 1.8229 -8.0480 2.6894 11.7729 0.1900 0.2241
Car -1 -1 -0.4513 1015.8477 821.7213 1342.8451 967.3566 1.3640 1.6151 3.7417 2.7189 4.0138 18.8301 -0.2861 0.1357
