Pedestrian -1 -1 -0.6080 1046.6863 800.6830 1124.2936 951.2479 1.7515 0.5874 0.7822 1.5670 4.0240 18.8864 -0.5075 0.5553
Pedestrian -1 -1 1.8386 411.4410 799.7989 435.8645 861.6569 1.5885 0.4781 0.6035 -14.5648 6.3649 40.5215 1.4979 0.2008
Pedestrian -1 -1 -0.8838 978.5975 830.7231 1052.5344 983.0101 1.7149 0.5772 0.7384 0.6762 4.3352 18.5711 -0.8326 0.1994
Pedestrian -1 -1 -0.0381 510.7462 865.4333 603.9139 1085.5547 1.7310 0.6028 0.7545 -3.5291 3.8942 13.0457 -0.3155 0.1457
Pedestrian -1 -1 -1.0029 418.9208 812.8804 486.4817 962.3090 1.6725 0.5588 0.5510 -6.0846 3.9650 17.9056 -1.3403 0.1184
Pedestrian -1 -1 -1.8292 0.0000 776.6967 44.7538 953.4054 1.6843 0.6148 0.7202 -9.9871 3.3079 15.5265 -2.4284 0.1171
Pedestrian -1 -1 1.6402 353.6501 780.3153 376.9366 844.2027 1.9262 0.6430 0.5616 -18.8176 6.8721 47.2253 1.2663 0.1165
Cyclist -1 -1 -0.7105 1035.1147 800.0298 1122.7926 949.1927 1.7128 0.6144 0.9262 1.4882 3.9876 18.9063 -0.6146 0.1596
Cyclist -1 -1 -2.2088 0.0000 801.4008 95.9244 1009.7299 1.4586 0.7977 1.5256 -7.9479 2.9619 12.1233 -2.8303 0.1472
Car -1 -1 -0.8355 1179.6807 759.5151 1936.0000 1105.6475 1.4696 1.8223 4.7250 3.9017 2.4697 9.3964 -0.3754 0.4703
