Pedestrian -1 -1 -1.3631 820.6719 834.4021 881.6072 985.5920 1.6954 0.6130 0.6479 -1.3304 4.2880 18.1424 -1.4291 0.5931
Pedestrian -1 -1 -0.5254 1001.4226 818.5580 1078.3937 969.2922 1.7519 0.5586 0.8011 0.9923 4.2557 18.9070 -0.4573 0.4904
Pedestrian -1 -1 -1.9520 886.4419 843.3965 948.9452 994.7102 1.6910 0.5815 0.6069 -0.5350 4.4132 18.2390 -1.9709 0.2673
Pedestrian -1 -1 0.6478 0.0000 873.7857 96.1118 1105.9403 1.5734 0.5918 0.6652 -6.9384 3.4751 11.1150 0.0479 0.2237
Pedestrian -1 -1 -0.2028 933.6897 849.7475 1002.1157 996.1133 1.6769 0.5812 0.7538 0.0774 4.5240 18.5805 -0.1859 0.1639
Pedestrian -1 -1 -1.2695 0.0000 829.3958 104.7176 1044.1439 1.6346 0.6846 0.6372 -7.6572 3.4054 12.5484 -1.8529 0.1073
Cyclist -1 -1 3.5939 0.0000 820.3337 318.1467 1113.4751 1.5978 0.7933 2.1238 -5.2533 2.8873 9.3524 3.0278 0.3542
Cyclist -1 -1 -0.5252 1000.9715 816.0082 1085.4635 967.1522 1.7512 0.5848 0.8978 1.0365 4.2315 18.9493 -0.4547 0.1538
Car -1 -1 -0.4133 463.8963 749.8608 1482.4397 1216.0000 1.5506 1.9605 4.7804 0.0659 2.3370 7.5855 -0.3955 0.5858
Car -1 -1 1.9019 474.4287 779.3223 600.6042 865.0560 1.5880 1.7994 3.9464 -10.4088 5.6197 37.0184 1.6323 0.3262
Car -1 -1 2.1546 1294.0837 835.9985 1627.2683 1026.9139 1.5793 1.8303 4.2732 6.3314 4.5132 18.7864 2.5121 0.1962
