Pedestrian -1 -1 -0.1322 780.1118 731.3502 863.2849 915.8265 1.5167 0.6726 0.6447 -1.2351 2.4818 13.1571 -0.2267 0.2575
Pedestrian -1 -1 0.4697 0.0000 757.5462 64.2069 924.9406 1.7187 0.6666 0.6775 -10.3056 3.1988 16.3144 -0.1195 0.2184
Pedestrian -1 -1 -2.8910 956.2256 735.6359 1042.7284 925.1884 1.5781 0.5213 0.6494 0.3416 2.5803 13.1925 -2.8524 0.2181
Pedestrian -1 -1 1.2388 184.7004 747.8774 230.6070 833.8393 1.8492 0.6419 1.0301 -17.3600 4.7303 34.4451 0.7699 0.1838
Pedestrian -1 -1 0.2686 232.5944 738.0937 268.9362 836.0279 1.7727 0.5769 0.4848 -13.3718 3.9285 28.1532 -0.1808 0.1198
Pedestrian -1 -1 -1.6818 1491.7806 806.5951 1528.4275 909.1143 1.6078 0.5289 0.6135 9.2134 4.7040 25.1171 -1.3018 0.1184
Pedestrian -1 -1 -2.4957 556.5507 743.2004 635.5575 895.6668 1.6354 0.5436 0.6843 -4.1532 3.0120 17.0188 -2.7432 0.1015
Cyclist -1 -1 -1.1255 1230.4290 764.4960 1354.4202 917.0220 1.7071 0.6977 2.1382 4.3870 3.6436 19.6990 -0.8802 0.4202
Cyclist -1 -1 2.0104 247.1215 743.8785 332.1493 853.6371 1.4605 0.5532 1.5847 -10.0446 3.3071 22.4154 1.5780 0.1226
Cyclist -1 -1 1.1078 168.4864 740.5717 226.7023 824.4619 1.7861 0.7136 1.2271 -17.5096 4.4884 34.2852 0.6329 0.1024
Car -1 -1 2.1420 1507.9675 773.6652 1828.7086 921.5601 1.5467 1.8385 4.6675 10.2225 3.8842 21.5385 2.6208 0.4559
Car -1 -1 2.0173 1200.1636 771.4342 1512.1320 976.3955 1.6455 1.7978 3.9735 4.5895 3.5185 17.0422 2.3119 0.2687
Car -1 -1 1.8839 1195.7502 813.7505 1403.2604 972.8806 1.3947 1.5322 3.6061 4.5164 4.1175 19.6279 2.1365 0.1602
