Pedestrian -1 -1 2.4460 0.0000 789.6508 95.5827 987.1893 1.4135 0.6797 0.9224 -7.6761 2.8086 12.1283 1.8403 0.2613
Pedestrian -1 -1 -1.9843 0.0000 735.2766 62.5751 929.6786 1.7867 0.6262 0.7087 -9.3547 2.9062 14.7131 -2.5821 0.2329
Pedestrian -1 -1 -2.0631 1228.0056 765.4884 1276.4746 867.5020 1.4539 0.5383 0.5237 4.3820 3.6032 22.5366 -1.8480 0.1769
Pedestrian -1 -1 -0.7339 1025.2780 764.9491 1110.7843 916.8788 1.7167 0.6658 0.8076 1.3090 3.4824 18.3450 -0.6459 0.1268
Pedestrian -1 -1 -0.9051 1136.1088 758.2377 1253.9388 910.9315 1.7283 0.6490 1.5385 2.9800 3.4894 18.9973 -0.7270 0.1193
Pedestrian -1 -1 -0.0570 943.0677 765.9708 1021.4702 918.4401 1.4065 0.6744 0.7452 0.1991 2.8346 14.7899 -0.0318 0.1154
Pedestrian -1 -1 -2.1506 0.0000 779.9655 88.1360 1033.4338 1.6828 0.6316 1.3114 -7.2450 2.8894 11.1067 -2.7751 0.1010
Cyclist -1 -1 -0.9051 1136.1088 758.2377 1253.9388 910.9315 1.7283 0.6490 1.5385 2.9800 3.4894 18.9973 -0.7270 0.3748
Cyclist -1 -1 -2.2791 0.0000 751.7158 63.5345 972.0516 1.5128 0.7757 1.7647 -7.9515 2.5338 11.4773 -2.9328 0.2406
Car -1 -1 2.6939 1027.7620 796.8630 1359.9733 942.2880 1.3829 1.6686 3.7298 2.8617 3.6735 18.6145 2.8689 0.1281
