Cyclist -1 -1 1.9564 1781.9025 827.8861 1884.1918 938.7057 1.5825 0.7886 1.9306 14.8608 5.1609 25.4783 2.5174 0.3057
Cyclist -1 -1 -1.2469 1161.2086 860.6098 1244.9930 997.2124 1.5801 0.6108 1.8064 3.4903 5.1125 21.4731 -1.0642 0.2447
Cyclist -1 -1 0.2744 0.0000 774.0214 47.7261 1077.7063 1.3918 0.6285 1.3907 -5.7354 2.2460 7.9920 -0.4273 0.1401
Cyclist -1 -1 -0.5646 1550.6300 834.0804 1686.2526 953.1385 1.6134 0.8371 1.6839 9.9132 4.8455 22.5912 -0.1187 0.1111
Car -1 -1 1.8091 1585.0698 820.0290 1763.5266 947.7698 1.4823 1.7412 4.3011 12.5790 5.1939 26.2509 2.2863 0.6752
Car -1 -1 2.2404 830.7054 808.4594 1220.6737 1040.0546 1.4881 1.7889 3.9344 0.7549 3.5735 14.9306 2.3069 0.6564
Car -1 -1 1.8741 1701.8612 816.6833 1879.5043 924.4018 1.4328 1.7061 4.4462 16.4411 5.4945 29.5533 2.4114 0.5120
Car -1 -1 2.0947 1455.7704 823.3687 1711.1289 962.7194 1.4481 1.7157 4.0203 9.4926 4.7111 22.7204 2.5222 0.4329
Car -1 -1 1.9376 1108.4094 857.8057 1306.0865 1006.2127 1.3404 1.5648 3.5264 3.5942 4.9733 21.4154 2.1258 0.1948
Car -1 -1 1.9865 1766.8831 809.6280 1933.0270 892.3942 1.3195 1.6315 4.0682 20.0703 5.7099 33.7317 2.5512 0.1435
