Pedestrian -1 -1 1.3144 634.8392 815.6055 697.2883 960.9271 1.6205 0.5980 0.6603 -3.6014 3.9994 18.2264 1.1179 0.1654
Pedestrian -1 -1 0.8771 1455.5874 810.1703 1491.8927 892.0501 1.6173 0.4734 0.5656 10.7744 5.5563 31.4483 1.2314 0.1365
Pedestrian -1 -1 -1.6536 1437.2231 812.3499 1463.2020 900.6580 1.7205 0.4776 0.5640 10.0950 5.6337 30.8853 -1.3138 0.1102
Cyclist -1 -1 1.9897 1712.0671 823.0659 1818.4427 936.9596 1.6141 0.8425 1.8789 13.5492 5.0701 25.1887 2.5158 0.3576
Cyclist -1 -1 -1.1710 1120.2272 847.4513 1214.2759 984.8461 1.6045 0.6557 1.8052 2.9726 4.9359 21.4464 -1.0129 0.2969
Cyclist -1 -1 2.6255 1494.8185 832.0081 1633.9220 953.8796 1.6794 0.8413 1.7848 9.1997 4.9145 22.8498 3.0392 0.1523
Car -1 -1 2.2437 757.0049 820.4911 1151.7927 1060.3259 1.4846 1.7645 3.9777 0.0607 3.6909 14.7723 2.2598 0.6798
Car -1 -1 1.8443 1538.3519 818.4310 1725.3375 947.3477 1.5009 1.7665 4.3853 11.8669 5.1948 26.3181 2.2975 0.5709
Car -1 -1 1.8339 1651.8035 816.3630 1809.9161 922.4186 1.4551 1.6941 4.2316 15.6150 5.5979 30.2474 2.3389 0.5489
Car -1 -1 2.1550 1409.6312 826.2029 1671.5939 963.5605 1.4269 1.6800 4.0324 8.8161 4.7219 22.6641 2.5568 0.4247
Car -1 -1 1.9340 1085.4532 854.9207 1274.2129 998.8106 1.3253 1.5291 3.3466 3.2020 4.9067 21.4540 2.1031 0.2690
Car -1 -1 1.9808 1718.7144 808.7455 1881.3724 890.2791 1.2849 1.6288 4.0666 18.9515 5.6596 33.7386 2.5202 0.2074
Car -1 -1 1.6515 1702.1400 830.1355 1830.8234 952.9075 1.3911 1.5060 3.4478 13.4801 5.0694 24.9572 2.1795 0.1031
