Pedestrian -1 -1 -0.0463 1021.4005 798.3477 1042.0621 859.4052 1.8178 0.5836 0.6234 2.1890 7.2460 46.5040 0.0150 0.3578
Cyclist -1 -1 2.0528 830.5905 770.0826 972.3055 951.8290 1.7165 0.7485 1.9829 -0.6402 3.4563 16.8651 2.0231 0.4147
Cyclist -1 -1 -0.8314 667.1269 790.9727 794.2981 929.2791 1.7353 0.7374 1.9566 -3.4007 4.3165 22.2254 -0.9795 0.3745
Cyclist -1 -1 -1.7762 1620.2433 791.9363 1660.2571 855.6656 1.7929 0.8210 2.1266 22.2908 7.4068 49.1294 -1.3290 0.2733
Cyclist -1 -1 -1.6639 1415.1040 795.3307 1455.1414 878.5339 1.8080 0.8293 1.7515 11.8152 6.1703 37.3288 -1.3357 0.1829
Car -1 -1 -0.7142 0.0000 761.0427 408.9343 1139.0680 1.4999 1.7480 4.0084 -5.5815 2.5768 9.6616 -1.2933 0.9447
Car -1 -1 1.9210 1001.9124 808.9288 1155.1757 915.6234 1.4347 1.7044 4.0685 2.4207 5.3866 29.9107 2.0177 0.9205
Car -1 -1 2.1467 723.6265 795.1478 992.6825 959.9874 1.5347 1.7258 4.0958 -1.3052 4.1407 20.6850 2.0919 0.8748
Car -1 -1 1.9007 893.9451 803.2266 1074.3281 937.8580 1.5032 1.6851 4.1658 0.4800 4.7398 24.8951 1.9334 0.8680
Car -1 -1 -1.8769 1422.0524 804.1970 1529.2657 875.8383 1.4757 1.8867 3.7316 14.4647 6.7700 42.2516 -1.5260 0.1842
