Pedestrian -1 -1 1.0739 1124.7479 810.2632 1160.8134 896.9252 1.5269 0.4778 0.5411 3.4119 5.0553 28.1282 1.2124 0.1353
Pedestrian -1 -1 1.5184 1232.6055 800.1415 1259.6545 882.9948 1.6520 0.5412 0.5467 5.9878 5.3740 31.4500 1.7262 0.1020
Cyclist -1 -1 -0.8530 946.4813 797.5913 1083.9261 940.1247 1.7315 0.7103 2.1899 0.8076 4.3574 21.7056 -0.8014 0.4230
Cyclist -1 -1 2.1436 1386.0386 822.0911 1504.2980 945.1324 1.5760 0.8099 1.8644 7.4186 4.7125 22.8967 2.4852 0.2576
Car -1 -1 1.8256 1415.0961 818.7848 1557.5634 923.2773 1.4324 1.6793 4.1492 10.8556 5.7021 30.7557 2.1896 0.8349
Car -1 -1 2.2587 504.7474 805.5592 955.2205 1073.4841 1.4611 1.7653 4.0540 -1.8650 3.3325 13.3006 2.1161 0.8325
Car -1 -1 1.9916 1158.8005 819.7875 1391.1509 969.5059 1.4674 1.7596 4.3344 4.8707 4.7301 22.7814 2.2258 0.7928
Car -1 -1 1.9002 1299.3492 820.0308 1480.0428 945.9703 1.4675 1.6991 4.2656 7.6730 5.2188 26.5281 2.2064 0.7658
Car -1 -1 1.9644 924.1472 834.5529 1113.5094 974.4837 1.3506 1.5430 3.3714 0.9154 4.6725 21.8416 2.0211 0.1078
Car -1 -1 -1.8405 1828.6179 782.2209 1936.0000 892.0620 1.5774 1.9080 3.9279 18.8435 4.9450 29.8453 -1.2461 0.1039
