Pedestrian -1 -1 0.1098 1101.7722 800.8527 1123.2933 864.0567 1.8816 0.5796 0.6026 4.7371 7.4315 46.8189 0.2261 0.2511
Cyclist -1 -1 -0.9847 716.2941 792.7717 837.4023 935.1660 1.7494 0.7621 2.0330 -2.6829 4.3397 21.9957 -1.1007 0.4425
Cyclist -1 -1 1.9326 954.5833 784.6360 1071.6040 951.7751 1.6998 0.7549 1.9734 0.6629 3.7653 18.2815 1.9832 0.3455
Cyclist -1 -1 -1.8007 1711.0706 800.5164 1755.3105 864.6570 1.7332 0.8427 2.0638 24.5421 7.4505 47.5782 -1.3023 0.3052
Car -1 -1 2.3758 0.0000 779.1294 537.0589 1114.1042 1.4297 1.7466 3.9306 -4.8843 2.7331 10.4966 1.8979 0.9037
Car -1 -1 1.9018 1082.7983 810.1745 1231.1143 915.6553 1.4431 1.6948 4.0370 4.0346 5.4679 30.3045 2.0521 0.8996
Car -1 -1 2.0951 812.1161 803.4355 1068.5365 965.1613 1.5164 1.7353 4.1654 -0.1800 4.3139 21.1961 2.0983 0.8667
Car -1 -1 1.9402 974.7390 807.8178 1156.4537 937.3936 1.4809 1.6569 4.1333 1.8747 4.8811 25.5786 2.0294 0.8658
Car -1 -1 -1.6677 1501.4209 801.0634 1590.6256 885.8135 1.5162 1.8022 3.7999 14.5951 6.1770 37.4849 -1.2732 0.2667
Car -1 -1 1.9233 904.3614 813.7022 1122.0126 980.3194 1.3628 1.5464 3.3285 0.7216 3.8951 18.2233 1.9776 0.1395
