Pedestrian -1 -1 0.1272 1061.8062 804.8805 1082.4138 867.4745 1.8637 0.5539 0.5699 3.4675 7.5320 46.7654 0.2161 0.3023
Pedestrian -1 -1 1.3252 1042.4044 813.7678 1067.3271 880.6703 1.7623 0.5741 0.5836 2.6031 7.0618 41.6251 1.4025 0.1139
Pedestrian -1 -1 0.2814 1051.5394 808.4264 1073.5837 872.3665 1.8761 0.5368 0.5470 3.1322 7.5921 46.2275 0.3638 0.1023
Cyclist -1 -1 2.0915 906.6908 779.2780 1046.7777 952.4800 1.7329 0.7430 2.0393 0.2171 3.6932 17.9244 2.1162 0.4095
Cyclist -1 -1 -0.8346 686.9041 787.2886 819.9362 928.0280 1.7479 0.7755 2.0316 -3.0396 4.2589 22.0670 -0.9670 0.3889
Cyclist -1 -1 -1.6348 1679.2828 796.3836 1710.3353 860.5275 1.7705 0.8140 2.0815 23.7121 7.4447 48.3656 -1.1573 0.2034
Cyclist -1 -1 -1.7298 1460.2440 799.4064 1505.3282 882.8805 1.8104 0.8405 1.6034 12.8678 6.2221 36.9367 -1.3721 0.1083
Car -1 -1 1.8890 1048.5348 808.9451 1196.3105 914.6476 1.4364 1.7195 4.0546 3.3246 5.4218 30.1828 2.0157 0.9228
Car -1 -1 2.4755 0.0000 775.2846 490.3750 1133.2324 1.4574 1.7500 3.9978 -5.2172 2.6926 10.1021 1.9507 0.8875
Car -1 -1 2.0976 774.9607 793.5159 1034.7065 959.4667 1.5886 1.7740 4.1636 -0.6769 4.2262 21.1413 2.0758 0.8593
Car -1 -1 1.9810 935.9257 802.9864 1125.0350 932.1481 1.4819 1.6596 4.0955 1.2678 4.7718 25.4263 2.0457 0.5635
Car -1 -1 1.9897 859.5201 814.2744 1091.7783 981.9443 1.3500 1.5308 3.3362 0.2644 3.8644 18.0208 2.0173 0.1598
