Pedestrian -1 -1 2.9492 960.6703 801.7415 984.3861 864.6093 1.8551 0.5988 0.6401 0.3477 7.3887 46.4447 2.9702 0.2668
Pedestrian -1 -1 0.3595 1659.6028 806.2584 1719.1179 891.6131 1.8302 0.7812 1.0538 17.2780 6.2139 35.4939 0.8379 0.2444
Pedestrian -1 -1 2.0313 1239.5107 805.7277 1273.1012 863.2885 1.6471 0.6767 0.9467 9.2791 7.4036 47.0249 2.2436 0.1148
Pedestrian -1 -1 1.1822 140.6379 753.1902 282.1822 1033.1396 1.6910 0.6034 0.6855 -4.9600 2.5784 9.8943 0.6681 0.1042
Cyclist -1 -1 2.2203 711.0682 775.8936 884.0916 973.0756 1.7150 0.7407 1.9925 -1.6749 3.4006 15.6500 2.1157 0.3906
Cyclist -1 -1 -0.8120 618.7520 801.4096 747.4271 943.1288 1.7567 0.6769 1.9985 -4.0837 4.4862 22.1038 -0.9923 0.3568
Cyclist -1 -1 -1.7797 1557.2054 802.2759 1594.9032 864.4417 1.7671 0.7958 1.9990 20.3820 7.7773 49.6120 -1.3695 0.3026
Cyclist -1 -1 0.9469 1646.9263 807.9134 1714.6652 890.3816 1.7465 0.8480 1.3358 17.1187 6.1928 35.6078 1.4204 0.2162
Cyclist -1 -1 1.3957 1504.0555 816.0816 1536.7748 875.1158 1.7077 0.7661 1.7718 18.8055 8.2621 50.3243 1.7731 0.1923
Car -1 -1 1.9132 945.3293 806.0892 1099.5526 915.6542 1.4619 1.7079 4.1017 1.2878 5.3082 29.5233 1.9713 0.9326
Car -1 -1 2.5360 0.0000 762.4817 306.5739 1187.6757 1.5058 1.7198 4.0287 -6.0400 2.5237 8.8851 1.8729 0.8903
Car -1 -1 2.1234 665.9264 802.1118 932.8463 972.1319 1.5194 1.6726 4.0093 -2.0430 4.1526 20.0522 2.0275 0.8846
Car -1 -1 1.8698 838.1437 802.2458 1013.5331 938.0083 1.5097 1.6995 4.1017 -0.4822 4.6900 24.6086 1.8617 0.8845
Car -1 -1 -1.8134 1370.1084 807.2713 1461.5955 876.1036 1.4678 1.8001 3.5468 13.1473 6.9885 43.4363 -1.4995 0.3374
Car -1 -1 2.0717 650.1506 809.8074 943.8720 1009.2117 1.3692 1.5384 3.5615 -1.6048 3.5635 15.8062 1.9734 0.1076
