Pedestrian -1 -1 1.5129 1557.7412 797.9651 1591.6801 882.1945 1.8186 0.7075 0.9667 14.4457 5.9627 35.2324 1.9263 0.3110
Pedestrian -1 -1 -0.8713 528.6233 787.7526 627.7189 930.0840 1.8364 0.6465 1.4107 -5.5800 4.3000 21.8463 -1.1230 0.1297
Pedestrian -1 -1 1.3146 1145.5479 814.1455 1176.6703 869.0807 1.5633 0.7788 0.8174 6.1554 7.4529 46.0923 1.4636 0.1225
Cyclist -1 -1 2.3500 410.6469 753.7224 660.2203 1014.9324 1.7799 0.7704 2.0628 -3.4582 2.9386 12.3588 2.0577 0.3632
Cyclist -1 -1 1.4564 1404.1145 809.3674 1432.1753 871.9617 1.7579 0.6981 1.9356 14.9653 7.9299 49.0169 1.7717 0.3064
Cyclist -1 -1 -1.6355 1454.2682 809.2823 1482.4889 870.8271 1.7897 0.8230 2.1547 17.4604 8.2840 51.5230 -1.2896 0.1927
Cyclist -1 -1 -0.8565 521.9971 788.5138 625.6815 932.7117 1.8376 0.6544 1.4679 -5.5995 4.2977 21.6824 -1.1111 0.1327
Cyclist -1 -1 -1.6442 1305.6897 801.3149 1337.4929 870.0180 1.7979 0.8328 1.7545 10.8061 7.2043 44.8910 -1.3895 0.1076
Car -1 -1 1.9191 832.4971 798.3533 994.8890 912.4972 1.4771 1.7082 4.2299 -0.8149 5.0530 28.5523 1.9020 0.9336
Car -1 -1 1.8874 716.4603 792.1625 902.4689 933.7155 1.5228 1.6887 3.9412 -2.2459 4.3519 23.1844 1.7978 0.9324
Car -1 -1 2.0631 539.6091 797.0727 815.7363 978.6898 1.4994 1.6630 3.9894 -3.3726 3.8870 18.5838 1.8831 0.8630
Car -1 -1 -0.5293 0.0000 740.8970 36.3396 1216.0000 1.5383 1.7509 3.9693 -6.7238 2.2524 7.0926 -1.3814 0.7067
Car -1 -1 -1.5520 1288.1139 804.9762 1359.6604 874.5275 1.4518 1.9060 3.7908 10.7277 7.0117 44.0883 -1.2946 0.1507
