Pedestrian -1 -1 1.3771 1597.8413 804.5043 1637.0624 889.1772 1.8392 0.6927 1.0053 15.5604 6.1691 35.4801 1.8150 0.3117
Pedestrian -1 -1 1.4290 867.2806 792.1921 886.7906 857.0971 1.9133 0.5335 0.5451 -2.5946 7.0988 46.0366 1.3846 0.1039
Cyclist -1 -1 2.2766 559.2783 758.1688 769.3845 992.1885 1.7919 0.7609 2.0365 -2.6806 3.1131 13.7505 2.0757 0.3601
Cyclist -1 -1 1.4614 1443.7550 812.6162 1471.0939 873.2120 1.7300 0.6992 1.8525 16.4995 8.0992 49.7588 1.8008 0.3089
Cyclist -1 -1 -0.8642 564.2418 802.9111 678.6813 943.5827 1.7635 0.6712 1.7430 -4.9806 4.4954 22.0225 -1.0863 0.2113
Cyclist -1 -1 -1.7850 1495.3496 807.0196 1534.2566 868.4833 1.7698 0.8477 2.0930 18.7462 8.0765 50.6850 -1.4110 0.1871
Cyclist -1 -1 -1.6573 1343.1917 804.1653 1377.4950 870.4725 1.7383 0.8865 1.8193 12.1224 7.3061 45.4692 -1.3778 0.1519
Cyclist -1 -1 1.7263 1591.3650 808.6854 1637.0325 891.6074 1.7373 0.7715 1.2958 15.4705 6.1832 35.4225 2.1627 0.1361
Car -1 -1 1.9493 877.5735 802.9489 1042.7090 915.0095 1.4615 1.7218 4.1857 0.0666 5.1789 28.9588 1.9643 0.9166
Car -1 -1 2.1426 586.5922 800.8022 870.2120 975.0709 1.4849 1.6985 4.0035 -2.8666 4.0113 19.3044 1.9975 0.9159
Car -1 -1 -0.5300 0.0000 750.6818 166.5082 1216.0000 1.5196 1.7633 3.9783 -6.5114 2.3706 7.9634 -1.2954 0.8591
Car -1 -1 1.9581 757.9333 802.8098 957.4800 942.9966 1.4810 1.6737 4.1182 -1.5262 4.5588 23.6515 1.9026 0.8264
Car -1 -1 -1.4127 824.4976 784.6771 908.7501 861.3301 1.7369 1.8375 4.7829 -2.8907 6.9898 46.6876 -1.4629 0.1221
Car -1 -1 -1.6848 1319.3442 814.1617 1390.1472 879.5209 1.4276 1.7503 3.5265 11.9106 7.4162 45.4375 -1.4096 0.1009
