Pedestrian -1 -1 1.4044 1463.5156 786.3228 1498.1941 870.9074 1.7856 0.6403 0.7087 11.6482 5.4502 33.5397 1.7624 0.5368
Pedestrian -1 -1 3.2825 713.3996 788.2137 735.5720 858.9904 1.9559 0.5367 0.5534 -6.7818 6.6643 42.8440 3.1347 0.2420
Pedestrian -1 -1 1.6885 766.9893 783.5799 788.1013 848.3342 1.8945 0.5687 0.5694 -5.5808 6.7467 45.4421 1.5765 0.1623
Pedestrian -1 -1 0.6647 929.5131 797.6620 965.1766 852.4885 1.4941 0.5901 0.8856 -0.4145 6.6875 44.4481 0.6682 0.1262
Pedestrian -1 -1 0.3792 708.2249 784.5400 730.5197 855.7770 1.9853 0.5340 0.4715 -7.0178 6.6512 43.3946 0.2280 0.1154
Pedestrian -1 -1 0.2397 708.7225 797.7750 734.5148 866.2358 1.8523 0.5456 0.6040 -6.7718 6.7734 42.2702 0.0900 0.1049
Pedestrian -1 -1 1.5021 1492.5724 792.4028 1522.5774 869.0807 1.6284 0.6106 0.5943 12.3341 5.4535 33.7742 1.8763 0.1009
Cyclist -1 -1 2.4990 0.0000 696.2726 157.6828 1133.4727 1.7826 0.7455 1.9527 -5.0756 2.1889 7.4741 1.8169 0.3479
Cyclist -1 -1 1.4023 1301.8942 799.3854 1334.1830 866.1707 1.8002 0.7013 1.8546 11.0223 7.3073 46.2456 1.6546 0.3109
Cyclist -1 -1 -1.7288 1195.0614 802.9507 1229.0419 864.2086 1.7952 0.8748 1.8162 8.3884 7.8679 50.0849 -1.5462 0.1481
Car -1 -1 2.1286 328.2997 780.7772 670.6068 984.3208 1.4872 1.6950 4.0929 -4.8889 3.4343 16.4843 1.8294 0.9382
Car -1 -1 -1.2966 706.7937 784.7832 866.3741 904.7674 1.4929 1.7388 4.0201 -2.9864 4.5434 26.4044 -1.4022 0.9285
Car -1 -1 1.9135 566.7103 784.6439 780.1394 933.6051 1.4324 1.6582 4.1221 -3.9435 3.9277 21.1934 1.7303 0.7512
