Pedestrian -1 -1 1.9053 1211.8096 809.9477 1240.4417 866.3823 1.6177 0.6341 0.8330 8.2895 7.4725 46.7948 2.0977 0.1582
Pedestrian -1 -1 0.7048 1131.7743 802.0844 1167.2838 854.9628 1.5139 0.7114 0.8517 5.9266 7.1587 47.0870 0.8460 0.1524
Pedestrian -1 -1 1.2180 1634.2999 797.2753 1687.9734 882.1648 1.8430 0.8426 1.1049 16.5943 6.0016 35.4816 1.6808 0.1246
Cyclist -1 -1 2.2075 639.4955 766.4300 824.5112 982.5250 1.7662 0.7403 2.0190 -2.2067 3.2568 14.6844 2.0555 0.3637
Cyclist -1 -1 -0.7968 601.5524 796.7966 728.6982 936.8555 1.7625 0.6630 1.9789 -4.3895 4.4423 22.3043 -0.9893 0.3421
Cyclist -1 -1 1.4396 1480.3463 809.4858 1510.3929 869.7117 1.7183 0.7367 1.8878 17.7828 7.9915 49.8198 1.8020 0.2865
Cyclist -1 -1 -1.7682 1530.9559 807.6067 1569.3575 870.3608 1.7778 0.8337 2.1203 19.6814 8.0257 50.0173 -1.3732 0.1996
Cyclist -1 -1 -1.5848 1376.8324 806.2261 1407.5535 873.8524 1.7057 0.8592 1.9580 12.8175 7.2260 44.4664 -1.2846 0.1070
Car -1 -1 1.8972 919.8246 806.8749 1072.8749 915.4648 1.4268 1.7241 4.0805 0.7685 5.2594 29.2819 1.9372 0.9520
Car -1 -1 2.5979 0.0000 755.7672 263.0167 1192.7811 1.4991 1.7034 3.9611 -6.1936 2.4369 8.5670 1.9008 0.9189
Car -1 -1 1.9011 806.8405 800.7678 986.5488 935.6916 1.4855 1.6650 3.9389 -0.9443 4.5747 24.1401 1.8724 0.9099
Car -1 -1 2.0983 639.8999 798.5203 901.6259 966.9241 1.4978 1.6587 3.9455 -2.3999 4.0512 19.8529 1.9823 0.9026
Car -1 -1 -1.7182 1341.3147 815.8035 1418.8318 883.2659 1.4227 1.7550 3.4752 12.2258 7.2531 43.8272 -1.4268 0.1241
