Pedestrian -1 -1 1.6197 1539.1832 785.2538 1572.6075 867.6805 1.7812 0.6621 0.9252 13.9432 5.6008 35.0595 2.0226 0.4755
Pedestrian -1 -1 -0.9057 538.7261 781.6652 630.4553 922.0980 1.8582 0.6707 1.2770 -5.5564 4.2518 22.1141 -1.1532 0.1666
Cyclist -1 -1 2.2893 345.3952 742.3813 600.8394 1019.1063 1.7872 0.7575 2.0467 -3.7421 2.7901 11.6754 1.9533 0.3589
Cyclist -1 -1 1.4412 1386.6404 803.6188 1416.0291 865.5975 1.7274 0.7060 1.9254 14.2654 7.6457 48.5121 1.7462 0.3555
Cyclist -1 -1 -1.6302 1285.5363 799.9965 1316.8956 866.4601 1.8086 0.8861 2.0083 10.7610 7.4823 47.3886 -1.3889 0.1968
Cyclist -1 -1 -1.6222 1439.3739 802.9564 1467.1333 863.6317 1.7873 0.8464 2.1432 17.0746 8.1075 51.9339 -1.2856 0.1341
Car -1 -1 2.0067 808.8414 795.6672 988.7482 910.8846 1.4813 1.7328 4.2256 -1.0855 4.9712 28.2782 1.9792 0.9183
Car -1 -1 1.9107 695.8019 793.0247 887.4915 932.5865 1.4779 1.6751 3.9873 -2.5104 4.3168 23.1157 1.8089 0.9180
Car -1 -1 2.0305 522.6900 790.9972 794.1183 974.5600 1.5237 1.6620 3.9966 -3.5805 3.8109 18.4452 1.8372 0.8933
Car -1 -1 -0.5449 0.0000 737.1917 25.7921 1216.0000 1.5304 1.8181 4.1959 -6.7349 2.2133 6.8816 -1.4164 0.4189
