Pedestrian -1 -1 1.4769 1524.0449 788.6185 1555.3688 869.4246 1.7491 0.6272 0.7018 13.3520 5.5764 34.5315 1.8702 0.6101
Pedestrian -1 -1 -0.8712 525.5786 777.1031 605.9744 921.5990 1.9435 0.6113 1.0499 -5.8073 4.2435 21.9938 -1.1314 0.1711
Cyclist -1 -1 2.3515 236.6908 723.8622 523.4890 1021.9488 1.7885 0.7521 2.0131 -4.1056 2.5717 10.7604 1.9511 0.3961
Cyclist -1 -1 1.4062 1362.7469 806.8934 1394.6477 871.4377 1.7905 0.7168 1.9166 13.4146 7.7651 48.0972 1.6969 0.3598
Cyclist -1 -1 -1.6077 1411.6337 802.7037 1438.4868 862.4194 1.7544 0.8518 2.1568 16.1054 8.0702 51.9647 -1.2884 0.1390
Cyclist -1 -1 -1.7197 1259.4618 797.0190 1296.2069 859.2872 1.7440 0.9239 1.8243 10.1608 7.3838 48.0552 -1.4937 0.1323
Car -1 -1 -1.2793 666.7449 786.8769 854.0038 930.0113 1.5015 1.6940 3.9800 -2.9156 4.1721 22.5524 -1.4030 0.9203
Car -1 -1 1.9288 784.1356 792.3804 952.3140 910.1180 1.5069 1.7162 4.2038 -1.6345 4.8786 27.8427 1.8802 0.9018
Car -1 -1 2.0951 465.8072 792.2503 765.5450 979.8612 1.4769 1.6612 4.0719 -3.9602 3.7221 17.8723 1.8731 0.8350
Car -1 -1 1.5289 1250.5741 807.8712 1308.7712 866.7966 1.3778 1.7368 3.2882 10.1362 7.4399 47.7701 1.7556 0.1332
Car -1 -1 2.2014 95.5015 757.5782 601.5836 1051.2612 1.4452 1.6382 3.7363 -4.3029 2.6147 11.1765 1.7999 0.1036
