Pedestrian -1 -1 1.4516 1440.3993 779.7532 1473.6063 867.1528 1.8012 0.6285 0.6311 10.7809 5.2094 32.5353 1.7954 0.5004
Pedestrian -1 -1 -1.5906 1469.8093 781.1795 1503.4819 876.8160 1.8855 0.6618 0.7754 11.0728 5.2289 31.5164 -1.2281 0.1263
Pedestrian -1 -1 0.5764 863.0510 785.3921 891.9175 841.8167 1.6866 0.6450 0.6749 -2.6718 6.8545 47.7049 0.5322 0.1226
Pedestrian -1 -1 0.1288 992.6057 801.5035 1024.1710 844.2570 1.3371 0.7500 0.9787 1.6090 7.4105 50.9745 0.1741 0.1181
Pedestrian -1 -1 2.0540 1006.4543 807.8732 1042.6285 866.9825 1.5595 0.6577 1.0057 1.8551 6.9888 43.7732 2.1105 0.1155
Cyclist -1 -1 1.4361 1271.5128 792.5463 1303.3701 860.1993 1.7462 0.7099 1.8724 9.6641 6.8272 44.3565 1.6688 0.3257
Cyclist -1 -1 -1.6805 1163.3354 793.2660 1193.9340 855.4644 1.8245 0.8415 1.8494 7.2470 7.5519 49.9262 -1.5202 0.1241
Car -1 -1 -1.3192 660.6821 781.6635 820.5293 901.3446 1.4419 1.7378 3.9117 -3.6506 4.3194 25.4081 -1.4568 0.9595
Car -1 -1 2.1460 238.0222 784.1147 615.0245 1001.3737 1.4633 1.7279 4.1015 -5.3087 3.3451 15.4809 1.8001 0.9128
Car -1 -1 1.9504 499.4499 783.4290 732.7883 939.2490 1.4210 1.6576 4.0566 -4.4955 3.7791 20.1113 1.7283 0.5578
