Pedestrian -1 -1 1.4487 1392.3813 783.0740 1431.3625 879.5688 1.8372 0.6809 0.8690 9.2072 5.1236 30.5785 1.7648 0.6036
Pedestrian -1 -1 1.7823 963.8738 806.0046 990.0989 860.0870 1.6534 0.6386 1.2008 0.5381 7.8837 50.7868 1.8064 0.1491
Cyclist -1 -1 1.4924 1218.0344 794.1112 1248.4771 869.1207 1.7567 0.6960 1.9001 7.3468 6.4451 40.4505 1.6899 0.4215
Cyclist -1 -1 1.8969 965.8592 807.0679 997.8956 864.8860 1.7455 0.6470 1.4406 0.7073 8.0417 50.8989 1.9245 0.2033
Cyclist -1 -1 -1.6215 1118.2670 807.4902 1144.0314 866.8121 1.7473 0.8066 1.8753 5.7808 8.0878 50.9629 -1.4930 0.1304
Cyclist -1 -1 1.4900 1392.5798 784.9348 1430.0374 881.2007 1.8232 0.6824 0.9016 9.1906 5.1492 30.5620 1.8057 0.1012
Car -1 -1 -1.2510 563.0242 771.5071 751.6146 903.5936 1.4737 1.7078 3.9623 -4.6302 3.9667 23.3576 -1.4454 0.9565
Car -1 -1 2.1657 16.5187 775.4232 486.3457 1027.4688 1.4233 1.7367 4.2007 -5.9952 2.9815 13.2778 1.7130 0.9028
Car -1 -1 1.9880 348.9854 779.1545 633.4249 958.3041 1.4332 1.6987 4.1590 -5.4230 3.4974 17.8489 1.6836 0.6886
Car -1 -1 1.4097 1091.9851 804.7849 1160.2723 863.0558 1.4452 1.7798 3.9934 5.6477 7.9007 51.6384 1.5341 0.1499
