Pedestrian -1 -1 1.0233 1644.7693 745.0603 1773.4071 977.8256 1.8102 0.7063 0.6949 6.1642 2.8317 12.3560 1.5431 0.6994
Pedestrian -1 -1 0.7834 1676.9795 761.0598 1794.5488 976.6885 1.8341 0.7344 0.6024 7.0305 3.1065 13.5902 1.3139 0.3331
Pedestrian -1 -1 1.9667 653.7196 775.9999 718.4080 881.1122 1.6891 0.6837 1.3094 -4.9188 4.4685 26.7947 1.7891 0.2513
Cyclist -1 -1 1.5039 1054.7360 787.6063 1077.9489 849.7286 1.7763 0.6559 1.8635 3.4079 7.1670 48.6084 1.5885 0.4093
Cyclist -1 -1 1.3263 1240.1892 768.0408 1375.7085 1007.9780 1.7736 0.7646 1.9904 3.0259 3.1374 13.2483 1.5848 0.3634
Cyclist -1 -1 -1.0765 250.4181 754.1703 381.0298 905.3864 1.6914 0.7022 2.0366 -8.3962 3.4715 19.5506 -1.4954 0.3393
Cyclist -1 -1 1.9667 653.7196 775.9999 718.4080 881.1122 1.6891 0.6837 1.3094 -4.9188 4.4685 26.7947 1.7891 0.2500
Cyclist -1 -1 3.2640 622.8486 771.0935 685.0714 830.1568 1.7405 0.7613 1.8204 -9.5912 6.3513 46.7185 3.0696 0.1112
Cyclist -1 -1 -1.5563 1092.1228 787.6612 1117.8799 848.2262 1.8331 0.8311 2.0061 5.0000 7.6001 51.9391 -1.4452 0.1061
Car -1 -1 -0.6954 0.0000 666.5824 43.8420 1186.3986 1.6676 1.8463 4.2258 -6.7412 1.9304 7.2852 -1.5360 0.4715
