Pedestrian -1 -1 0.9281 1788.7252 724.1809 1936.0000 1023.9003 1.8719 0.7124 0.8521 6.1615 2.5684 10.0587 1.5529 0.5687
Pedestrian -1 -1 0.2317 1813.0699 748.0746 1934.4395 1014.3848 1.8722 0.7623 0.5941 6.9741 2.8526 11.4279 0.8459 0.2402
Pedestrian -1 -1 2.0379 445.2934 767.7167 497.4970 861.2010 1.7391 0.7645 0.6462 -9.6093 4.5780 29.3488 1.7213 0.1028
Cyclist -1 -1 1.8011 602.7264 770.6501 673.3500 889.1476 1.6448 0.6991 1.8569 -5.1641 4.0744 23.9930 1.5900 0.4694
Cyclist -1 -1 1.1763 1327.0760 731.1479 1562.6954 1075.1447 1.8374 0.7975 2.0534 3.0475 2.5984 9.6704 1.5357 0.4198
Cyclist -1 -1 1.4885 1048.7422 788.7350 1076.6011 854.9296 1.7463 0.7110 1.9173 3.0528 6.7984 45.1557 1.5707 0.3473
Cyclist -1 -1 -1.5896 1080.6543 790.3810 1105.3954 850.0657 1.7817 0.8358 2.1146 4.5563 7.6307 51.7678 -1.4869 0.2013
Cyclist -1 -1 -1.1741 218.2391 765.8870 336.1338 918.0453 1.6257 0.6563 1.9853 -8.5830 3.4977 18.8500 -1.6164 0.1690
Cyclist -1 -1 3.2590 575.8618 770.9759 647.1604 832.3177 1.7122 0.7617 1.9877 -10.4021 6.1087 44.5253 3.0366 0.1247
Car -1 -1 1.5795 1288.6340 787.9323 1404.6149 923.0120 1.7840 1.9489 4.5301 7.3118 5.1151 28.1076 1.8571 0.1523
