Pedestrian -1 -1 1.0131 1720.2153 743.2499 1872.9104 1004.0898 1.8010 0.7264 0.7256 6.1413 2.7030 11.0289 1.5875 0.6265
Pedestrian -1 -1 2.0070 510.7085 771.3204 553.5430 853.3348 1.7447 0.7146 0.6505 -9.6213 5.0658 33.5411 1.7306 0.1027
Pedestrian -1 -1 0.6428 1754.5493 760.7005 1882.6630 1001.4508 1.8517 0.7331 0.5820 7.0737 3.0094 12.3500 1.2231 0.1011
Cyclist -1 -1 1.8395 626.1354 771.8336 696.1217 884.8648 1.6535 0.6934 1.8261 -5.0463 4.2260 25.2462 1.6446 0.4195
Cyclist -1 -1 1.4901 1053.7493 783.6819 1080.9525 849.2306 1.8015 0.7224 1.9231 3.3060 6.8657 46.7314 1.5755 0.3853
Cyclist -1 -1 1.2556 1299.4851 753.2151 1478.5032 1041.3005 1.8019 0.7747 2.0202 3.1615 2.8552 11.2651 1.5730 0.3634
Cyclist -1 -1 -1.1033 234.9234 758.9617 363.7935 908.7162 1.6517 0.6933 2.0600 -8.5448 3.4848 19.4041 -1.5318 0.2264
Cyclist -1 -1 3.2190 546.8068 776.1601 618.4424 835.7875 1.6769 0.7957 2.0508 -11.4951 6.3309 45.4529 2.9782 0.1052
Cyclist -1 -1 -1.6133 1086.9493 787.1604 1112.7196 846.0696 1.7675 0.8328 2.1238 4.8032 7.5212 51.9413 -1.5061 0.1014
Car -1 -1 1.5877 1278.4193 788.7952 1391.3473 914.7395 1.7238 1.9477 4.4014 7.3306 5.1707 29.0649 1.8573 0.1997
