Pedestrian -1 -1 1.6603 700.5610 777.2044 723.3805 833.4944 1.7769 0.6850 0.6144 -8.2189 6.8332 49.3173 1.5045 0.5393
Pedestrian -1 -1 2.1364 18.6441 741.6019 128.3309 938.6768 1.8892 0.7003 0.6830 -8.9418 3.0930 15.0834 1.5728 0.3355
Pedestrian -1 -1 1.6662 723.7242 778.9437 743.2258 830.5295 1.6410 0.5848 0.5498 -7.5504 6.7779 49.5803 1.5247 0.1562
Pedestrian -1 -1 -0.9894 0.0000 735.4920 75.4904 940.6747 1.8685 0.7745 0.7026 -9.0997 2.9570 14.3613 -1.5864 0.1315
Pedestrian -1 -1 1.7983 679.0544 771.0964 710.7803 835.3508 1.7446 0.7554 0.6615 -7.5770 5.9398 42.5600 1.6302 0.1106
Pedestrian -1 -1 1.7735 691.8576 776.6680 714.6716 835.4088 1.7903 0.6092 0.5538 -8.1693 6.6264 47.3626 1.6117 0.1060
Pedestrian -1 -1 1.3376 440.8178 775.1780 505.8069 895.6830 1.4737 0.6556 0.8101 -6.5606 3.5450 20.0951 1.0140 0.1035
Pedestrian -1 -1 1.4421 1423.1473 823.8246 1454.3840 888.9468 1.1437 0.4921 1.1375 9.7568 5.2918 30.5772 1.7750 0.1022
Cyclist -1 -1 1.3746 1158.4429 772.8281 1241.2688 932.8353 1.8093 0.7470 1.9704 3.1214 3.8595 19.7349 1.5536 0.4145
Cyclist -1 -1 1.4647 1084.8970 772.1371 1124.8944 861.6856 1.7627 0.7213 1.9739 3.2212 5.1760 33.6786 1.5761 0.3909
Cyclist -1 -1 -1.5611 1094.9755 782.6436 1122.1445 847.8603 1.8081 0.8117 2.0830 4.7153 6.9629 47.7853 -1.4474 0.1998
Cyclist -1 -1 0.3922 361.7983 781.2595 467.0631 865.3044 1.6259 0.8074 1.8853 -11.3309 4.9159 31.0221 0.0419 0.1102
