Pedestrian -1 -1 1.6733 680.7183 785.7268 706.3270 844.5951 1.6971 0.6962 0.6574 -8.1219 6.6153 45.3803 1.5050 0.5487
Pedestrian -1 -1 1.6334 664.9815 781.7278 690.5826 845.9443 1.7705 0.6862 0.5981 -8.1889 6.3377 43.2135 1.4543 0.4927
Pedestrian -1 -1 1.7582 694.1490 783.0296 717.9470 839.7694 1.5766 0.5817 0.5736 -7.4202 6.2066 43.4911 1.5978 0.1315
Pedestrian -1 -1 2.0729 601.0790 782.1219 638.6584 855.5363 1.6868 0.6863 0.6001 -8.3052 5.5531 36.3905 1.8542 0.1072
Pedestrian -1 -1 1.8821 605.6108 785.5787 647.2995 877.9839 1.8202 0.6593 0.7139 -6.9786 5.2130 31.1900 1.6665 0.1054
Cyclist -1 -1 1.3255 1237.6133 770.1998 1364.4386 1000.7017 1.8238 0.7529 2.0139 3.1640 3.2934 14.1152 1.5781 0.4217
Cyclist -1 -1 1.4327 1105.9325 782.8199 1156.3425 892.7358 1.7501 0.6951 1.9258 3.1134 4.7616 27.5520 1.5627 0.3952
Cyclist -1 -1 -1.5525 1098.0165 790.4880 1123.7570 855.3455 1.7792 0.7434 1.9610 4.7362 7.1255 47.2609 -1.4372 0.2778
Cyclist -1 -1 0.5687 253.8238 783.3751 380.9802 893.1713 1.8455 0.9328 1.9544 -11.8394 4.8280 27.5287 0.1592 0.2448
Car -1 -1 -1.6933 941.5618 795.6088 1006.7610 853.5139 1.4232 1.7936 3.8418 0.3961 7.4234 50.5610 -1.6721 0.5092
Car -1 -1 -1.4640 641.3218 783.7889 731.5260 863.7582 1.5501 1.8746 3.9425 -7.1210 5.9178 39.0785 -1.6365 0.1021
