Pedestrian -1 -1 1.6232 698.4974 777.5815 721.7300 834.8497 1.7800 0.7089 0.6081 -8.1647 6.7797 48.6304 1.4661 0.5951
Pedestrian -1 -1 -0.9897 19.3124 739.1137 133.3327 939.5084 1.9022 0.6683 0.7989 -8.8990 3.0837 15.0636 -1.5517 0.2889
Pedestrian -1 -1 2.2984 0.0000 738.1453 77.6085 933.4349 1.9000 0.6777 0.6419 -9.6031 3.0891 15.3377 1.7104 0.1317
Pedestrian -1 -1 1.5300 429.7651 776.8141 487.2742 905.0250 1.5219 0.6687 0.8205 -6.5437 3.5489 19.4499 1.1963 0.1117
Cyclist -1 -1 1.3468 1166.7640 774.4091 1258.2684 944.2042 1.8124 0.7500 1.9614 3.1131 3.7819 18.7059 1.5350 0.4485
Cyclist -1 -1 1.4645 1087.2527 776.9449 1127.1339 866.9648 1.7047 0.6918 1.9509 3.1679 5.1186 32.5997 1.5776 0.3298
Cyclist -1 -1 0.4729 324.8980 767.2920 436.0067 863.6635 1.8183 0.9017 1.9013 -11.7826 4.7620 30.3709 0.1017 0.2240
Cyclist -1 -1 -1.4729 1094.9673 787.6848 1126.6290 853.2900 1.7787 0.7591 2.1222 4.7302 7.0391 47.2074 -1.3577 0.1268
Car -1 -1 1.2581 1212.4089 809.3588 1322.3394 887.0208 1.5288 1.9094 3.8659 8.3288 6.8369 41.0201 1.4767 0.2333
Car -1 -1 1.6870 689.9282 784.2263 768.1971 853.0080 1.4684 1.7490 3.9091 -6.6357 6.2678 43.0685 1.5430 0.1468
