Pedestrian -1 -1 1.6456 652.4705 778.8449 678.6166 845.6342 1.8018 0.6765 0.6162 -8.3568 6.1891 42.2745 1.4582 0.5351
Pedestrian -1 -1 1.6640 674.9064 786.1792 700.7645 847.1354 1.7186 0.6906 0.6826 -8.1291 6.5550 44.4764 1.4919 0.4570
Pedestrian -1 -1 1.7342 678.2273 778.6608 704.0799 842.4739 1.7539 0.6356 0.6031 -7.7410 6.1932 42.8711 1.5638 0.2350
Pedestrian -1 -1 2.0996 625.6061 790.5497 670.9443 881.9562 1.7408 0.6859 0.6079 -6.3437 5.1437 30.3222 1.8981 0.1672
Pedestrian -1 -1 2.1326 622.6370 784.2607 661.5137 858.9418 1.7407 0.7236 0.6170 -7.9055 5.7330 37.0477 1.9288 0.1535
Pedestrian -1 -1 1.9928 594.2184 782.3330 631.2495 860.3741 1.7544 0.6543 0.6283 -8.2693 5.5303 35.4940 1.7693 0.1455
Pedestrian -1 -1 1.8211 643.5636 781.1290 680.7223 855.5098 1.8123 0.7830 0.6977 -7.6709 5.8597 38.3700 1.6309 0.1370
Pedestrian -1 -1 1.4638 700.2831 791.4852 722.8234 845.5422 1.5181 0.6025 0.7124 -7.5204 6.5807 45.0245 1.3073 0.1189
Pedestrian -1 -1 1.7460 634.1816 795.7662 676.4246 882.7079 1.6193 0.7047 0.7080 -6.0583 5.0467 29.6356 1.5490 0.1098
Pedestrian -1 -1 1.6727 696.0369 789.1057 718.5894 843.3281 1.5002 0.5784 0.7246 -7.4769 6.3781 44.0452 1.5132 0.1092
Cyclist -1 -1 1.2770 1265.9581 766.2386 1416.9614 1023.4789 1.8195 0.7536 1.9878 3.1718 3.1116 12.6729 1.5593 0.3741
Cyclist -1 -1 1.4314 1112.6204 778.5590 1165.8312 896.6489 1.7847 0.6913 1.9363 3.0878 4.5655 26.0937 1.5672 0.3315
Cyclist -1 -1 -1.4499 1100.6766 788.2411 1136.8424 853.2564 1.7819 0.8774 2.0011 5.0097 7.0847 47.4721 -1.3293 0.3287
Cyclist -1 -1 0.5667 234.3049 783.0711 358.4230 892.4739 1.8260 0.8176 1.9116 -12.0248 4.7465 27.0702 0.1446 0.1731
Car -1 -1 -1.7055 938.4466 798.3871 1005.2503 856.6375 1.4100 1.7863 3.8240 0.3144 7.4573 50.1250 -1.6859 0.6717
Car -1 -1 -1.4773 636.6803 783.4748 726.0640 865.5356 1.5546 1.8543 3.9427 -7.1001 5.8282 38.2607 -1.6534 0.1424
