Pedestrian -1 -1 1.6052 609.6873 764.6476 639.5338 841.0399 1.7941 0.6930 0.6396 -8.2983 5.2756 36.8784 1.3894 0.5975
Pedestrian -1 -1 1.7266 640.9994 775.1993 668.6876 841.7443 1.6565 0.6121 0.6468 -8.0037 5.6175 39.0755 1.5313 0.4341
Pedestrian -1 -1 1.6537 663.5578 777.5392 689.3642 840.7338 1.5434 0.5955 0.7105 -7.3779 5.5384 38.7565 1.4727 0.1989
Pedestrian -1 -1 2.0278 536.0776 761.9845 580.4628 855.5372 1.8133 0.6720 0.6074 -8.1927 4.6347 30.4144 1.7667 0.1358
Pedestrian -1 -1 1.0125 560.8710 776.7599 630.5140 884.2237 1.6028 0.8067 0.7985 -5.9833 4.1460 24.4766 0.7727 0.1272
Pedestrian -1 -1 0.5689 719.7489 781.7791 754.5214 840.9352 1.4341 0.6488 0.6466 -5.8375 5.5664 38.9609 0.4284 0.1270
Pedestrian -1 -1 -0.8848 0.0000 710.2278 58.6213 933.8428 1.7416 0.6961 1.4822 -8.6635 2.5260 12.9870 -1.5132 0.1137
Pedestrian -1 -1 -2.2356 1155.4630 808.6759 1206.9242 875.8116 1.5748 0.8910 1.0478 5.7959 6.5046 39.4411 -2.0726 0.1037
Cyclist -1 -1 0.7769 1781.1040 685.1242 1936.0000 1216.0000 1.7761 0.8106 1.9479 3.2111 1.9862 4.2220 1.6256 0.3875
Cyclist -1 -1 1.3809 1179.3173 761.1573 1272.1056 940.5481 1.8242 0.7583 2.0329 3.1116 3.5367 17.7755 1.5786 0.3873
Cyclist -1 -1 -1.5869 1108.9562 786.5318 1138.1931 854.3060 1.8037 0.8749 2.0845 4.9968 6.8981 46.0505 -1.4632 0.3429
Cyclist -1 -1 -0.8848 0.0000 710.2278 58.6213 933.8428 1.7416 0.6961 1.4822 -8.6635 2.5260 12.9870 -1.5132 0.1777
Cyclist -1 -1 -1.5387 962.0218 774.2717 993.3443 838.1199 1.7604 0.8921 1.7718 0.5181 6.4857 46.3975 -1.5143 0.1389
Car -1 -1 -1.4904 726.8747 782.8339 793.0341 846.2075 1.4468 1.6810 4.1946 -6.2657 6.6244 46.8942 -1.6134 0.9352
Car -1 -1 -1.5247 939.1629 785.4160 1002.9598 846.6093 1.4249 1.7639 3.5590 0.3395 6.5893 46.2791 -1.5042 0.4568
