Pedestrian -1 -1 1.6128 621.3096 769.4101 649.2026 840.9928 1.7433 0.6676 0.6690 -8.3592 5.4876 38.3611 1.4044 0.6282
Pedestrian -1 -1 1.7263 649.1693 777.1110 678.0716 843.0270 1.7054 0.6724 0.6524 -8.0748 5.8707 40.5859 1.5372 0.4057
Pedestrian -1 -1 2.0044 551.3288 784.2474 601.4040 884.0714 1.6742 0.6388 0.6825 -6.8758 4.5647 26.7325 1.7537 0.1615
Pedestrian -1 -1 1.8435 647.6270 766.2172 677.0285 834.0660 1.6803 0.6023 0.6081 -7.7392 5.3712 38.7290 1.6529 0.1510
Pedestrian -1 -1 1.8691 569.6678 777.0339 623.1138 877.8723 1.6436 0.7305 0.6719 -6.2920 4.3058 25.8107 1.6309 0.1332
Pedestrian -1 -1 1.8388 654.6830 775.0256 682.3207 836.4170 1.5446 0.5660 0.6421 -7.7591 5.5593 39.6475 1.6525 0.1086
Pedestrian -1 -1 2.0061 547.8218 767.3243 590.7245 856.2494 1.7728 0.6722 0.6152 -8.2116 4.7922 31.3403 1.7526 0.1055
Pedestrian -1 -1 -0.8311 0.0000 698.1445 73.4525 919.9410 1.7802 0.6993 1.3755 -8.6506 2.4626 13.2067 -1.4503 0.1053
Cyclist -1 -1 1.4336 1165.0244 773.5003 1238.4387 934.4399 1.7972 0.7240 1.9702 3.1183 3.8388 19.5459 1.6141 0.4672
Cyclist -1 -1 0.9559 1556.8823 699.5443 1936.0000 1216.0000 1.8332 0.8006 2.0446 3.2857 2.1938 6.1965 1.5587 0.4296
Cyclist -1 -1 -1.5792 1107.8048 787.0757 1136.5453 855.1407 1.8188 0.8616 2.0460 4.9676 6.9342 46.1043 -1.4563 0.3209
Cyclist -1 -1 0.4892 119.1136 794.4501 263.9360 909.2740 1.6647 0.7884 1.8474 -11.9526 4.3469 23.2582 0.0051 0.1359
Cyclist -1 -1 -0.7799 0.0000 705.7885 68.9347 935.3455 1.7844 0.7088 1.5195 -8.6443 2.5314 13.0014 -1.4067 0.1284
Cyclist -1 -1 -1.5894 962.0400 773.8197 990.7430 837.7792 1.8011 0.8865 1.7466 0.4710 6.5750 47.0635 -1.5662 0.1249
Car -1 -1 -1.5225 734.7065 783.5748 794.4756 844.3618 1.4347 1.6655 3.9005 -6.2425 6.7161 47.7694 -1.6425 0.9100
Car -1 -1 -1.5317 937.0874 786.3682 999.7183 846.0828 1.4043 1.7803 3.5944 0.2606 6.6779 46.9955 -1.5130 0.5546
