Pedestrian -1 -1 1.6533 636.7476 772.8262 664.4936 840.3790 1.7330 0.6776 0.6318 -8.3605 5.7507 40.2628 1.4555 0.6385
Pedestrian -1 -1 1.6815 659.5770 779.2729 687.0206 842.7750 1.7043 0.6864 0.6746 -8.1331 6.1033 42.2527 1.4992 0.5264
Pedestrian -1 -1 1.4817 1530.7305 825.8123 1566.9601 911.0374 1.2198 0.4951 0.8844 9.5202 4.5440 24.2457 1.8859 0.2227
Pedestrian -1 -1 2.0317 591.6140 781.7161 640.7750 876.7950 1.6924 0.6773 0.6776 -6.5437 4.7109 28.3765 1.8079 0.2066
Pedestrian -1 -1 1.7627 664.6271 769.1888 692.0676 836.4562 1.7654 0.6261 0.6268 -7.7399 5.7448 40.9259 1.5833 0.1392
Pedestrian -1 -1 1.6172 688.0094 784.6924 710.3099 842.0766 1.5403 0.5894 0.6570 -7.4486 6.1215 42.5128 1.4520 0.1319
Pedestrian -1 -1 2.1021 571.1586 777.0083 614.2416 856.6677 1.6680 0.7169 0.6133 -8.1866 5.0882 33.2279 1.8646 0.1222
Pedestrian -1 -1 1.8141 589.4825 776.8177 640.4832 874.3540 1.6807 0.7425 0.7822 -6.3396 4.5053 27.4063 1.5891 0.1199
Cyclist -1 -1 1.4522 1137.5145 767.9984 1197.2614 904.2206 1.7659 0.6985 1.9346 3.0710 4.0054 22.4238 1.6081 0.4065
Cyclist -1 -1 -1.5785 1105.7585 784.0511 1133.9415 850.2177 1.7889 0.8529 2.0062 4.9389 6.8495 46.5051 -1.4572 0.3946
Cyclist -1 -1 1.1917 1388.3524 728.1841 1631.3359 1098.9996 1.8380 0.7650 2.0379 3.2231 2.5316 9.0144 1.5977 0.3836
Car -1 -1 -1.6525 938.7245 793.1546 1000.9033 852.2852 1.4182 1.7676 3.6836 0.2402 7.0930 48.5425 -1.6343 0.7653
Car -1 -1 -1.5543 747.9415 780.9279 804.8363 844.1404 1.5818 1.7562 3.8533 -6.0576 6.9351 49.3058 -1.6663 0.1851
