Pedestrian -1 -1 1.6053 630.7643 769.7386 658.5877 839.8219 1.7562 0.6912 0.6544 -8.3430 5.6115 39.4253 1.4034 0.6543
Pedestrian -1 -1 1.7116 656.5846 778.5018 684.4007 842.3147 1.6885 0.6686 0.6616 -8.0808 5.9943 41.5756 1.5272 0.4458
Pedestrian -1 -1 2.0236 584.0164 776.9057 633.7583 873.6992 1.6894 0.6762 0.6619 -6.5344 4.5504 27.7484 1.7946 0.1765
Pedestrian -1 -1 1.4405 681.3741 781.4963 707.4730 843.4531 1.6274 0.6376 0.7174 -7.4833 6.0635 41.9256 1.2720 0.1563
Pedestrian -1 -1 1.7956 662.7415 773.0657 690.5403 836.0958 1.6313 0.6103 0.6417 -7.7261 5.6878 40.6081 1.6149 0.1272
Pedestrian -1 -1 2.0362 563.1468 775.0078 604.7774 858.4608 1.7233 0.6747 0.6152 -8.2227 5.0335 32.6031 1.7928 0.1054
Cyclist -1 -1 1.1144 1444.0183 722.0118 1752.4517 1146.9631 1.8185 0.7941 1.9943 3.2445 2.3940 7.8602 1.5842 0.4438
Cyclist -1 -1 1.4646 1148.3557 770.9080 1209.5275 914.9568 1.7794 0.7054 1.8819 3.0921 3.9604 21.3785 1.6288 0.4435
Cyclist -1 -1 -1.6006 1106.3971 785.9328 1136.1953 853.0103 1.8064 0.8904 2.0524 4.9587 6.9216 46.4391 -1.4787 0.3342
Cyclist -1 -1 -1.6653 960.5039 780.0537 990.4734 843.7233 1.8426 0.8385 1.5512 0.4488 6.9061 47.9999 -1.6427 0.1014
Car -1 -1 -1.5335 738.7354 782.9167 798.2166 847.5922 1.5930 1.7339 3.8992 -6.2359 6.9495 48.6805 -1.6506 0.7925
Car -1 -1 -1.5923 941.2085 789.9557 998.6291 849.0450 1.4133 1.7711 3.7022 0.2613 6.9133 47.9774 -1.5737 0.7445
