Pedestrian -1 -1 1.6477 588.0510 762.1274 621.2812 843.7491 1.8028 0.6994 0.6295 -8.2516 5.0132 34.6208 1.4182 0.5461
Pedestrian -1 -1 1.7079 619.5642 776.2070 649.3389 847.5742 1.6692 0.6318 0.6246 -8.0237 5.4194 36.7299 1.4987 0.5106
Pedestrian -1 -1 0.6586 708.2119 782.7422 746.4693 848.6219 1.5167 0.6669 0.6672 -5.7955 5.4763 37.0596 0.5113 0.1754
Pedestrian -1 -1 2.0376 504.4483 772.5492 554.6920 870.7997 1.7671 0.6971 0.6567 -8.2079 4.6141 28.4480 1.7575 0.1664
Pedestrian -1 -1 1.6948 648.3060 781.9634 675.1724 845.9094 1.4744 0.5632 0.6528 -7.3114 5.3461 36.5187 1.5035 0.1431
Pedestrian -1 -1 -2.6847 1153.2407 794.1091 1203.9879 862.6925 1.5921 0.8433 1.0208 5.5976 6.0219 38.5102 -2.5232 0.1141
Pedestrian -1 -1 1.7506 509.8177 750.6880 561.0599 857.8264 1.7693 0.7472 0.6722 -7.3800 3.9825 25.9398 1.4722 0.1070
Cyclist -1 -1 1.3446 1237.4480 756.6531 1355.9528 975.7444 1.7758 0.7336 1.9811 3.1728 3.1257 14.3218 1.5943 0.4366
Cyclist -1 -1 -1.6139 1110.9575 784.2552 1140.4968 851.8766 1.7803 0.8353 2.0604 4.9858 6.7349 45.4338 -1.4890 0.3769
Car -1 -1 -1.4779 713.9963 784.6207 785.0361 853.0833 1.5268 1.7042 3.9546 -6.2855 6.5182 44.7261 -1.6080 0.9377
Car -1 -1 -1.4301 741.6797 780.9494 814.1637 838.5711 1.4259 1.8218 4.2213 -6.1679 6.9415 50.7193 -1.5408 0.7659
Car -1 -1 -1.7331 945.7033 783.4496 1021.8512 849.9385 1.4938 1.7506 3.6667 0.6303 6.4445 44.7601 -1.7057 0.4665
