Pedestrian -1 -1 1.6240 601.1826 763.8499 632.7087 842.8259 1.8039 0.7001 0.6507 -8.2553 5.1722 35.8714 1.4029 0.6496
Pedestrian -1 -1 1.7434 630.4402 778.4512 659.6153 846.7864 1.6466 0.6193 0.6311 -7.9939 5.5629 37.8169 1.5414 0.3986
Pedestrian -1 -1 0.6743 713.6744 785.1187 751.7167 848.5586 1.4943 0.6630 0.6931 -5.8094 5.6169 38.0173 0.5308 0.1532
Pedestrian -1 -1 1.9977 524.0463 772.1472 578.7168 882.4711 1.7337 0.6605 0.6692 -6.8210 4.2236 24.9048 1.7295 0.1521
Pedestrian -1 -1 1.8655 540.1278 777.6082 599.0936 887.9848 1.6499 0.7177 0.7695 -6.2398 4.1263 23.8531 1.6086 0.1480
Pedestrian -1 -1 1.6523 655.7094 783.8141 681.5840 848.8535 1.5423 0.5796 0.7221 -7.3845 5.5959 37.7558 1.4660 0.1371
Pedestrian -1 -1 -0.6620 0.0000 713.3483 9.8843 956.4578 1.7155 0.7160 1.5406 -8.5829 2.4741 11.9929 -1.3292 0.1172
Pedestrian -1 -1 2.0868 524.4214 761.8542 573.3145 855.9653 1.7550 0.7120 0.6231 -8.1070 4.4841 29.4106 1.8191 0.1169
Cyclist -1 -1 1.3649 1196.4481 762.8153 1299.5623 958.9333 1.8317 0.7574 2.0358 3.1139 3.4406 16.4241 1.5789 0.3869
Cyclist -1 -1 -1.5493 1111.8953 789.1714 1142.8621 856.0740 1.7527 0.8614 2.0549 5.0705 6.8762 45.5613 -1.4228 0.3599
Cyclist -1 -1 -0.6620 0.0000 713.3483 9.8843 956.4578 1.7155 0.7160 1.5406 -8.5829 2.4741 11.9929 -1.3292 0.1633
Cyclist -1 -1 -1.5728 964.6811 778.8721 993.9395 844.2449 1.7756 0.8694 1.6542 0.5556 6.5361 45.3989 -1.5474 0.1115
Car -1 -1 -1.5925 944.5730 788.5216 1004.6885 852.4584 1.4620 1.7487 3.6367 0.3887 6.6197 45.3212 -1.5708 0.3699
Car -1 -1 -1.4428 741.1288 765.9541 811.6774 825.0281 1.5457 1.8399 4.0846 -6.2580 6.5512 51.0102 -1.5548 0.1096
