Pedestrian -1 -1 1.6152 642.4865 775.5176 669.0837 843.1273 1.7624 0.6821 0.6209 -8.3587 5.9213 40.9345 1.4210 0.6721
Pedestrian -1 -1 1.6818 664.1511 782.3848 690.4802 844.6372 1.6985 0.6694 0.6529 -8.1454 6.2545 42.9140 1.5023 0.4995
Pedestrian -1 -1 1.7280 668.8212 774.5168 695.8510 842.0047 1.7974 0.6451 0.6199 -7.7463 5.9856 41.5456 1.5515 0.2114
Pedestrian -1 -1 1.6491 690.7333 787.4401 713.7511 843.5015 1.5284 0.6001 0.6534 -7.4723 6.2572 43.1559 1.4861 0.2091
Pedestrian -1 -1 2.0336 613.8727 783.2336 661.9058 876.8013 1.7040 0.6811 0.6745 -6.2761 4.8225 29.0412 1.8245 0.1908
Pedestrian -1 -1 2.0953 610.2212 780.0064 650.7446 856.6177 1.7285 0.7386 0.6122 -7.9129 5.4820 35.7843 1.8834 0.1560
Pedestrian -1 -1 1.6445 616.9340 781.0881 659.3675 873.2933 1.6242 0.7266 0.7229 -6.0721 4.6047 28.1297 1.4351 0.1067
Pedestrian -1 -1 2.1116 578.6550 778.4813 619.8393 856.0151 1.6701 0.6997 0.6105 -8.2722 5.2213 34.1818 1.8787 0.1017
Cyclist -1 -1 1.4120 1125.7559 772.4882 1189.4646 900.4926 1.7646 0.7431 1.9277 3.1061 4.2104 23.8146 1.5608 0.4695
Cyclist -1 -1 1.1957 1334.8373 736.3900 1541.5848 1049.9449 1.8102 0.7550 2.0053 3.2363 2.6582 10.3630 1.5490 0.4353
Cyclist -1 -1 -1.5401 1104.2043 784.2200 1134.9545 849.9650 1.7807 0.8626 2.0232 4.9566 6.8729 46.7321 -1.4189 0.3849
Car -1 -1 -1.6392 940.3184 795.6685 1001.2058 853.1886 1.3942 1.7996 3.6208 0.2757 7.2129 49.1019 -1.6204 0.7766
Car -1 -1 -1.5579 745.5603 783.9964 801.2532 848.7792 1.6511 1.7526 3.8355 -6.2334 7.1739 49.9153 -1.6717 0.4554
