Pedestrian -1 -1 1.6134 617.8629 770.7168 645.6600 843.3879 1.7466 0.6559 0.6086 -8.3084 5.4595 37.7224 1.4026 0.6261
Pedestrian -1 -1 1.7243 644.5537 779.2648 673.4991 845.9518 1.6869 0.6588 0.6450 -8.0234 5.8210 39.7147 1.5321 0.4647
Pedestrian -1 -1 0.5350 722.0913 784.9734 756.3046 843.6065 1.4334 0.6485 0.6473 -5.8339 5.6855 39.2995 0.3959 0.1738
Pedestrian -1 -1 1.6583 668.3405 781.0150 693.9420 841.8965 1.5093 0.5991 0.6981 -7.3716 5.6584 39.3699 1.4805 0.1565
Pedestrian -1 -1 2.1254 559.9368 780.6782 614.3599 880.2201 1.6253 0.6638 0.6829 -6.5452 4.3968 26.1789 1.8813 0.1553
Pedestrian -1 -1 -1.1442 0.0000 707.3222 49.9011 939.6250 1.8785 0.6764 1.1315 -8.6172 2.6376 13.1525 -1.7629 0.1528
Pedestrian -1 -1 1.2523 576.5991 778.7092 635.0300 880.6671 1.5800 0.7744 0.7122 -5.9935 4.2247 25.2075 1.0195 0.1236
Pedestrian -1 -1 2.0307 544.2051 764.8060 588.2631 855.4913 1.7907 0.6850 0.6068 -8.1929 4.7279 31.0280 1.7750 0.1143
Pedestrian -1 -1 1.8139 643.8391 767.2985 673.4089 839.1420 1.7639 0.6052 0.6355 -7.7617 5.4490 38.3672 1.6209 0.1141
Pedestrian -1 -1 1.5683 674.0547 781.5069 698.1744 846.1282 1.6405 0.6342 0.7083 -7.4181 5.9064 40.3298 1.3941 0.1034
Cyclist -1 -1 0.8572 1639.7369 692.6448 1936.0000 1216.0000 1.8410 0.8345 2.0439 3.2819 2.1264 5.2736 1.5605 0.4384
Cyclist -1 -1 1.4095 1168.5338 769.2165 1251.2688 937.3248 1.8098 0.7553 2.0273 3.1103 3.7304 18.8785 1.5958 0.4323
Cyclist -1 -1 -1.5987 1109.1166 789.3051 1138.0875 856.7842 1.8037 0.8638 2.0408 5.0025 6.9968 46.1801 -1.4752 0.3303
Cyclist -1 -1 -0.8395 0.0000 709.2191 77.5823 933.5262 1.7868 0.7328 1.4309 -8.6587 2.5753 13.2308 -1.4576 0.1400
Cyclist -1 -1 -1.6021 962.8261 775.1471 992.4169 839.3368 1.7950 0.8942 1.7471 0.5030 6.5854 46.8019 -1.5782 0.1235
Cyclist -1 -1 -0.2420 1151.6818 814.0992 1228.4203 872.8539 1.4259 0.7306 1.8891 6.0378 6.4803 39.5173 -0.0732 0.1232
Car -1 -1 -1.4943 729.4252 783.2440 793.9470 845.4026 1.4462 1.6790 4.0645 -6.2815 6.6843 47.4007 -1.6161 0.9407
Car -1 -1 -1.5382 938.1638 786.9698 1000.6763 847.0419 1.4080 1.7906 3.5745 0.2911 6.6747 46.7651 -1.5188 0.5443
Car -1 -1 -1.3946 583.1633 773.7979 699.7191 863.6341 1.5201 1.8970 3.9405 -7.1751 5.0954 33.9131 -1.5978 0.1198
