Pedestrian -1 -1 1.6419 594.6083 762.3990 627.1796 842.3095 1.7975 0.7018 0.6349 -8.2599 5.0744 35.2715 1.4167 0.5837
Pedestrian -1 -1 1.7102 626.0859 775.2454 654.4023 845.7332 1.6869 0.6138 0.5935 -8.0373 5.4843 37.4547 1.5049 0.5254
Pedestrian -1 -1 0.7837 699.4533 784.4865 739.4932 847.6324 1.4679 0.6591 0.7513 -6.0979 5.5450 37.7174 0.6311 0.1662
Pedestrian -1 -1 -3.2214 1160.2948 798.9458 1210.9890 861.0450 1.4619 0.8994 1.2372 5.7703 6.0030 38.5167 -3.0554 0.1607
Pedestrian -1 -1 1.6457 653.0298 782.0004 677.5862 845.6464 1.4864 0.5438 0.6923 -7.3492 5.4285 37.1500 1.4570 0.1457
Pedestrian -1 -1 -0.6431 0.0000 712.4729 1.8257 956.5350 1.7529 0.7091 1.1986 -8.4410 2.4887 11.8935 -1.3066 0.1265
Pedestrian -1 -1 1.8341 516.1191 749.9225 565.4553 857.3649 1.8325 0.7000 0.6500 -7.4740 4.0839 26.6008 1.5595 0.1233
Pedestrian -1 -1 2.0419 518.0601 766.7485 567.7936 861.1408 1.7400 0.7301 0.6172 -8.1277 4.5328 29.0680 1.7704 0.1231
Pedestrian -1 -1 1.2768 543.0222 772.5776 609.8570 887.1367 1.6279 0.8139 0.7722 -5.9697 3.9713 23.1883 1.0232 0.1169
Cyclist -1 -1 1.3498 1211.3949 756.3866 1322.4167 961.0718 1.8126 0.7577 1.9952 3.1365 3.2660 15.5287 1.5776 0.4168
Cyclist -1 -1 -1.5554 1112.5814 785.4897 1142.7695 852.3551 1.7531 0.8486 2.0700 5.0731 6.7562 45.5044 -1.4287 0.3231
Car -1 -1 -1.4582 715.9013 782.7009 788.0884 847.7990 1.4573 1.6854 4.0506 -6.3039 6.4629 45.3986 -1.5867 0.9476
Car -1 -1 -1.4298 744.6049 778.9046 815.0110 836.6974 1.4662 1.7857 4.1954 -6.1872 6.9775 51.3908 -1.5392 0.6093
Car -1 -1 -1.6258 950.1511 781.6580 1011.7471 846.6379 1.5042 1.7094 3.5724 0.5580 6.4282 45.1637 -1.6003 0.4373
