Pedestrian -1 -1 1.8716 471.4984 755.0363 520.3048 857.7715 1.8060 0.6773 0.7164 -8.5697 4.2354 27.5574 1.5690 0.6656
Pedestrian -1 -1 1.7529 529.0712 767.0443 566.7539 853.2313 1.6189 0.6151 0.6153 -8.1558 4.4567 29.5216 1.4846 0.5058
Pedestrian -1 -1 2.2080 400.0572 767.5291 479.6299 910.0115 1.5601 0.6293 0.6357 -6.1164 3.2724 17.5583 1.8599 0.2417
Pedestrian -1 -1 2.2118 417.4062 775.7726 483.3132 892.9922 1.7113 0.7507 0.6186 -7.9535 4.1024 23.2921 1.8780 0.1502
Pedestrian -1 -1 0.4185 648.9781 780.6874 691.4482 858.4507 1.4979 0.6119 0.6622 -5.9675 4.7326 30.6771 0.2312 0.1364
Cyclist -1 -1 -1.4273 1104.8606 777.3674 1142.5928 848.2266 1.7753 0.7578 2.1649 4.7412 6.3306 43.5352 -1.3031 0.3301
Cyclist -1 -1 -1.5304 941.4943 774.1406 971.0681 835.5591 1.8376 0.8973 1.9598 -0.1595 6.9884 50.6109 -1.5206 0.1838
Car -1 -1 -1.4495 654.8690 770.2887 746.6913 852.6230 1.5940 1.8061 4.3201 -6.7092 5.5899 38.9041 -1.6127 0.8892
Car -1 -1 -1.4307 690.6715 781.9015 771.6594 844.7236 1.3640 1.8031 4.1169 -6.8421 6.2869 44.8297 -1.5731 0.5394
Car -1 -1 1.5427 927.0573 788.0992 985.0795 845.3057 1.4288 1.8786 3.8356 -0.2050 7.1328 50.3310 1.5516 0.1154
