Pedestrian -1 -1 1.6698 578.5480 769.8854 610.9551 849.6414 1.6520 0.6251 0.6319 -7.9922 4.8496 32.6255 1.4332 0.5782
Pedestrian -1 -1 1.7222 533.7417 759.2180 573.3563 852.4986 1.8304 0.6972 0.6253 -8.3659 4.6194 30.7019 1.4582 0.5252
Pedestrian -1 -1 -1.1779 456.8564 753.5513 509.6278 864.8228 1.7354 0.6476 0.5791 -7.7837 3.8586 24.3650 -1.4908 0.2031
Pedestrian -1 -1 0.4365 683.8470 781.2134 724.3001 853.3407 1.5006 0.6386 0.6779 -5.7140 5.0169 33.2408 0.2727 0.1601
Pedestrian -1 -1 -2.8333 597.3324 787.7175 623.6845 844.7896 1.6403 0.6480 0.6061 -10.6268 6.6123 45.3182 -3.0560 0.1539
Pedestrian -1 -1 2.1858 448.4325 774.5128 531.6183 909.7170 1.6321 0.7131 0.7974 -6.1740 3.6435 19.6170 1.8733 0.1088
Cyclist -1 -1 1.1235 1428.5994 720.7095 1726.4563 1141.2577 1.8528 0.7819 2.0368 3.2260 2.4356 8.0753 1.5783 0.4209
Cyclist -1 -1 -1.6782 1114.0604 780.9353 1144.5197 849.3303 1.7827 0.7221 1.9942 4.9966 6.5373 44.5639 -1.5508 0.3771
Cyclist -1 -1 3.7206 0.0000 741.8833 58.6443 906.9124 1.7613 0.7246 2.0804 -11.4957 3.1186 16.9434 3.0989 0.2534
Cyclist -1 -1 -1.6451 959.8297 787.6262 984.2513 846.5842 1.7738 0.7225 1.9684 0.3632 7.4898 51.5273 -1.6247 0.1100
Car -1 -1 -1.4708 688.6700 775.0275 768.9509 849.3845 1.5353 1.7577 4.1415 -6.3939 5.9128 41.4971 -1.6151 0.9161
Car -1 -1 -1.4274 718.2248 780.4874 794.1354 839.9306 1.3771 1.7814 4.0969 -6.4647 6.5354 47.5146 -1.5529 0.7209
Car -1 -1 1.4840 936.9231 783.7980 1009.1211 853.3875 1.4589 1.7504 3.6409 0.2859 6.0984 41.7886 1.5039 0.3200
