Pedestrian -1 -1 1.8385 484.3849 758.9492 530.6121 859.9493 1.8176 0.6731 0.7026 -8.5599 4.3803 28.2287 1.5439 0.6512
Pedestrian -1 -1 1.7385 538.4122 768.1422 575.2163 853.8771 1.6445 0.6216 0.6109 -8.1455 4.5628 30.1330 1.4763 0.5305
Pedestrian -1 -1 2.1273 414.7263 777.0908 482.1341 895.9251 1.7591 0.7797 0.6506 -8.0786 4.1991 23.5726 1.7928 0.1874
Pedestrian -1 -1 2.1428 435.5032 790.4064 499.6128 902.9597 1.7007 0.7606 0.6381 -7.9801 4.4221 24.1858 1.8211 0.1307
Pedestrian -1 -1 2.1666 421.6013 769.1002 500.7606 902.8247 1.5109 0.6601 0.6548 -6.0684 3.3013 18.1653 1.8329 0.1216
Pedestrian -1 -1 0.3202 665.5173 778.7791 707.0683 855.4683 1.5071 0.6581 0.6795 -5.7450 4.7627 31.2649 0.1438 0.1186
Pedestrian -1 -1 2.0996 396.4570 764.8527 463.5670 888.9354 1.7806 0.7502 0.6182 -8.0485 3.9371 22.6710 1.7524 0.1040
Cyclist -1 -1 0.7587 1691.6227 691.7961 1936.0000 1216.0000 1.8495 0.7980 2.0241 3.1542 2.1001 4.5770 1.5388 0.4590
Cyclist -1 -1 -1.4916 1107.3439 779.7468 1139.0499 849.3523 1.7700 0.7340 2.0518 4.7641 6.4283 43.9079 -1.3678 0.3961
Cyclist -1 -1 -1.5511 942.1094 774.3791 970.1537 834.6549 1.8154 0.8916 1.9475 -0.1660 7.0038 50.9198 -1.5415 0.1571
Car -1 -1 -1.4587 658.8704 770.7483 748.9255 854.0639 1.6488 1.8340 4.2905 -6.7221 5.7088 39.4412 -1.6197 0.8874
Car -1 -1 -1.7342 921.1517 777.1785 1006.7896 851.8932 1.5134 1.7635 3.9067 0.0220 5.8747 40.7663 -1.7209 0.4487
Car -1 -1 -1.4318 694.0314 777.1232 776.0941 840.4446 1.4058 1.8592 4.2371 -6.8258 6.2540 45.5094 -1.5715 0.1916
Car -1 -1 1.5282 926.8397 787.8740 986.5819 844.9670 1.4336 1.9071 3.8398 -0.1922 7.1647 50.6379 1.5374 0.1268
