Pedestrian -1 -1 1.7609 511.0085 761.5894 551.6030 853.9919 1.6688 0.6266 0.6689 -8.1715 4.3013 28.4385 1.4813 0.5887
Pedestrian -1 -1 1.8904 448.3942 751.9211 499.0480 858.5096 1.7944 0.6746 0.6597 -8.5670 4.0559 26.2946 1.5730 0.5575
Pedestrian -1 -1 2.2214 376.9900 768.8632 446.7068 894.8133 1.7424 0.7482 0.6067 -8.0771 3.8983 21.9965 1.8624 0.1584
Pedestrian -1 -1 0.3928 638.2646 781.4581 681.3795 863.2928 1.5316 0.6226 0.6512 -5.9977 4.6871 29.7715 0.1983 0.1127
Pedestrian -1 -1 2.0060 346.4763 774.9687 443.4049 922.0768 1.5344 0.7735 0.7703 -6.3638 3.2646 16.8353 1.6290 0.1115
Pedestrian -1 -1 1.9372 463.9716 757.4481 512.8069 859.6302 1.7584 0.6337 0.7019 -8.5516 4.1897 27.0611 1.6296 0.1083
Pedestrian -1 -1 2.1615 350.6310 766.5454 421.5058 892.1439 1.6937 0.7294 0.6131 -8.2237 3.7559 21.3944 1.7858 0.1027
Cyclist -1 -1 -1.5672 1105.8989 773.6898 1132.6858 843.8007 1.8067 0.7461 2.0458 4.6689 6.3004 44.1030 -1.4461 0.2892
Cyclist -1 -1 -1.6665 975.3990 781.1724 1001.5134 841.4795 1.7383 0.7030 1.9131 0.8852 6.9764 49.1480 -1.6350 0.1969
Cyclist -1 -1 -1.5434 941.4244 775.6501 970.2222 837.4559 1.8374 0.8901 1.9616 -0.1741 7.0102 50.3166 -1.5339 0.1715
Cyclist -1 -1 -1.6250 1016.7524 783.6094 1041.1421 844.5232 1.7094 0.7051 1.9949 2.1718 6.9279 48.1722 -1.5659 0.1459
Car -1 -1 -1.4472 644.8807 772.9446 737.2440 854.1150 1.5151 1.7613 4.1895 -6.7695 5.4714 37.8299 -1.6171 0.8913
Car -1 -1 -1.4276 682.4625 780.8669 764.5388 846.7269 1.3827 1.7352 4.2954 -6.8952 6.1688 43.7386 -1.5752 0.7531
Car -1 -1 -1.6448 911.3524 775.1015 992.5934 851.5639 1.5073 1.9049 3.9858 -0.2985 5.6914 39.6038 -1.6399 0.6003
