Pedestrian -1 -1 1.7639 503.7641 757.9293 546.4984 853.8621 1.6992 0.6482 0.6670 -8.1180 4.2092 27.8533 1.4800 0.6391
Pedestrian -1 -1 1.8817 432.9647 753.1598 486.6764 863.5690 1.8058 0.6968 0.6876 -8.5845 4.0332 25.6200 1.5552 0.6012
Pedestrian -1 -1 2.3165 319.3436 774.3061 420.7131 929.6539 1.5421 0.6855 0.7701 -6.4154 3.2133 16.2476 1.9229 0.1999
Pedestrian -1 -1 0.2406 637.7670 774.3658 675.7554 854.8890 1.4930 0.6438 0.5911 -5.9630 4.4553 29.3038 0.0437 0.1391
Pedestrian -1 -1 1.9927 474.1037 752.4581 527.9882 853.8716 1.7083 0.6970 0.6793 -8.1579 4.0033 26.5257 1.6925 0.1066
Cyclist -1 -1 -1.5306 1103.4082 771.3030 1135.4329 841.6777 1.8065 0.8225 2.0573 4.6599 6.2169 43.9686 -1.4094 0.3266
Cyclist -1 -1 -1.5607 942.5108 776.5568 970.0396 838.3262 1.8371 0.8805 1.9420 -0.1591 7.0342 50.2666 -1.5510 0.1413
Car -1 -1 -1.4467 642.3525 770.0027 735.4378 851.0726 1.4970 1.7501 4.1736 -6.7369 5.3276 37.3517 -1.6182 0.8915
Car -1 -1 -1.4295 679.1183 778.1799 762.5311 844.4453 1.3870 1.7641 4.2239 -6.8907 6.0347 43.2244 -1.5790 0.7499
Car -1 -1 -1.6758 908.4980 777.6292 995.0358 855.3107 1.5102 1.9140 4.0658 -0.3070 5.7629 39.5219 -1.6711 0.7360
Car -1 -1 1.5285 926.6835 788.9933 987.5031 847.7846 1.4436 1.9123 3.9501 -0.1790 7.1415 49.9211 1.5379 0.1090
