Pedestrian -1 -1 1.6663 604.3828 770.3641 634.6015 844.5955 1.6481 0.6278 0.6364 -7.9835 5.0821 34.9478 1.4466 0.5777
Pedestrian -1 -1 1.6707 569.2263 756.3091 604.7393 845.3583 1.8786 0.6982 0.6302 -8.2491 4.8081 32.9764 1.4291 0.5575
Pedestrian -1 -1 -0.3752 1217.0830 814.9222 1266.1838 890.9088 1.6340 0.7022 0.9338 6.5031 6.0988 34.7116 -0.1711 0.3338
Pedestrian -1 -1 1.5604 640.4171 777.6619 664.8929 847.0983 1.5417 0.5592 0.6369 -7.2650 5.1751 35.1991 1.3626 0.1551
Pedestrian -1 -1 0.5644 699.8941 784.9920 737.6286 852.2119 1.4867 0.6391 0.6402 -5.7548 5.3322 35.5003 0.4110 0.1060
Pedestrian -1 -1 1.5723 599.2047 765.4281 626.9102 844.4861 1.7172 0.6124 0.6629 -7.9752 4.9736 34.2625 1.3481 0.1046
Cyclist -1 -1 1.3041 1299.5826 743.4879 1457.6913 1019.9022 1.7940 0.7502 1.9756 3.1760 2.7911 11.5700 1.6145 0.4189
Cyclist -1 -1 -1.5903 1116.5706 783.2273 1144.0632 850.8262 1.7724 0.8069 2.0231 5.1022 6.6664 45.1753 -1.4621 0.3926
Car -1 -1 -1.4800 707.2650 782.1328 779.9137 851.2094 1.4976 1.7035 3.8888 -6.2713 6.2704 43.4140 -1.6143 0.9321
Car -1 -1 -1.4357 731.7783 779.3386 805.4248 837.3520 1.3945 1.8172 4.2332 -6.3172 6.7200 49.4341 -1.5527 0.7037
Car -1 -1 -1.6833 941.9318 777.4013 1014.0529 845.3177 1.5002 1.7404 3.7350 0.4453 6.1513 43.6718 -1.6600 0.1237
