Pedestrian -1 -1 1.8250 518.6495 757.5032 560.2988 850.1797 1.7814 0.6628 0.6460 -8.4618 4.4723 30.0173 1.5515 0.5924
Pedestrian -1 -1 1.6650 568.3653 764.1423 602.2402 846.2294 1.6564 0.6390 0.6376 -7.9828 4.6482 31.7691 1.4218 0.5686
Pedestrian -1 -1 -1.1683 440.0704 748.6394 497.6243 866.6866 1.7893 0.6828 0.6107 -7.7965 3.7773 23.6939 -1.4909 0.1504
Pedestrian -1 -1 1.7151 537.5290 762.4182 568.7968 846.5654 1.6921 0.5564 0.5714 -8.5724 4.6110 31.4247 1.4510 0.1383
Pedestrian -1 -1 2.0959 455.7781 754.3320 515.4045 867.8946 1.7734 0.7254 0.6126 -7.8165 3.9341 24.5879 1.7847 0.1341
Pedestrian -1 -1 0.2596 681.4930 777.7299 717.7104 847.8771 1.4533 0.6485 0.6362 -5.7480 4.8486 32.8704 0.0925 0.1215
Pedestrian -1 -1 2.1571 444.5563 761.7560 520.1983 897.7562 1.6283 0.6502 0.6938 -6.1332 3.4214 19.1722 1.8385 0.1204
Pedestrian -1 -1 1.6732 607.5951 771.7020 636.4079 850.4109 1.5946 0.5337 0.6654 -7.2579 4.7722 32.0074 1.4542 0.1110
Cyclist -1 -1 1.0852 1487.7170 713.2495 1845.4628 1199.8547 1.8492 0.7983 2.0108 3.2131 2.3271 7.0709 1.6040 0.4776
Cyclist -1 -1 -1.6723 1108.4366 782.2482 1137.4651 849.8427 1.7475 0.6874 1.9794 4.7797 6.5137 44.3004 -1.5491 0.4215
Cyclist -1 -1 -1.6516 950.3577 786.6080 977.6830 845.5867 1.7629 0.8049 1.9497 0.0854 7.4052 51.1791 -1.6368 0.1314
Cyclist -1 -1 3.6171 0.0000 753.3421 27.3888 918.6767 1.6656 0.6984 1.9347 -11.4170 3.1123 16.3433 2.9800 0.1112
Car -1 -1 -1.4779 679.1586 770.8600 762.4032 848.0931 1.5830 1.8268 4.1360 -6.4974 5.7689 40.7694 -1.6277 0.8050
Car -1 -1 -1.4403 708.6179 780.4459 784.5638 840.9340 1.3776 1.7865 4.0732 -6.6347 6.4342 46.5774 -1.5723 0.7109
Car -1 -1 -1.6612 927.9910 776.6163 1002.6958 847.4068 1.4822 1.7840 3.7018 0.0684 5.8790 41.4249 -1.6467 0.2164
