Pedestrian -1 -1 1.6968 560.8328 758.1279 597.8096 848.0750 1.8573 0.6971 0.6413 -8.2471 4.7677 32.3078 1.4500 0.6150
Pedestrian -1 -1 1.6581 598.3474 769.1135 628.7233 844.1757 1.6310 0.6206 0.6520 -7.9634 4.9705 34.2633 1.4343 0.5834
Pedestrian -1 -1 -0.4242 1221.8967 819.5925 1265.3470 887.8656 1.4475 0.6182 0.8008 6.4750 5.9652 34.3117 -0.2187 0.2185
Pedestrian -1 -1 2.2016 466.4010 781.4694 542.6123 906.9242 1.6322 0.6788 0.8251 -6.4696 3.9047 21.2051 1.9003 0.1325
Pedestrian -1 -1 1.7438 624.8710 771.0698 654.7172 839.0282 1.4653 0.5593 0.6361 -7.3016 4.8188 33.9810 1.5370 0.1227
Pedestrian -1 -1 2.1771 486.1275 774.2625 539.7637 872.9338 1.6641 0.7009 0.6062 -8.0368 4.3824 26.8189 1.8852 0.1125
Pedestrian -1 -1 1.3872 490.6913 767.2173 557.5598 892.2034 1.5589 0.7331 0.8256 -5.9690 3.5517 20.4047 1.0965 0.1051
Cyclist -1 -1 1.2093 1326.5786 730.2639 1525.9161 1037.6899 1.8068 0.7523 1.9759 3.1881 2.6141 10.4642 1.5545 0.4165
Cyclist -1 -1 -1.5823 1115.8586 782.2259 1144.0032 849.6857 1.7607 0.8227 2.0242 5.0788 6.6055 44.9976 -1.4541 0.3943
Cyclist -1 -1 0.7077 414.2041 758.6226 553.9963 894.9042 1.5336 0.9246 1.4208 -6.0215 3.2855 18.8947 0.3896 0.1007
Car -1 -1 -1.4765 703.9474 781.8732 777.5499 851.3083 1.4873 1.6931 3.8064 -6.2533 6.1759 42.7296 -1.6128 0.9376
Car -1 -1 -1.4337 729.4297 781.8461 804.2756 841.0594 1.3963 1.8124 4.2428 -6.2835 6.7357 48.7374 -1.5519 0.7545
Car -1 -1 -1.6103 945.5153 780.0206 1011.4179 845.9370 1.4271 1.7901 3.6499 0.4530 6.0648 42.8709 -1.5866 0.2470
