Pedestrian -1 -1 1.8229 495.4393 755.3676 541.1517 855.0443 1.8291 0.6815 0.7404 -8.5324 4.3773 28.8248 1.5353 0.6984
Pedestrian -1 -1 1.7449 552.1910 766.9304 588.7884 850.7296 1.6425 0.6321 0.6003 -8.0274 4.5924 30.7349 1.4918 0.5021
Pedestrian -1 -1 2.1372 420.3452 761.3400 486.9143 880.4730 1.7751 0.7711 0.6428 -8.0084 3.9657 23.6067 1.8055 0.1666
Pedestrian -1 -1 2.1552 447.4548 769.1345 523.3612 908.0982 1.6019 0.6305 0.6717 -5.8778 3.4246 18.4909 1.8378 0.1621
Pedestrian -1 -1 1.8113 590.4921 769.9924 625.0013 850.2439 1.5718 0.5569 0.6210 -7.2631 4.5847 30.7389 1.5824 0.1440
Pedestrian -1 -1 0.3924 669.8531 778.5112 711.2678 854.1822 1.5009 0.6607 0.6580 -5.7267 4.7930 31.6549 0.2190 0.1368
Pedestrian -1 -1 1.8105 512.9492 767.9521 546.7465 852.1129 1.6542 0.5482 0.5593 -8.8447 4.6158 30.6701 1.5312 0.1170
Pedestrian -1 -1 1.7635 664.4028 790.3433 688.7209 845.3448 1.8081 0.7184 0.5668 -9.7423 7.5026 51.1843 1.5849 0.1155
Cyclist -1 -1 0.8929 1589.0979 690.4310 1936.0000 1216.0000 1.8512 0.8210 2.0562 3.1583 2.1367 5.4801 1.5524 0.4469
Cyclist -1 -1 -1.5479 1109.3666 778.0200 1138.0310 847.4246 1.7813 0.7628 2.0540 4.8079 6.4149 44.1820 -1.4238 0.3466
Cyclist -1 -1 -1.5539 949.1336 777.4435 976.2780 836.3004 1.7760 0.8715 1.9436 0.0578 7.1008 51.2157 -1.5397 0.1791
Car -1 -1 -1.4485 663.9929 768.5729 754.2963 850.9781 1.6596 1.8267 4.2500 -6.6435 5.6897 39.7914 -1.6060 0.8627
Car -1 -1 -1.4546 698.8063 782.3019 774.9059 845.3280 1.4048 1.7989 4.1325 -6.8253 6.4489 45.8364 -1.5931 0.4518
Car -1 -1 -1.7140 921.7603 774.1544 1007.2047 848.7511 1.5064 1.8162 4.0052 0.0340 5.7802 40.7179 -1.7004 0.1692
Car -1 -1 1.5136 929.0378 789.3052 989.3215 846.6160 1.4420 1.8855 3.9099 -0.1100 7.2772 51.0799 1.5245 0.1515
