Pedestrian -1 -1 1.9636 186.1788 739.0580 272.8661 899.0120 1.8166 0.7255 0.7024 -8.7499 3.2123 17.9045 1.4904 0.6794
Pedestrian -1 -1 1.8893 308.8546 748.7650 379.5410 891.4877 1.8035 0.7016 0.6616 -8.1944 3.4798 19.8797 1.4862 0.5568
Pedestrian -1 -1 1.6873 576.9079 780.7322 606.6485 846.9029 1.7767 0.7435 0.6190 -10.4133 6.2067 42.1604 1.4518 0.2955
Pedestrian -1 -1 2.2448 0.0000 736.5339 73.1193 994.2657 1.5444 0.6113 0.6348 -6.1860 2.2838 9.5755 1.6104 0.1915
Pedestrian -1 -1 2.0075 504.7817 780.0089 543.3927 860.7679 1.7284 0.6250 0.6370 -9.8672 5.2682 33.7641 1.7263 0.1777
Cyclist -1 -1 -1.5625 1089.6255 773.0396 1119.0363 845.8699 1.7848 0.7738 2.0400 4.0286 6.0517 42.0142 -1.4515 0.4537
Cyclist -1 -1 -1.4872 918.0962 772.4384 951.8541 837.9321 1.8586 0.8989 1.9732 -0.8342 6.6996 48.0488 -1.4921 0.1820
Cyclist -1 -1 -1.7343 993.4942 783.0048 1026.5944 845.4814 1.6727 0.7236 2.1232 1.5114 6.7245 46.6859 -1.6882 0.1540
Car -1 -1 -1.3767 542.9615 773.3679 670.9943 874.6327 1.5233 1.7750 4.0845 -7.1694 4.7704 30.6361 -1.6031 0.9523
Car -1 -1 -1.5599 886.2544 769.3148 970.5909 856.8765 1.5955 1.8968 3.8651 -0.7348 5.2170 35.5659 -1.5687 0.6074
