Pedestrian -1 -1 1.9387 228.5699 740.5620 308.8340 891.4644 1.8042 0.7152 0.7159 -8.7229 3.2926 18.8576 1.4896 0.7075
Pedestrian -1 -1 1.8416 338.9060 741.9242 406.8477 880.1165 1.8173 0.7125 0.7335 -8.1574 3.4732 20.7564 1.4567 0.6195
Pedestrian -1 -1 1.6212 583.9423 778.9432 611.1573 844.9333 1.7966 0.7227 0.6245 -10.4126 6.2465 42.8260 1.3896 0.3627
Pedestrian -1 -1 1.8260 494.9957 761.4735 539.9704 860.5374 1.9707 0.7535 0.6508 -9.1991 4.8341 31.0159 1.5394 0.2290
Pedestrian -1 -1 -1.8132 0.0000 728.4033 17.0963 985.5769 1.4462 0.5630 0.8794 -6.3597 2.1238 9.2984 -2.4787 0.2099
Pedestrian -1 -1 1.9761 523.7231 771.2524 562.8870 853.1246 1.7987 0.6792 0.6190 -9.6303 5.2066 34.4689 1.7072 0.1891
Pedestrian -1 -1 2.4031 0.0000 754.2842 147.5661 971.3481 1.3917 0.6241 0.6839 -6.2277 2.3337 10.4807 1.8150 0.1584
Pedestrian -1 -1 2.1405 305.7928 741.7526 387.5562 887.2156 1.7940 0.7387 0.6766 -7.9956 3.3465 19.4734 1.7379 0.1442
Cyclist -1 -1 -1.5445 1089.9120 772.5861 1121.9556 845.7645 1.7945 0.8118 2.0506 4.0798 6.0551 42.0695 -1.4323 0.3996
Cyclist -1 -1 -1.5644 1004.7736 778.8753 1030.6121 843.8901 1.7750 0.7666 2.0469 1.7749 6.7029 46.8166 -1.5126 0.2567
Cyclist -1 -1 -1.4769 920.8189 771.2141 954.4742 836.2496 1.8487 0.8785 1.9599 -0.7493 6.6540 48.0969 -1.4799 0.1516
Car -1 -1 -1.3659 549.4604 769.0630 679.2555 869.8030 1.5575 1.8014 4.2483 -7.1868 4.7889 31.3807 -1.5872 0.9393
Car -1 -1 -1.5813 895.4442 770.5601 978.9313 856.8078 1.5816 1.9066 3.9508 -0.5783 5.2947 36.1314 -1.5853 0.6186
