Pedestrian -1 -1 1.8498 306.1764 743.5234 374.6668 877.7200 1.7965 0.7305 0.7130 -8.7609 3.5039 21.1248 1.4459 0.7404
Pedestrian -1 -1 1.7786 403.8831 746.9785 458.9028 865.1422 1.7296 0.6805 0.6598 -8.1553 3.6406 23.0359 1.4319 0.6471
Pedestrian -1 -1 2.2133 118.1319 743.2646 246.6895 946.1227 1.5440 0.6632 0.6763 -6.3408 2.5394 12.1990 1.6956 0.3193
Pedestrian -1 -1 1.8270 517.5577 761.3018 558.6648 849.9008 1.8713 0.7332 0.6298 -9.3039 4.9011 32.8958 1.5540 0.2189
Pedestrian -1 -1 2.0317 366.1254 737.3933 438.0703 868.3209 1.8111 0.7556 0.6831 -8.1095 3.4723 21.7078 1.6654 0.1211
Pedestrian -1 -1 1.9199 539.2915 764.5936 581.8099 846.7830 1.7593 0.7497 0.6301 -8.9833 4.9248 33.5400 1.6615 0.1006
Cyclist -1 -1 -1.5432 1090.4291 773.6030 1120.9435 845.1627 1.7808 0.7799 2.0499 4.1360 6.1360 42.7288 -1.4313 0.3669
Cyclist -1 -1 -1.6748 1006.0779 781.9884 1034.8230 843.2363 1.6884 0.7315 2.0858 1.8787 6.8129 47.7235 -1.6216 0.1715
Cyclist -1 -1 -1.5009 929.7998 772.7488 961.3304 835.9130 1.8353 0.8789 1.9176 -0.5056 6.7839 49.0654 -1.4985 0.1619
Car -1 -1 -1.3845 584.9502 760.4172 703.9316 858.6310 1.6702 1.8229 4.2095 -6.9910 4.8885 33.3958 -1.5858 0.8474
Car -1 -1 -1.6067 901.2361 771.2206 984.0173 853.8808 1.5383 1.9432 4.0138 -0.5119 5.3684 37.1024 -1.6083 0.5631
