Pedestrian -1 -1 1.8003 463.3944 753.0338 511.2110 857.5693 1.7264 0.6573 0.6660 -8.2136 3.9792 25.9337 1.4911 0.6406
Pedestrian -1 -1 1.9043 384.1040 756.1077 445.4107 874.3535 1.7898 0.7065 0.7824 -8.7333 3.9235 23.9200 1.5487 0.5725
Pedestrian -1 -1 2.3054 225.6182 773.2495 338.8706 941.6749 1.5127 0.6713 0.7761 -6.6734 3.0193 14.7204 1.8553 0.2550
Pedestrian -1 -1 1.6675 564.6961 765.2382 600.4605 850.5605 1.9273 0.7571 0.6810 -8.9755 5.2922 35.4631 1.4242 0.1783
Pedestrian -1 -1 0.2202 617.1660 774.6992 656.1968 862.4617 1.5509 0.6133 0.5878 -6.0283 4.3658 27.7920 0.0093 0.1214
Cyclist -1 -1 -1.5411 1097.3938 774.2738 1127.7345 846.0771 1.8031 0.7775 2.0991 4.3809 6.2282 43.2058 -1.4245 0.3506
Cyclist -1 -1 -1.5277 939.2942 779.9270 968.6089 843.0302 1.8462 0.8648 1.9477 -0.2337 7.0948 49.6345 -1.5194 0.1224
Car -1 -1 -1.4067 624.4568 768.4670 726.4047 852.7764 1.5097 1.7268 4.0158 -6.7523 5.1299 35.6872 -1.5874 0.8934
Car -1 -1 -1.4159 659.7361 773.7850 749.8833 842.1140 1.3932 1.8193 4.1424 -7.0742 5.7431 41.6155 -1.5763 0.5218
Car -1 -1 -1.6303 901.2626 779.2642 982.2920 857.5422 1.4832 1.8845 3.8924 -0.5494 5.6355 38.2259 -1.6324 0.4104
