Pedestrian -1 -1 1.7809 486.8290 759.5693 530.3281 857.3433 1.6865 0.6317 0.6622 -8.2088 4.1623 27.1349 1.4861 0.6573
Pedestrian -1 -1 1.8873 417.3450 753.1484 472.9353 866.5043 1.8071 0.7042 0.6732 -8.6087 3.9773 24.9617 1.5511 0.5445
Pedestrian -1 -1 2.2913 295.1905 767.9974 398.0058 927.9431 1.5381 0.6855 0.7300 -6.4214 3.0783 15.6431 1.8817 0.2245
Pedestrian -1 -1 3.2661 632.3616 775.8607 667.1507 859.1786 1.5100 0.6408 0.5761 -5.9709 4.4400 28.6830 3.0642 0.2242
Pedestrian -1 -1 -1.4532 1205.5721 781.0441 1232.6754 848.6044 1.7661 0.6659 0.5576 7.0970 6.1012 41.1518 -1.2649 0.1070
Cyclist -1 -1 -1.5000 1095.8933 771.8538 1130.0107 842.4232 1.7992 0.8168 2.0975 4.4576 6.2162 43.8421 -1.3831 0.3517
Cyclist -1 -1 -1.5260 940.0544 778.2169 969.6843 840.8582 1.8403 0.8756 1.9949 -0.2042 7.0653 49.9444 -1.5172 0.1407
Car -1 -1 -1.4453 637.6263 772.1680 730.8784 853.0272 1.4754 1.7350 3.9825 -6.7384 5.2915 36.7187 -1.6200 0.9399
Car -1 -1 -1.4193 669.8785 777.7018 756.3181 844.4084 1.3826 1.7856 4.1503 -7.0085 5.9472 42.5945 -1.5740 0.6529
Car -1 -1 -1.6439 909.3599 777.9241 990.9122 855.2491 1.4894 1.8789 3.9344 -0.3411 5.6732 38.8585 -1.6402 0.5775
