Pedestrian -1 -1 1.9231 249.9621 739.5486 329.4564 886.3823 1.8096 0.7304 0.7721 -8.7430 3.3360 19.4939 1.4871 0.7448
Pedestrian -1 -1 1.8104 360.8593 742.8818 424.5184 875.0231 1.8032 0.7153 0.6952 -8.1654 3.5302 21.4984 1.4384 0.6434
Pedestrian -1 -1 1.6001 591.2894 781.1475 618.8254 843.9935 1.7308 0.7563 0.6303 -10.3520 6.3132 43.4748 1.3734 0.2777
Pedestrian -1 -1 2.0097 493.1050 759.0537 540.5168 847.3318 1.7794 0.7708 0.6179 -9.3916 4.6480 31.6127 1.7224 0.1909
Pedestrian -1 -1 2.2602 18.4060 743.2287 158.8445 963.0203 1.4908 0.6180 0.6478 -6.3378 2.3802 10.8842 1.6842 0.1670
Pedestrian -1 -1 -1.7043 0.0000 729.9576 14.9456 982.9204 1.5233 0.5691 0.7991 -6.6921 2.2521 9.8907 -2.3587 0.1461
Cyclist -1 -1 -1.5227 1089.9688 771.8660 1123.0098 844.4171 1.7879 0.8009 2.0526 4.1174 6.0502 42.2939 -1.4102 0.4327
Cyclist -1 -1 -1.5315 1004.5404 780.3579 1031.6898 843.0850 1.7200 0.7495 2.0438 1.8057 6.7434 47.2710 -1.4794 0.2451
Cyclist -1 -1 -1.5007 927.0858 770.6510 960.2711 835.5795 1.8581 0.9133 1.9634 -0.5583 6.6692 48.3510 -1.4996 0.1704
Car -1 -1 -1.6066 896.3251 771.2294 978.0882 856.5454 1.5679 1.8753 3.8745 -0.6306 5.3062 36.2296 -1.6120 0.5615
Car -1 -1 -1.3449 597.6492 757.5405 711.1382 837.3210 1.4566 1.7914 4.1778 -7.4026 4.8777 36.4549 -1.5395 0.1012
