Pedestrian -1 -1 1.8842 276.3016 736.8071 350.3844 879.5514 1.8317 0.7303 0.7519 -8.7634 3.3779 20.2501 1.4631 0.7584
Pedestrian -1 -1 1.7762 386.3342 746.2532 442.1776 868.0676 1.7316 0.6694 0.6523 -8.1775 3.5776 22.3752 1.4182 0.6322
Pedestrian -1 -1 2.2702 92.2608 724.4270 223.3428 932.9540 1.5376 0.6319 0.6690 -6.3134 2.3466 11.7736 1.7358 0.1731
Pedestrian -1 -1 2.0363 499.7686 759.8550 544.1478 848.3601 1.8247 0.7295 0.5946 -9.4801 4.7704 32.2827 1.7527 0.1654
Pedestrian -1 -1 1.6330 599.3538 776.3350 627.9749 837.2720 1.7020 0.7778 0.6612 -10.2437 6.2057 44.0862 1.4118 0.1560
Pedestrian -1 -1 2.0966 352.1820 736.4346 426.5143 869.7789 1.7866 0.7430 0.6732 -8.0532 3.3875 21.0755 1.7217 0.1174
Cyclist -1 -1 -1.5214 1088.7550 772.0167 1122.0914 843.0837 1.7714 0.8187 2.0243 4.1311 6.0817 42.7492 -1.4097 0.4131
Cyclist -1 -1 -1.5410 1005.0079 776.4040 1031.4055 838.7102 1.7264 0.7504 2.0104 1.8166 6.6423 47.4900 -1.4889 0.2156
Cyclist -1 -1 -1.5051 922.8799 770.9668 954.3441 834.0930 1.8228 0.8777 1.8994 -0.7278 6.6721 48.6719 -1.5074 0.1575
Car -1 -1 -1.3774 576.3741 762.4540 697.5203 861.0554 1.6367 1.7994 4.1771 -7.0246 4.8453 32.7829 -1.5838 0.9137
Car -1 -1 -1.5968 901.0972 770.5172 982.3403 852.6313 1.5230 1.8920 3.9319 -0.5090 5.2994 36.7906 -1.5985 0.5564
