Pedestrian -1 -1 1.9524 174.0493 746.3740 266.7835 914.0648 1.7612 0.6967 0.7898 -8.2861 3.1567 16.7528 1.4720 0.5242
Pedestrian -1 -1 2.0612 14.6121 722.3130 126.9705 915.2979 1.8043 0.7090 0.7137 -8.7695 2.7902 14.7516 1.4941 0.5047
Pedestrian -1 -1 1.7077 547.4623 777.2612 576.5909 844.6204 1.7099 0.6771 0.5348 -10.5825 5.7808 39.6505 1.4524 0.1967
Pedestrian -1 -1 2.2010 111.0181 732.7717 217.7618 906.1548 1.7093 0.6981 0.7226 -8.3219 2.8662 15.6387 1.6859 0.1050
Cyclist -1 -1 -1.5755 1079.1534 772.3482 1107.1326 845.3996 1.7501 0.7438 2.0240 3.6319 5.9039 41.0847 -1.4720 0.3946
Cyclist -1 -1 -1.5215 908.6849 777.0825 941.7247 841.9365 1.8133 0.9294 1.9521 -1.1342 6.7448 47.4663 -1.5330 0.1827
Cyclist -1 -1 -1.5142 910.9235 765.1608 953.6361 852.2125 1.8246 0.8856 1.6530 -0.6656 5.1796 34.9227 -1.5213 0.1112
Car -1 -1 1.7953 497.0284 767.4662 644.1166 880.0021 1.5572 1.7783 4.1447 -7.2375 4.4356 28.0971 1.5445 0.9328
Car -1 -1 -1.5628 880.2869 781.7781 962.2820 864.7260 1.4409 1.8085 3.6934 -0.8928 5.2896 34.8353 -1.5767 0.2710
Car -1 -1 1.5788 887.8319 790.4684 948.1252 848.9366 1.3587 1.8291 3.7699 -1.3329 6.8115 47.3585 1.5630 0.1389
