Pedestrian -1 -1 1.9037 280.9902 750.0708 354.9422 892.7441 1.7360 0.6927 0.6860 -8.2589 3.3759 19.2206 1.4839 0.5973
Pedestrian -1 -1 1.9892 157.4404 736.0153 248.6535 900.3537 1.8029 0.7282 0.6933 -8.7502 3.1146 17.2807 1.4998 0.5874
Pedestrian -1 -1 1.7087 566.2516 780.5231 596.1829 845.8337 1.7337 0.7315 0.5724 -10.5585 6.0922 41.5592 1.4662 0.3527
Pedestrian -1 -1 2.3386 0.0000 723.1765 40.4439 1019.3608 1.6678 0.6342 0.6078 -6.0429 2.2801 8.9807 1.6794 0.2608
Pedestrian -1 -1 1.9806 503.8527 770.0950 544.8674 857.7021 1.8417 0.6830 0.6004 -9.6119 5.0704 32.9117 1.6992 0.1850
Pedestrian -1 -1 -1.6251 1216.5781 787.0347 1249.9996 879.2029 1.8621 0.6804 0.7701 5.8443 5.3952 32.1566 -1.4261 0.1749
Pedestrian -1 -1 2.0310 463.8485 766.4210 514.5290 863.1342 1.8273 0.7595 0.6290 -9.3732 4.6735 29.7061 1.7258 0.1322
Pedestrian -1 -1 0.3676 489.1507 792.8620 555.9819 892.4079 1.3829 0.6678 0.7718 -6.5541 3.9357 22.3649 0.0788 0.1032
Cyclist -1 -1 -1.5950 1087.2578 772.0672 1116.2396 845.8961 1.8014 0.7848 2.0243 3.9061 6.0060 41.6834 -1.4861 0.4684
Cyclist -1 -1 -1.7732 985.5331 780.6086 1019.9444 843.7083 1.6959 0.7011 2.0214 1.2771 6.6419 46.4481 -1.7320 0.2828
Cyclist -1 -1 -1.4850 917.5046 776.5735 951.8113 840.8252 1.8191 0.9167 1.9288 -0.8445 6.7938 48.0503 -1.4900 0.2156
Car -1 -1 -1.3587 531.5954 776.5570 666.8982 880.3438 1.5143 1.7824 4.1825 -7.1884 4.7794 30.0881 -1.5900 0.9408
Car -1 -1 -1.5647 886.2662 775.0772 968.7594 859.8488 1.5229 1.8467 3.7247 -0.7624 5.2596 35.3426 -1.5744 0.3981
Car -1 -1 1.5853 897.1603 789.6553 958.4525 847.7078 1.3765 1.8564 3.6818 -1.0317 6.8444 47.7843 1.5762 0.1548
Car -1 -1 -1.8042 1174.2324 786.4354 1292.3380 886.8097 1.6264 1.7366 3.8642 5.8386 5.3503 32.5116 -1.6074 0.1237
