Pedestrian -1 -1 2.0400 95.0438 742.9233 198.3321 925.1682 1.7618 0.6849 0.7257 -8.3383 3.0020 15.3322 1.5153 0.7598
Pedestrian -1 -1 2.1219 0.0000 718.0838 56.3842 928.1896 1.7942 0.7036 0.7257 -8.7263 2.6589 13.4939 1.5109 0.4711
Pedestrian -1 -1 1.7081 532.8003 767.2294 562.8373 837.8322 1.7363 0.6712 0.5540 -10.6065 5.4190 38.3753 1.4431 0.2899
Pedestrian -1 -1 0.5892 452.3603 782.0325 521.5205 881.8284 1.3394 0.6679 0.7109 -6.9114 3.6746 21.8065 0.2765 0.1717
Cyclist -1 -1 -1.5960 1076.6987 768.2919 1103.7249 842.9835 1.7894 0.7158 2.0574 3.5189 5.8144 40.9232 -1.4950 0.3658
Cyclist -1 -1 -1.7805 1123.8657 777.7036 1155.8512 841.7636 1.5205 0.5443 1.6905 4.8249 5.7447 40.4774 -1.6457 0.1603
Cyclist -1 -1 -1.4859 906.6060 772.3510 942.6524 838.0968 1.8321 0.9526 1.9303 -1.1440 6.5788 47.1435 -1.4978 0.1548
Car -1 -1 -1.3044 468.8148 758.8029 632.2801 877.0595 1.5890 1.7885 4.1587 -7.2716 4.1831 26.8894 -1.5685 0.9450
Car -1 -1 -1.5743 870.4725 767.6868 956.4251 859.5455 1.6084 1.8699 4.0371 -1.0879 5.1037 34.5673 -1.5944 0.3503
Car -1 -1 -1.5637 886.4149 788.3813 948.1912 847.9812 1.3859 1.8581 3.7046 -1.3396 6.7102 46.8433 -1.5799 0.2165
