Pedestrian -1 -1 1.9237 247.2106 751.0203 324.0913 899.8705 1.7394 0.6757 0.6893 -8.3389 3.3293 18.4792 1.4839 0.6396
Pedestrian -1 -1 2.0109 106.1695 733.7587 205.0058 910.8412 1.8325 0.7279 0.7011 -8.7786 3.0478 16.3175 1.4934 0.5480
Pedestrian -1 -1 1.9011 449.7122 770.0898 499.7896 873.3879 1.9225 0.7586 0.6421 -9.4549 4.7774 29.0785 1.5868 0.3860
Pedestrian -1 -1 1.8198 559.3324 783.2360 590.8579 847.6959 1.6917 0.7163 0.5628 -10.5628 6.0537 40.9158 1.5733 0.1632
Pedestrian -1 -1 1.9635 496.7862 769.5848 537.9490 859.4902 1.8553 0.6751 0.5925 -9.5708 5.0080 32.2550 1.6773 0.1303
Pedestrian -1 -1 2.1628 188.7308 743.2078 282.4077 900.1445 1.7095 0.7214 0.6740 -8.3558 3.1031 17.2377 1.6914 0.1119
Cyclist -1 -1 -1.6463 1083.8116 773.1829 1115.9481 846.7486 1.7789 0.7630 2.0570 3.8257 5.9869 41.3965 -1.5388 0.4647
Cyclist -1 -1 -1.5137 913.7642 775.9252 945.6442 841.4973 1.8476 0.8832 1.9414 -0.9967 6.7643 47.6937 -1.5221 0.1517
Cyclist -1 -1 -1.7016 985.9488 785.1840 1017.1583 847.9295 1.6489 0.7137 2.1476 1.2290 6.7007 46.0310 -1.6613 0.1189
Car -1 -1 1.7794 519.5309 777.2062 658.0298 886.0048 1.5542 1.7957 4.1413 -7.2084 4.7549 29.3297 1.5411 0.9413
Car -1 -1 -1.6206 886.1772 777.3947 971.5590 863.6353 1.5134 1.8640 3.8961 -0.8193 5.3194 35.3220 -1.6319 0.4172
