Pedestrian -1 -1 2.1015 0.0000 732.8618 116.1478 936.1386 1.7634 0.6992 0.7642 -8.3516 2.7880 13.7944 1.5230 0.7389
Pedestrian -1 -1 1.7674 517.8321 765.6350 550.2322 838.9325 1.7457 0.6749 0.5581 -10.5929 5.2649 37.0898 1.4932 0.4340
Pedestrian -1 -1 -1.2017 474.1667 766.3499 517.8487 859.7584 1.8160 0.6849 0.5727 -9.4292 4.7132 30.3198 -1.5024 0.2803
Pedestrian -1 -1 0.5289 422.0222 782.2078 496.2037 887.3560 1.3318 0.6698 0.7290 -6.8897 3.5342 20.5370 0.1971 0.2306
Cyclist -1 -1 -1.5939 1078.6688 767.7010 1105.9771 842.0045 1.7395 0.7109 2.0515 3.5055 5.6691 40.1001 -1.4914 0.3704
Cyclist -1 -1 -1.7611 1127.1464 777.2115 1160.2235 841.0076 1.4712 0.5755 1.7481 4.8227 5.5966 39.6157 -1.6236 0.1665
Cyclist -1 -1 -1.5087 905.2946 766.4681 942.0655 833.4165 1.8265 0.9879 2.0310 -1.1500 6.3015 46.2315 -1.5214 0.1603
Car -1 -1 1.8793 439.4625 762.9368 623.3106 890.5039 1.5948 1.7869 4.3142 -7.2308 4.1604 25.6091 1.6031 0.9348
Car -1 -1 -1.5886 867.9895 764.8300 956.9728 857.5836 1.6153 1.9195 4.0328 -1.1316 5.0160 34.2904 -1.6103 0.4323
Car -1 -1 1.5991 882.9859 786.9717 947.3345 847.0342 1.3664 1.8209 3.6743 -1.3740 6.5340 45.8343 1.5813 0.1444
