Pedestrian -1 -1 2.0021 137.5063 745.4999 232.4475 920.2090 1.7740 0.6788 0.7144 -8.3405 3.1024 16.0906 1.5003 0.7167
Pedestrian -1 -1 2.1372 0.0000 729.8232 83.4783 922.6575 1.7205 0.6860 0.7314 -8.8441 2.7378 14.1252 1.5440 0.5132
Pedestrian -1 -1 1.7145 539.1854 771.7899 568.7228 841.1777 1.7330 0.6681 0.5567 -10.6196 5.5949 39.0014 1.4537 0.2053
Pedestrian -1 -1 0.5186 470.0787 779.2249 533.6895 875.7881 1.3424 0.6471 0.6816 -6.8826 3.6965 22.4222 0.2160 0.1983
Pedestrian -1 -1 2.0264 455.9537 767.9076 501.1371 860.9842 1.7995 0.6719 0.6110 -9.7901 4.7346 30.3412 1.7148 0.1067
Cyclist -1 -1 -1.5960 1079.6227 772.9979 1106.3910 846.5137 1.7603 0.7104 2.0058 3.6004 5.9201 40.9763 -1.4930 0.3449
Cyclist -1 -1 -1.5463 910.5432 776.6564 940.7426 841.8569 1.8360 0.8889 1.8771 -1.1211 6.7473 47.4524 -1.5575 0.1544
Car -1 -1 1.8100 486.0834 769.3209 639.2075 882.7435 1.5281 1.7785 4.1354 -7.2325 4.3882 27.5329 1.5541 0.9352
Car -1 -1 -1.5839 872.3287 767.3582 957.6284 861.5645 1.6622 1.8605 4.0519 -1.0755 5.1597 34.6583 -1.6034 0.4666
Car -1 -1 -1.5909 889.5316 790.4829 950.8840 850.4962 1.3909 1.8655 3.8485 -1.3166 6.8572 47.4113 -1.6062 0.2460
