Pedestrian -1 -1 1.6671 500.5657 781.1551 525.3821 844.4946 1.7749 0.6413 0.6061 -13.1957 6.4128 44.0290 1.3819 0.4279
Pedestrian -1 -1 1.6990 475.3672 777.0889 502.2076 841.6870 1.7704 0.6568 0.6578 -13.6323 6.2013 43.1585 1.3984 0.3906
Pedestrian -1 -1 0.2527 599.5557 769.5069 624.9888 824.2630 1.7050 0.7358 0.6427 -11.4182 6.4740 48.9399 0.0312 0.2200
Pedestrian -1 -1 2.1184 195.7860 775.5377 262.3557 901.5117 1.7568 0.6680 0.5936 -10.7416 4.0005 21.9511 1.6524 0.1389
Pedestrian -1 -1 1.6239 453.1594 776.7561 475.5424 838.2959 1.6683 0.5714 0.6750 -14.2575 6.0670 42.9166 1.3080 0.1038
Cyclist -1 -1 -1.5584 1131.0359 760.5829 1173.2975 849.7998 1.8087 0.9116 2.0309 4.4374 5.0509 34.6596 -1.4141 0.4839
Cyclist -1 -1 -1.4556 888.8331 768.1721 919.5496 836.1645 1.8161 0.6936 1.8364 -1.7037 6.2059 44.8740 -1.4817 0.1994
Cyclist -1 -1 -1.4972 846.7163 768.1813 881.8083 835.9245 1.8379 0.9078 1.9654 -2.9570 6.3174 45.7604 -1.5505 0.1287
Car -1 -1 -1.6437 863.6292 775.1812 958.9907 868.0610 1.5364 1.8941 4.0732 -1.1880 5.1372 33.7127 -1.6676 0.7960
Car -1 -1 1.6004 842.6459 784.1896 914.0185 850.0810 1.4141 1.9571 4.3706 -2.4388 6.4329 44.9194 1.5578 0.1268
