Pedestrian -1 -1 1.9587 366.2632 766.5990 409.7716 850.0806 1.7172 0.6699 0.6793 -12.3713 4.8093 32.2861 1.5925 0.6277
Pedestrian -1 -1 1.8967 318.4746 764.2571 363.6757 853.7521 1.7925 0.6793 0.7456 -13.0905 4.7722 31.5793 1.5024 0.5108
Pedestrian -1 -1 1.9406 471.8858 787.5508 501.3454 848.9131 1.7568 0.6546 0.6414 -14.2710 6.6854 44.9720 1.6394 0.4511
Pedestrian -1 -1 1.5916 1144.7322 793.4783 1164.4543 851.4557 1.6794 0.5758 0.6556 5.9284 6.8895 45.8464 1.7362 0.4181
Pedestrian -1 -1 -1.3050 541.4800 776.4575 566.1710 829.5713 1.7512 0.6961 0.5333 -13.9235 6.9585 51.1121 -1.5634 0.2511
Pedestrian -1 -1 1.9049 104.8949 764.5133 143.9591 840.5877 1.7162 0.6458 0.6015 -19.7976 5.0530 35.3871 1.3929 0.1514
Pedestrian -1 -1 1.6501 981.9907 777.7251 1004.4293 834.3738 1.7306 0.6367 1.2169 1.0674 6.8836 49.7833 1.6850 0.1210
Pedestrian -1 -1 2.2231 458.4835 806.9036 491.6481 868.4899 1.6851 0.7013 0.5992 -14.2014 7.0507 43.6860 1.9150 0.1013
Cyclist -1 -1 -1.6163 1176.8040 758.9297 1223.2288 858.9052 1.8001 0.8875 1.9190 4.8762 4.6370 30.6424 -1.4397 0.4536
Cyclist -1 -1 1.6620 979.9910 779.2492 1005.6569 836.2595 1.7139 0.7092 1.4197 1.0555 6.9273 49.7621 1.6967 0.1725
Cyclist -1 -1 -1.3879 877.7081 773.2855 915.8707 841.1157 1.7424 0.7567 1.9449 -1.8810 6.1986 43.8908 -1.4190 0.1353
Cyclist -1 -1 -1.4868 826.1758 770.1459 858.1552 836.8258 1.8251 0.8098 1.7701 -3.6310 6.3511 45.7071 -1.5551 0.1003
Car -1 -1 -1.5810 851.6137 779.7197 942.4621 872.1760 1.5110 1.8962 3.9620 -1.4239 5.1594 33.2214 -1.6128 0.4001
Car -1 -1 -1.6107 808.6464 783.9644 877.0071 853.8703 1.5721 1.9587 4.1531 -3.6627 6.6617 45.6795 -1.6796 0.1581
