Pedestrian -1 -1 1.9929 326.6106 763.4998 376.0518 853.4980 1.7347 0.7041 0.6974 -12.3499 4.5757 30.2934 1.6038 0.6068
Pedestrian -1 -1 2.0426 442.6614 787.8605 474.6703 851.5792 1.7415 0.6567 0.6335 -14.4798 6.4769 43.0921 1.7237 0.5989
Pedestrian -1 -1 1.6815 1145.1270 789.2991 1167.8406 849.9435 1.6746 0.5851 0.6097 5.7017 6.5156 43.6662 1.8276 0.5372
Pedestrian -1 -1 1.6459 281.5458 763.9327 322.2961 861.8605 1.8054 0.6797 0.7599 -12.9487 4.5811 29.3834 1.2276 0.4663
Pedestrian -1 -1 -1.3788 527.9284 781.8793 551.9883 834.4916 1.6693 0.6748 0.5276 -13.9312 6.8913 49.4576 -1.6461 0.3274
Pedestrian -1 -1 2.1701 47.9995 787.2676 92.2058 872.6252 1.8242 0.6310 0.5825 -19.9280 5.4895 33.4478 1.6305 0.1427
Pedestrian -1 -1 0.1836 345.6168 789.2623 384.8456 846.0170 1.4838 0.6188 0.9183 -16.6374 6.1162 41.7561 -0.1920 0.1015
Cyclist -1 -1 -1.6202 1171.9912 764.1027 1219.7787 866.9493 1.7983 0.8849 1.9533 4.6815 4.6811 29.9450 -1.4463 0.4593
Cyclist -1 -1 1.5760 977.1600 776.7562 1000.0837 837.1089 1.6972 0.6924 1.6912 0.8701 6.5804 47.2301 1.6077 0.2483
Cyclist -1 -1 -1.5095 812.9455 768.8060 847.8879 837.5361 1.8360 0.9094 2.0052 -3.9419 6.2813 45.1846 -1.5858 0.1502
Car -1 -1 -1.6067 841.4155 776.0380 938.6554 874.9716 1.5601 1.9716 4.2437 -1.6010 5.0621 32.4611 -1.6453 0.7599
