Pedestrian -1 -1 1.9137 252.4640 767.8220 300.5416 865.9138 1.7778 0.6515 0.6574 -13.0443 4.5357 28.5001 1.4804 0.5215
Pedestrian -1 -1 1.9423 305.3767 766.5290 355.1916 861.5208 1.7715 0.6844 0.7305 -12.3916 4.5899 29.3834 1.5405 0.5158
Pedestrian -1 -1 1.6812 1147.5262 783.3516 1171.0535 846.0050 1.6950 0.5930 0.6171 5.6590 6.2616 42.7244 1.8293 0.4715
Pedestrian -1 -1 -1.3310 512.1285 781.7902 537.8708 835.5004 1.6815 0.6922 0.5531 -14.2328 6.8311 48.7961 -1.6078 0.3209
Pedestrian -1 -1 2.2451 29.7744 783.8284 75.9564 870.2366 1.8040 0.6425 0.5812 -19.8952 5.3204 32.7589 1.6963 0.1306
Pedestrian -1 -1 1.5518 976.5288 774.6055 999.4553 836.9361 1.7255 0.6950 1.6313 0.8199 6.4281 46.1558 1.5829 0.1293
Pedestrian -1 -1 -1.2718 530.5407 776.4106 560.1301 831.6263 1.7093 0.7578 0.6747 -13.5053 6.6656 48.5688 -1.5360 0.1100
Cyclist -1 -1 -1.6133 1172.4991 762.8930 1220.5665 867.3455 1.8034 0.8918 1.9590 4.6352 4.6270 29.5696 -1.4389 0.5055
Cyclist -1 -1 1.5518 976.5288 774.6055 999.4553 836.9361 1.7255 0.6950 1.6313 0.8199 6.4281 46.1558 1.5829 0.3120
Cyclist -1 -1 -1.5093 810.5658 767.6472 845.0089 838.7775 1.8809 0.8796 2.0781 -3.9859 6.2562 44.7902 -1.5875 0.1552
Car -1 -1 -1.6076 827.9187 775.3948 926.0389 877.5536 1.6210 1.9843 4.2368 -1.8826 5.1015 32.3901 -1.6552 0.7571
Car -1 -1 -2.9478 742.5710 794.3755 894.0480 853.2423 1.4829 1.7544 4.2853 -4.2843 6.7256 45.1539 -3.0317 0.1025
