Pedestrian -1 -1 1.9204 338.5114 764.6480 383.5285 853.4041 1.7528 0.6779 0.6675 -12.4235 4.6788 30.9649 1.5374 0.6700
Pedestrian -1 -1 1.9489 450.3937 784.7410 481.1572 846.6407 1.7195 0.6503 0.6705 -14.4865 6.4318 43.7316 1.6344 0.4762
Pedestrian -1 -1 1.6529 1144.6211 793.6094 1166.1261 852.1595 1.6381 0.5750 0.5999 5.7456 6.6711 44.2550 1.7982 0.4596
Pedestrian -1 -1 -1.3767 543.1398 776.4340 566.1854 828.5118 1.6774 0.6516 0.5348 -13.6281 6.7864 50.1310 -1.6347 0.3908
Pedestrian -1 -1 1.6429 291.2346 761.6564 332.5770 857.8892 1.8031 0.7040 0.8349 -13.0125 4.5918 29.9835 1.2307 0.3729
Pedestrian -1 -1 1.4983 978.7661 775.7338 1000.3354 833.5411 1.7385 0.6362 1.0186 0.9082 6.6545 48.2179 1.5305 0.2934
Pedestrian -1 -1 -1.3849 522.5268 776.1257 544.2184 828.1140 1.6686 0.6098 0.5077 -14.2759 6.7429 49.8999 -1.6565 0.1261
Cyclist -1 -1 -1.6281 1168.7664 762.5754 1218.3021 864.7449 1.8136 0.9156 1.8985 4.6776 4.6877 30.2237 -1.4559 0.4620
Cyclist -1 -1 -1.5249 815.6381 770.1317 848.6755 838.8979 1.8431 0.8863 1.9378 -3.8923 6.3289 45.2082 -1.6000 0.1454
Cyclist -1 -1 1.6774 975.2862 776.9933 1000.6016 834.6927 1.7039 0.6760 1.2097 0.8645 6.6730 48.2119 1.7086 0.1237
Car -1 -1 -1.6616 841.9681 777.4872 945.6003 872.5438 1.5082 1.9403 4.0729 -1.5438 5.0687 32.7514 -1.6979 0.8523
Car -1 -1 1.5611 796.7684 785.6887 864.6755 854.9731 1.5237 1.9461 4.1783 -3.9327 6.6059 45.1022 1.4850 0.1077
