Pedestrian -1 -1 1.8367 492.1190 799.6252 515.9827 851.0971 1.6457 0.6366 0.5583 -15.2989 7.5266 50.0468 1.5475 0.6063
Pedestrian -1 -1 2.0316 265.8392 772.4470 322.9741 873.9948 1.7745 0.6864 0.7979 -12.3624 4.5520 27.7397 1.6081 0.5687
Pedestrian -1 -1 1.6357 1145.9413 787.7397 1169.4501 852.9084 1.7020 0.5925 0.6739 5.4406 6.2535 41.4064 1.7828 0.4710
Pedestrian -1 -1 -1.3960 491.5842 784.9535 517.0161 841.1134 1.7034 0.6790 0.5868 -14.5345 6.8306 47.5740 -1.6859 0.3476
Pedestrian -1 -1 1.8237 212.6178 774.2671 266.2922 871.9852 1.6284 0.6638 0.9451 -13.0559 4.3850 27.0690 1.3685 0.1396
Pedestrian -1 -1 -1.6472 1249.7856 775.6754 1285.1504 868.8378 1.6745 0.6229 0.7561 5.8626 4.6062 28.6572 -1.4244 0.1075
Cyclist -1 -1 -1.6247 1175.8018 764.9309 1222.7102 872.3138 1.8220 0.8302 1.8896 4.5901 4.6246 28.9411 -1.4483 0.4606
Cyclist -1 -1 1.5743 974.4869 777.5116 999.9925 844.0264 1.7605 0.7322 1.8290 0.7849 6.4231 44.7611 1.6052 0.3614
Cyclist -1 -1 -1.5344 814.3993 770.6782 843.7570 839.4629 1.7837 0.7689 2.0478 -3.8989 6.1959 44.2224 -1.6117 0.1065
Car -1 -1 -1.5503 813.0695 776.2992 909.2505 876.4055 1.5908 1.9193 3.9887 -2.0716 5.0274 31.9191 -1.6051 0.5512
Car -1 -1 1.6610 639.3386 804.0340 705.7448 864.5449 1.4434 1.8045 4.3461 -9.8377 7.8470 51.2122 1.4809 0.1266
Car -1 -1 3.4051 67.6509 781.2045 338.1867 880.1442 1.4274 1.6798 4.0148 -13.4404 4.3502 26.7253 2.9327 0.1168
