Pedestrian -1 -1 1.9822 288.5614 762.7415 339.5072 858.8626 1.7586 0.6754 0.7004 -12.4225 4.4379 28.7165 1.5703 0.6441
Pedestrian -1 -1 2.0021 239.6867 765.0010 290.4843 863.1021 1.7472 0.6280 0.7019 -13.0287 4.4036 27.9996 1.5618 0.4345
Pedestrian -1 -1 1.7081 1145.3915 787.1314 1168.8926 849.2663 1.6519 0.5690 0.6089 5.5122 6.2566 42.0730 1.8548 0.4299
Pedestrian -1 -1 -1.3738 507.0576 775.9617 531.9667 829.4002 1.6529 0.6746 0.5443 -14.2502 6.5571 48.2490 -1.6544 0.4253
Pedestrian -1 -1 1.6663 975.1184 769.7479 1000.9743 831.6422 1.7364 0.6593 1.2329 0.8225 6.2228 45.6652 1.6976 0.2184
Pedestrian -1 -1 1.8285 506.9190 794.3700 528.4019 843.4481 1.5991 0.5885 0.5004 -15.0552 7.3805 50.7590 1.5477 0.1533
Cyclist -1 -1 -1.6186 1174.7706 763.8364 1223.4001 869.6094 1.8026 0.8812 1.9633 4.6303 4.6133 29.2226 -1.4425 0.5099
Cyclist -1 -1 1.6639 973.0363 771.7503 999.9417 833.5590 1.7192 0.6831 1.3358 0.7754 6.2714 45.6516 1.6941 0.2181
Cyclist -1 -1 -1.4883 809.2219 763.6364 843.2451 834.3639 1.8667 0.8203 2.0859 -4.0165 6.1024 44.6114 -1.5676 0.1090
Car -1 -1 -1.5581 818.6739 774.3143 915.8834 874.4216 1.6015 1.9620 4.1304 -1.9781 5.0384 32.2978 -1.6091 0.5211
Car -1 -1 -1.5832 776.0764 783.0158 845.3593 850.2446 1.4622 1.9819 4.2281 -4.5421 6.4635 45.0977 -1.6732 0.1068
