Pedestrian -1 -1 1.9347 353.6982 764.3954 398.6921 850.3425 1.7348 0.6870 0.6895 -12.3826 4.7209 31.6636 1.5611 0.6044
Pedestrian -1 -1 1.6059 1149.6320 792.9058 1169.7688 850.6097 1.6446 0.5706 0.5873 5.9654 6.7325 44.9469 1.7541 0.4870
Pedestrian -1 -1 1.9818 457.9903 786.6560 489.2876 847.5505 1.7129 0.6669 0.6760 -14.4755 6.5559 44.4030 1.6723 0.4431
Pedestrian -1 -1 -1.3238 542.0430 769.9388 567.4786 823.8159 1.7387 0.6946 0.6041 -13.6474 6.6387 50.2152 -1.5820 0.3490
Pedestrian -1 -1 1.4572 304.8250 762.8046 347.4332 852.1249 1.6986 0.7107 0.8496 -13.0271 4.5768 30.6664 1.0532 0.3198
Pedestrian -1 -1 1.6984 975.7075 777.8157 999.2201 833.3497 1.6782 0.6206 1.1223 0.8642 6.7624 49.1169 1.7293 0.3106
Pedestrian -1 -1 1.9741 89.2079 768.8288 129.5558 847.4557 1.7457 0.6306 0.6003 -19.7979 5.1236 34.7625 1.4542 0.1403
Pedestrian -1 -1 2.0674 483.1627 784.1410 513.4245 844.6938 1.7019 0.6321 0.6302 -13.7309 6.4652 44.3603 1.7732 0.1060
Cyclist -1 -1 -1.6266 1175.3506 758.5330 1224.1364 860.4657 1.8320 0.9114 1.8875 4.8427 4.6435 30.4701 -1.4502 0.4194
Cyclist -1 -1 -1.4850 823.3719 770.6652 857.6057 839.5125 1.8632 0.8547 1.9862 -3.6802 6.4158 45.7059 -1.5544 0.1610
Cyclist -1 -1 1.6907 975.0747 779.1741 999.6927 834.8069 1.6655 0.6503 1.2257 0.8611 6.7940 49.0570 1.7216 0.1535
Car -1 -1 -1.6303 846.9160 779.8340 941.4400 871.7277 1.4943 1.9023 3.9003 -1.5481 5.1447 33.2019 -1.6661 0.7292
Car -1 -1 1.5441 799.8964 787.6937 868.5742 856.7678 1.5147 1.9839 4.2575 -3.8951 6.7056 45.4663 1.4696 0.1118
