Pedestrian -1 -1 1.5911 969.8182 786.6248 993.3344 850.7373 1.7484 0.6540 0.7922 0.5904 6.4720 43.2673 1.6180 0.7098
Pedestrian -1 -1 1.7782 233.7417 774.6477 284.7642 881.4302 1.7496 0.6608 0.8260 -12.3495 4.4336 26.3248 1.3338 0.6393
Pedestrian -1 -1 1.8224 472.3123 799.0936 496.7964 851.1079 1.6138 0.6334 0.5786 -15.5364 7.3274 48.7455 1.5209 0.5731
Pedestrian -1 -1 1.6336 1153.7067 790.5627 1178.7009 857.1689 1.6731 0.6108 0.6280 5.4544 6.1220 39.7881 1.7866 0.4883
Pedestrian -1 -1 -1.2964 474.1644 794.6550 498.8808 850.0552 1.6689 0.6257 0.4945 -14.8772 7.0183 46.8699 -1.5972 0.3615
Cyclist -1 -1 -1.6429 1168.5122 767.6442 1218.6116 874.8945 1.7879 0.8447 1.9582 4.4336 4.6199 28.6526 -1.4703 0.4482
Cyclist -1 -1 3.4411 92.4973 775.6084 218.7608 881.7524 1.6440 0.7718 1.7303 -13.5966 4.2475 25.2819 2.9392 0.1942
Cyclist -1 -1 -1.4965 769.3392 780.1161 807.1850 849.1496 1.8200 0.9663 1.9505 -5.1780 6.5795 44.8659 -1.6012 0.1222
Cyclist -1 -1 1.7704 635.0362 805.1349 671.8504 871.0455 1.8376 0.7676 1.9666 -9.8828 7.7500 48.0706 1.5769 0.1100
Car -1 -1 -1.4123 807.0540 786.5801 921.3945 881.3154 1.5064 1.8649 3.7584 -2.0390 5.2288 32.4624 -1.4647 0.5179
Car -1 -1 1.7402 621.2503 810.9941 694.0444 871.4629 1.4158 1.6721 3.8235 -9.8637 7.7302 48.8137 1.5502 0.3401
