Pedestrian -1 -1 2.1663 14.9488 778.3636 98.5803 915.3420 1.7478 0.6724 0.7491 -12.2884 3.8741 20.3337 1.6070 0.6784
Pedestrian -1 -1 1.7415 392.6283 790.6890 422.6346 854.3477 1.7204 0.7052 0.6280 -15.8134 6.4982 42.7244 1.3916 0.4891
Pedestrian -1 -1 2.3637 0.0000 777.3920 21.3102 921.3582 1.7760 0.6137 0.7294 -12.9720 3.8323 19.7487 1.7649 0.4054
Pedestrian -1 -1 -1.2518 431.9075 790.1634 461.0258 850.2900 1.6507 0.6311 0.6105 -14.8185 6.4428 43.0551 -1.5782 0.2800
Pedestrian -1 -1 1.5548 1183.2463 786.4104 1210.5754 866.0004 1.6746 0.5971 0.6862 5.2659 5.3255 33.4178 1.7293 0.1916
Pedestrian -1 -1 1.7245 957.5833 791.9141 995.6329 868.3456 1.6616 0.7114 1.3540 0.3812 5.8111 36.4259 1.7482 0.1809
Cyclist -1 -1 -1.7099 1162.1653 761.3015 1225.9341 879.0610 1.8135 0.8778 2.0099 4.0892 4.3154 26.4105 -1.5367 0.4948
Cyclist -1 -1 1.7539 956.3384 794.3486 998.2418 871.1071 1.6556 0.7601 1.4060 0.3985 5.8676 36.4055 1.7780 0.2252
Cyclist -1 -1 -1.5337 723.0228 789.8543 756.6874 861.9828 1.8433 0.8878 2.0453 -6.5230 6.8291 44.1375 -1.6708 0.1407
Cyclist -1 -1 -1.5215 804.8279 778.5974 850.3719 869.7019 1.7644 0.8927 1.4672 -2.8694 5.1535 32.2285 -1.6010 0.1046
Car -1 -1 1.7165 539.5919 803.7008 629.6932 879.0300 1.4176 1.7458 3.7947 -9.8803 6.3720 39.4669 1.4777 0.7009
Car -1 -1 -1.5116 763.5264 787.2643 862.7755 881.3771 1.4972 1.8624 3.6239 -3.1056 5.1679 31.9704 -1.5995 0.5606
Car -1 -1 -1.5473 712.0016 794.4343 778.4427 865.3285 1.5466 1.8501 4.2251 -6.5029 6.9374 45.3508 -1.6799 0.1901
