Pedestrian -1 -1 1.5938 969.8054 780.3848 994.5829 847.4749 1.7829 0.6699 0.9236 0.5974 6.2448 42.4360 1.6212 0.6279
Pedestrian -1 -1 1.8085 464.8616 800.2309 489.6670 853.7075 1.6395 0.6431 0.5592 -15.5722 7.3168 48.1219 1.5024 0.6023
Pedestrian -1 -1 1.6719 1156.1073 787.9858 1183.3541 856.8598 1.6834 0.6271 0.6649 5.4182 5.9644 38.8539 1.8274 0.4889
Pedestrian -1 -1 -1.3291 468.9637 792.7914 493.4421 849.7020 1.6920 0.6204 0.4877 -14.8523 6.9165 46.2731 -1.6333 0.3364
Pedestrian -1 -1 1.2302 204.2226 772.3058 266.8055 879.6041 1.6689 0.6443 1.0372 -12.3686 4.2389 25.4806 0.7711 0.1880
Pedestrian -1 -1 1.6724 1148.2511 791.6169 1174.6281 860.0654 1.7322 0.6290 0.6586 5.3798 6.2556 40.1773 1.8222 0.1640
Cyclist -1 -1 -1.6342 1168.6770 766.8931 1218.8044 875.2322 1.7970 0.8573 1.9959 4.4232 4.6080 28.5664 -1.4615 0.4681
Cyclist -1 -1 3.3204 71.6050 768.0907 201.9262 873.7714 1.5794 0.8164 1.7851 -13.6797 4.0253 24.8655 2.8079 0.1449
Cyclist -1 -1 1.6041 968.8457 781.1748 993.9990 848.3627 1.7812 0.6702 0.9560 0.5759 6.2701 42.4576 1.6309 0.1288
Cyclist -1 -1 -1.5078 768.4797 775.5692 804.6030 845.1429 1.8230 0.9267 1.9770 -5.1939 6.4138 44.5568 -1.6138 0.1163
Car -1 -1 1.7557 614.0151 806.6517 689.4780 868.2764 1.4235 1.6524 3.8100 -9.8323 7.4579 47.7378 1.5616 0.5623
Car -1 -1 -1.4403 805.5994 782.8887 916.7543 877.1387 1.5121 1.8920 3.7503 -2.1047 5.1449 32.4437 -1.4949 0.4435
Car -1 -1 3.3195 0.0000 779.5784 279.4036 894.5048 1.4833 1.6749 4.1335 -13.6225 4.1932 24.7293 2.8067 0.1829
Car -1 -1 1.5647 753.6281 790.5950 818.9620 858.7724 1.4778 1.8542 4.0189 -5.2223 6.6664 44.7276 1.4587 0.1068
