Pedestrian -1 -1 2.0155 188.3230 773.9415 249.6293 885.2787 1.7376 0.6464 0.7658 -12.2897 4.2458 24.7755 1.5471 0.6526
Pedestrian -1 -1 1.8020 455.7262 796.3244 481.7543 851.0024 1.6474 0.6582 0.6166 -15.6362 7.1290 47.4848 1.4905 0.5865
Pedestrian -1 -1 -1.2853 464.3631 793.8806 489.6910 850.8114 1.6796 0.6220 0.5002 -14.8611 6.8954 45.9015 -1.5922 0.5006
Pedestrian -1 -1 1.6135 1162.0717 783.7618 1189.0640 854.6722 1.7005 0.6403 0.6635 5.4470 5.7782 37.9958 1.7730 0.4442
Pedestrian -1 -1 1.6187 968.6913 778.2852 994.2593 846.8874 1.7694 0.6466 1.1167 0.5686 6.1112 41.7498 1.6455 0.2696
Pedestrian -1 -1 1.7447 1142.7177 790.6605 1171.2754 858.3513 1.6916 0.6408 0.6576 5.2120 6.1499 39.8078 1.8915 0.1671
Cyclist -1 -1 -1.6729 1167.9398 762.7101 1220.8049 871.4627 1.7908 0.8232 1.9820 4.3812 4.4855 28.2232 -1.4998 0.5062
Cyclist -1 -1 1.6235 966.8889 779.1761 994.1440 848.3674 1.7628 0.6775 1.2735 0.5423 6.1344 41.7126 1.6498 0.2092
Cyclist -1 -1 -1.4865 764.1962 770.1578 802.9432 841.0187 1.8444 0.9483 2.0499 -5.2398 6.2393 44.2087 -1.5946 0.1555
Cyclist -1 -1 3.3783 50.2878 770.2030 161.9523 877.6769 1.5642 0.6787 1.4223 -13.5502 3.9216 23.7309 2.8482 0.1170
Car -1 -1 1.7681 601.0948 798.0651 679.4575 859.9305 1.4286 1.6772 3.5637 -9.8946 6.9985 46.3153 1.5661 0.8623
Car -1 -1 -1.5090 798.6147 783.6350 900.9666 877.3204 1.4565 1.8913 3.9293 -2.3090 5.0486 31.8756 -1.5715 0.2032
