Pedestrian -1 -1 2.0758 179.1763 769.2969 242.3616 876.5037 1.6367 0.6537 0.7106 -12.1278 4.0069 24.1807 1.6018 0.5798
Pedestrian -1 -1 1.5619 1167.9017 781.3753 1193.8051 851.4489 1.6579 0.6348 0.6302 5.4864 5.6037 37.3501 1.7251 0.5118
Pedestrian -1 -1 -1.3146 457.5983 790.0557 482.9203 847.8695 1.6807 0.6163 0.5165 -14.8776 6.7161 45.3195 -1.6259 0.4459
Pedestrian -1 -1 1.7997 446.9500 794.4291 472.8450 849.1107 1.6200 0.6467 0.5847 -15.6225 6.9397 46.6059 1.4824 0.4451
Pedestrian -1 -1 1.6088 968.7025 777.5989 994.5514 843.5159 1.6879 0.6623 0.9167 0.5617 5.9223 40.9906 1.6357 0.3600
Pedestrian -1 -1 1.7743 96.4417 770.2889 151.4143 890.4859 1.7267 0.5803 0.9284 -13.0369 4.0438 23.3009 1.2531 0.1191
Cyclist -1 -1 -1.6888 1170.7468 760.9387 1226.4784 871.3217 1.7869 0.8279 1.9820 4.3805 4.4008 27.7201 -1.5127 0.5063
Cyclist -1 -1 -1.3980 765.8667 773.4633 807.5966 843.6992 1.8646 0.9138 1.8797 -5.2122 6.4082 44.7668 -1.5039 0.1102
Cyclist -1 -1 1.6074 968.9424 777.1263 995.9280 844.2495 1.6980 0.6856 1.0674 0.5834 5.9179 40.9008 1.6349 0.1053
Car -1 -1 1.7575 595.3450 795.6509 674.2006 858.1252 1.4080 1.6726 3.5946 -9.8699 6.8018 45.4259 1.5517 0.8799
Car -1 -1 -1.5088 797.7429 783.6229 892.6639 872.8184 1.4561 1.8211 3.8234 -2.5117 5.1773 33.1449 -1.5746 0.2595
Car -1 -1 3.4753 0.0000 781.0446 244.8798 893.6837 1.3951 1.6759 3.9077 -13.3966 3.9350 23.1091 2.9379 0.1144
Car -1 -1 -1.4940 748.9376 789.3679 819.3311 854.3906 1.4600 1.7844 3.7291 -5.2895 6.6205 45.0320 -1.6008 0.1104
