Pedestrian -1 -1 2.1092 140.5477 780.2612 208.3995 893.3487 1.6523 0.6558 0.7300 -12.2350 4.1092 23.2702 1.6149 0.6370
Pedestrian -1 -1 1.8158 439.5760 798.9338 466.0643 853.3937 1.5870 0.6461 0.5787 -15.6010 6.9645 45.8942 1.4942 0.5073
Pedestrian -1 -1 1.5344 1169.2422 779.6146 1197.3253 852.0253 1.6873 0.6698 0.6178 5.4434 5.5192 36.6891 1.6991 0.4815
Pedestrian -1 -1 -1.3466 450.7873 792.7186 476.0826 850.5616 1.6524 0.6136 0.5252 -14.8746 6.6999 44.6895 -1.6621 0.3966
Pedestrian -1 -1 2.0940 64.3407 775.7310 126.8555 900.0808 1.7698 0.5608 0.6588 -12.9744 4.0653 22.4256 1.5572 0.2493
Pedestrian -1 -1 1.6163 968.5599 782.2422 995.3123 850.5386 1.6981 0.6602 0.9595 0.5568 5.9597 40.0007 1.6435 0.2256
Pedestrian -1 -1 -2.5562 1131.9540 790.0939 1159.2368 857.9292 1.7855 0.5934 0.5075 5.1345 6.4299 41.6536 -2.4173 0.1292
Cyclist -1 -1 -1.6901 1171.2306 757.6233 1227.6625 869.6721 1.7878 0.8212 1.9964 4.3284 4.3012 27.2983 -1.5133 0.5191
Cyclist -1 -1 -1.5068 761.6741 782.1993 795.3516 851.5045 1.8368 0.8673 1.8994 -5.4888 6.6723 45.0022 -1.6181 0.1694
Cyclist -1 -1 1.6003 968.5609 782.2093 996.3024 851.0951 1.6848 0.6911 1.1554 0.5697 5.9444 39.8967 1.6279 0.1086
Car -1 -1 1.7756 579.5648 795.1125 664.5818 861.3813 1.4432 1.6908 3.7171 -9.9319 6.6663 44.0219 1.5615 0.8333
Car -1 -1 -1.5533 786.4567 783.1489 876.1698 874.8967 1.4771 1.8514 3.8624 -2.8013 5.1677 32.8939 -1.6288 0.3167
