Pedestrian -1 -1 2.1649 112.8064 770.7582 183.8077 891.1205 1.7123 0.6507 0.7263 -12.2823 3.9554 22.6082 1.6556 0.6630
Pedestrian -1 -1 2.1815 40.2399 762.6928 112.9836 886.5062 1.7120 0.6142 0.7284 -12.9545 3.7664 21.9131 1.6336 0.6001
Pedestrian -1 -1 1.5389 1171.8931 784.6420 1200.3403 857.6801 1.6617 0.6682 0.6599 5.4123 5.5492 36.0216 1.7056 0.5402
Pedestrian -1 -1 1.8313 431.2390 797.4787 458.5717 852.9413 1.5961 0.6560 0.5641 -15.6131 6.8503 45.2255 1.5047 0.4809
Pedestrian -1 -1 -1.3746 446.5919 791.0310 472.4101 849.0087 1.6374 0.6287 0.5461 -14.8667 6.5950 44.3164 -1.6927 0.4737
Pedestrian -1 -1 3.3131 0.0000 774.1645 60.8646 876.5208 1.3560 0.7043 1.1008 -13.8974 3.5993 21.9335 2.7332 0.1336
Cyclist -1 -1 -1.7202 1168.5493 759.9778 1230.0084 874.2903 1.8101 0.8463 1.9923 4.2872 4.3461 27.0681 -1.5436 0.4867
Cyclist -1 -1 -1.4988 757.8817 782.1703 791.8610 852.1469 1.8295 0.8479 1.9128 -5.5289 6.6061 44.4462 -1.6126 0.1643
Cyclist -1 -1 1.5924 966.3400 790.0652 995.7961 859.0116 1.6074 0.7197 1.3977 0.5230 5.9946 39.0074 1.6191 0.1562
Cyclist -1 -1 3.3570 0.0000 770.6307 65.4877 879.4371 1.4395 0.6926 1.2333 -13.8274 3.6155 21.7855 2.7761 0.1038
Car -1 -1 1.7905 568.0724 791.5701 655.3024 858.6230 1.4437 1.6668 3.6326 -10.0107 6.4444 43.0511 1.5693 0.6970
Car -1 -1 -1.5421 774.1815 780.8754 869.0964 876.7260 1.5284 1.8973 3.9740 -2.9703 5.1308 32.5032 -1.6241 0.3458
