Pedestrian -1 -1 1.9637 252.0186 761.0218 308.5486 865.0544 1.7828 0.6851 0.7882 -12.3334 4.2868 27.1014 1.5313 0.6410
Pedestrian -1 -1 1.6323 970.1136 781.6819 995.3518 845.8033 1.7505 0.6678 1.0265 0.6356 6.4214 44.0115 1.6600 0.5485
Pedestrian -1 -1 1.9190 197.4819 763.8926 251.2770 867.5070 1.7340 0.6466 0.7342 -13.0543 4.2351 26.5073 1.4547 0.5319
Pedestrian -1 -1 1.7978 484.6761 799.3986 507.9418 852.1392 1.6613 0.6204 0.5614 -15.3561 7.4604 49.3974 1.5037 0.5029
Pedestrian -1 -1 1.6456 1147.4530 789.3632 1171.6454 854.8448 1.6845 0.5969 0.6549 5.4106 6.2132 40.7930 1.7940 0.4114
Pedestrian -1 -1 -1.3667 486.1984 790.3971 512.0424 848.0153 1.7399 0.6816 0.5360 -14.5725 6.9923 47.1632 -1.6597 0.2608
Pedestrian -1 -1 3.3508 104.2826 782.5720 198.1508 870.0391 1.3649 0.7560 1.3031 -13.9979 4.1510 25.8738 2.8465 0.1614
Pedestrian -1 -1 -1.2613 477.0300 785.6904 506.8757 842.3988 1.6872 0.7311 0.6183 -14.6162 6.7296 46.5837 -1.5590 0.1163
Cyclist -1 -1 -1.6399 1173.8502 766.0223 1221.9734 873.1872 1.8099 0.8220 1.9231 4.5554 4.6306 28.8903 -1.4645 0.4882
Cyclist -1 -1 1.6433 968.5949 783.1057 994.8780 847.1533 1.7385 0.6828 1.0802 0.6063 6.4524 43.9864 1.6704 0.1783
Cyclist -1 -1 -1.5302 781.2928 777.4114 817.4268 847.2221 1.8661 0.9912 1.9778 -4.9061 6.6026 45.4277 -1.6274 0.1358
Cyclist -1 -1 3.3832 110.6879 779.1970 207.4680 871.4167 1.4560 0.7267 1.3443 -13.8679 4.1807 25.8845 2.8832 0.1226
Car -1 -1 1.6560 633.5912 807.4854 697.2491 868.2225 1.4295 1.7071 4.0723 -9.8467 7.7920 49.9999 1.4711 0.2460
Car -1 -1 -1.5022 809.5494 787.6565 910.2605 882.5226 1.4949 1.8547 3.8370 -2.1130 5.2007 32.1196 -1.5577 0.2282
