Pedestrian -1 -1 2.1388 46.5967 782.4583 125.8818 915.4377 1.7569 0.6678 0.7514 -12.3079 4.0153 21.0514 1.5957 0.7350
Pedestrian -1 -1 2.2877 0.0000 781.9661 55.6572 919.7172 1.7619 0.6041 0.7608 -12.9681 3.9588 20.4990 1.7079 0.4775
Pedestrian -1 -1 1.7844 407.0438 795.6418 436.6473 855.7379 1.6608 0.6953 0.6204 -15.7523 6.6882 43.6802 1.4435 0.4694
Pedestrian -1 -1 1.5273 1173.2229 790.0634 1201.8962 866.1324 1.6661 0.6409 0.6441 5.2431 5.5352 34.6732 1.6952 0.4441
Pedestrian -1 -1 -1.2574 446.3525 793.2644 475.4931 852.1475 1.6400 0.6520 0.5993 -14.6091 6.5908 43.6732 -1.5747 0.3587
Pedestrian -1 -1 0.9541 958.5660 784.9888 1021.8790 864.5719 1.7525 0.9085 1.4603 0.7135 5.8322 37.2500 0.9867 0.1141
Cyclist -1 -1 -1.7156 1160.5975 756.7629 1223.6067 872.6557 1.8107 0.8655 2.0115 4.0992 4.2544 26.6963 -1.5438 0.5053
Cyclist -1 -1 1.5319 969.1375 789.8742 1003.3058 866.4167 1.6934 0.8108 1.5558 0.6124 5.8876 37.2366 1.5617 0.2310
Cyclist -1 -1 -1.5867 736.2233 783.1398 768.1287 854.6672 1.8473 0.9186 2.0523 -6.2266 6.6696 44.4909 -1.7161 0.1559
Car -1 -1 1.6999 551.4988 800.0620 635.5807 872.0380 1.4042 1.7221 3.7414 -9.9325 6.3900 40.6159 1.4669 0.6750
Car -1 -1 -1.5262 767.3477 786.0315 862.5566 879.6225 1.4958 1.8451 3.7198 -3.1029 5.1837 32.3302 -1.6129 0.4634
Car -1 -1 -2.2712 0.0000 763.3476 47.8501 878.9604 1.4922 1.6600 3.9116 -16.7314 3.7965 23.6189 -2.9012 0.1365
Car -1 -1 -1.5582 732.3236 792.6265 795.2380 860.7528 1.4947 1.8088 4.1931 -5.9939 6.8690 45.7352 -1.6784 0.1026
