Pedestrian -1 -1 2.0897 78.2605 783.5530 152.8285 909.2326 1.7204 0.6770 0.7267 -12.2979 4.0680 21.7620 1.5627 0.6806
Pedestrian -1 -1 1.8233 415.0392 799.6052 442.1832 856.4722 1.6056 0.6415 0.5403 -15.7907 6.8204 44.3405 1.4866 0.5058
Pedestrian -1 -1 2.2158 4.0386 777.3502 80.2470 912.1562 1.7902 0.6057 0.7251 -12.9703 3.9823 21.1173 1.6503 0.4877
Pedestrian -1 -1 -1.3200 438.6353 793.8626 465.2034 852.6910 1.6416 0.6184 0.5386 -14.8786 6.6109 43.6915 -1.6428 0.4503
Pedestrian -1 -1 1.5258 1170.5593 787.1742 1199.9557 860.8486 1.6464 0.6696 0.6235 5.2853 5.5161 35.3112 1.6920 0.4164
Pedestrian -1 -1 1.2816 970.1370 786.7902 1009.6360 862.8425 1.7638 0.7346 1.0818 0.7199 5.9360 37.9234 1.3141 0.2101
Cyclist -1 -1 -1.6877 1170.5509 760.7899 1229.3068 879.3463 1.8478 0.8437 1.9913 4.2352 4.3634 26.6640 -1.5105 0.4602
Cyclist -1 -1 1.2602 975.3797 787.1135 1023.6927 866.0152 1.7555 0.7813 1.6160 0.9560 5.9502 37.7873 1.2991 0.2081
Cyclist -1 -1 -1.5225 745.6713 784.5029 778.4807 855.5040 1.8249 0.8437 1.9322 -5.8371 6.6168 43.9038 -1.6449 0.2025
Car -1 -1 1.7878 555.5564 796.0311 645.7484 864.9595 1.4325 1.6911 3.6487 -10.0773 6.4508 42.0191 1.5595 0.8462
Car -1 -1 -1.5289 767.5596 784.7661 865.5509 881.1042 1.5104 1.8842 3.8817 -3.0316 5.1428 31.9983 -1.6143 0.3236
