Pedestrian -1 -1 1.7175 351.1446 807.4846 384.2785 881.8620 1.7411 0.6804 0.6383 -14.7996 6.3423 37.2983 1.3429 0.6267
Pedestrian -1 -1 1.6236 1278.7191 784.3865 1318.8483 882.6792 1.6761 0.6622 0.8198 6.2276 4.6692 27.5762 1.8678 0.5257
Pedestrian -1 -1 1.4559 1011.3948 803.8222 1053.2749 897.5914 1.7083 0.7303 1.1539 1.4231 5.3824 30.1125 1.5178 0.3521
Pedestrian -1 -1 -1.2674 397.6262 814.7274 426.4381 877.6462 1.5714 0.5865 0.4936 -14.3852 6.5771 39.1746 -1.6150 0.2902
Cyclist -1 -1 -1.6904 1205.1622 779.7742 1267.1404 908.9138 1.8047 0.8010 1.9961 4.4621 4.4372 24.3917 -1.4880 0.4496
Cyclist -1 -1 1.4736 1010.3288 804.1393 1052.6732 899.0344 1.7127 0.7487 1.2480 1.4018 5.3888 30.0340 1.5348 0.2528
Cyclist -1 -1 -1.8238 1509.9897 774.9929 1587.2552 892.2368 1.6711 0.7678 2.0763 9.8590 4.3065 25.1736 -1.4209 0.1656
Cyclist -1 -1 -1.5341 714.4824 798.0145 749.1404 873.2185 1.8300 0.8746 1.9549 -6.4474 6.8211 42.0968 -1.6767 0.1491
Cyclist -1 -1 -1.5400 809.6229 799.0395 857.2183 902.6432 1.7835 0.8751 1.9559 -2.5567 5.4035 30.0905 -1.6152 0.1430
Car -1 -1 1.8018 479.1538 816.4387 609.6674 917.5941 1.3955 1.6637 3.8592 -8.2778 5.4890 30.0024 1.5356 0.7227
