Pedestrian -1 -1 2.0698 0.0000 794.0232 47.1462 941.6975 1.7390 0.6183 0.6691 -11.9883 3.9054 18.7959 1.4835 0.6359
Pedestrian -1 -1 1.7972 376.7354 789.7252 408.3804 854.2747 1.6915 0.6893 0.6495 -15.7525 6.2986 41.4323 1.4380 0.5014
Pedestrian -1 -1 -1.2512 415.3564 793.3334 445.8639 855.2053 1.6464 0.6429 0.6090 -14.8259 6.3881 41.7899 -1.5875 0.4168
Pedestrian -1 -1 1.5328 1207.6536 785.0523 1234.8605 862.4451 1.5491 0.5579 0.6555 5.5278 4.9956 31.8159 1.7239 0.1856
Pedestrian -1 -1 1.7555 967.2155 782.6133 1008.8174 865.6661 1.7288 0.7220 1.2770 0.6244 5.4404 34.4926 1.7870 0.1647
Cyclist -1 -1 -1.7224 1166.2980 763.1837 1232.6273 882.9973 1.7960 0.8706 2.0173 4.0851 4.2751 25.7899 -1.5454 0.4685
Cyclist -1 -1 1.7808 965.9836 783.4382 1010.0211 866.1989 1.7188 0.7449 1.3150 0.6260 5.4612 34.5731 1.8122 0.1547
Car -1 -1 1.7589 524.0343 803.3148 626.4869 885.5558 1.4472 1.7286 3.8669 -9.4531 6.0841 36.8853 1.5137 0.7399
Car -1 -1 -1.5249 763.2952 785.1407 861.6732 882.2293 1.5199 1.8606 3.7441 -3.0836 5.1132 31.6245 -1.6132 0.6259
Car -1 -1 -1.5386 704.5670 797.1282 772.6249 868.5909 1.5229 1.8178 4.0816 -6.5384 6.8623 44.2361 -1.6757 0.2769
