Pedestrian -1 -1 1.5111 1239.3737 785.6291 1274.7416 873.5879 1.6536 0.6674 0.6461 5.8976 4.9006 29.8402 1.7266 0.5136
Pedestrian -1 -1 1.6207 372.8786 790.2781 401.7531 860.0882 1.7369 0.6798 0.6318 -15.1687 6.1536 39.5329 1.2579 0.4432
Pedestrian -1 -1 1.7791 403.2984 795.6256 433.2037 860.5451 1.6445 0.6333 0.6423 -14.5726 6.2686 40.1425 1.4350 0.2754
Pedestrian -1 -1 1.4696 987.4924 788.2204 1027.4314 876.4845 1.6717 0.7195 1.6749 0.9883 5.2984 32.3506 1.5139 0.1499
Pedestrian -1 -1 -1.4023 879.8822 797.6819 936.2299 954.4301 1.8590 0.6055 0.6557 -0.6678 4.0869 18.9143 -1.4279 0.1087
Cyclist -1 -1 1.4779 987.2104 788.7885 1027.7595 877.4551 1.6733 0.7422 1.7315 0.9888 5.3174 32.3685 1.5223 0.5242
Cyclist -1 -1 -1.7010 1184.3602 766.4457 1244.3759 889.8359 1.8028 0.7809 2.0232 4.2527 4.2905 25.2502 -1.5136 0.3950
Cyclist -1 -1 -1.5347 798.0814 774.0244 846.4066 875.1024 1.8119 0.9014 1.9578 -2.8430 4.9784 30.7547 -1.6180 0.2313
Car -1 -1 1.7680 499.5745 803.5954 618.7924 895.8820 1.4412 1.7920 4.0943 -8.9418 5.7027 33.5674 1.5121 0.7926
Car -1 -1 -1.4844 699.1251 796.9996 775.5096 869.5143 1.5312 1.8119 4.0560 -6.4592 6.7740 43.4848 -1.6224 0.1624
