Pedestrian -1 -1 1.6736 357.3141 800.8264 390.0936 874.6662 1.7542 0.7081 0.6442 -14.8704 6.2556 37.8591 1.3025 0.6061
Pedestrian -1 -1 1.5803 1273.2513 786.0742 1309.7583 879.8915 1.6335 0.6445 0.7638 6.1936 4.7032 28.0321 1.8196 0.5318
Pedestrian -1 -1 1.2093 1001.7390 795.2899 1054.3083 889.7875 1.7397 0.7201 1.1672 1.3576 5.3011 30.5922 1.2681 0.2575
Pedestrian -1 -1 -1.2466 409.1429 808.7321 437.1238 869.1200 1.5149 0.5474 0.5492 -14.2091 6.4041 39.4937 -1.5877 0.1544
Cyclist -1 -1 -1.7111 1200.2858 779.0222 1264.9598 905.7402 1.7758 0.8083 1.9913 4.4148 4.4008 24.4519 -1.5111 0.4666
Cyclist -1 -1 1.5058 1005.6337 799.9274 1046.4547 893.2163 1.6937 0.7619 1.4459 1.3155 5.3602 30.6004 1.5632 0.3594
Cyclist -1 -1 -1.8647 1508.8577 778.7197 1593.2491 896.5101 1.6639 0.7855 2.1384 9.8756 4.3615 25.1199 -1.4605 0.1476
Cyclist -1 -1 -1.5128 714.2086 797.9661 750.3189 872.0877 1.8077 0.8771 1.9515 -6.4491 6.8075 42.1932 -1.6551 0.1316
Cyclist -1 -1 -1.5008 745.2844 798.4446 777.9173 877.1851 1.9578 0.7706 1.7797 -5.6110 6.9488 42.0988 -1.6234 0.1042
Car -1 -1 1.7949 475.7336 811.1187 606.7724 912.6016 1.4368 1.7225 3.9747 -8.5116 5.5018 30.6209 1.5270 0.3641
