Pedestrian -1 -1 1.7227 366.6549 787.7441 398.9337 855.5244 1.7034 0.7103 0.6516 -15.4176 6.0877 39.8683 1.3571 0.5406
Pedestrian -1 -1 1.5184 1232.8910 784.1658 1267.8799 870.8188 1.6484 0.6731 0.6554 5.8359 4.9059 30.2095 1.7293 0.5189
Pedestrian -1 -1 1.7608 399.8024 792.4019 430.0970 856.0609 1.6252 0.6598 0.6350 -14.7789 6.1985 40.4649 1.4147 0.3757
Pedestrian -1 -1 1.0623 978.1281 787.7611 1033.6476 875.4658 1.7249 0.6901 1.2882 0.9724 5.3827 32.8558 1.1056 0.1627
Cyclist -1 -1 -1.6895 1174.3375 768.1884 1235.2279 891.3564 1.8106 0.8253 2.0227 4.1193 4.3462 25.4274 -1.5087 0.4178
Cyclist -1 -1 1.4231 983.0722 788.6995 1024.9850 875.0873 1.6724 0.7178 1.5622 0.9290 5.3604 32.8555 1.4651 0.3762
Cyclist -1 -1 -1.5326 791.9243 773.5195 837.2289 870.9148 1.7953 0.8573 1.6392 -3.0254 4.9568 30.9712 -1.6213 0.1218
Car -1 -1 1.7099 509.1326 806.2170 613.7581 895.3559 1.4194 1.7607 3.9307 -9.0779 5.8178 34.2226 1.4553 0.7034
Car -1 -1 -1.5444 756.6101 784.8949 858.3727 890.1447 1.6030 1.9466 3.8964 -3.1079 5.1225 30.8879 -1.6359 0.2953
Car -1 -1 -1.5268 698.4535 796.8094 770.1230 870.5900 1.5501 1.8341 4.0426 -6.5226 6.7697 43.3053 -1.6668 0.2484
