Pedestrian -1 -1 1.6639 1294.2491 780.1896 1333.4089 875.6137 1.5910 0.6065 0.6821 6.3064 4.4117 26.7384 1.9185 0.5136
Pedestrian -1 -1 1.2251 1023.7968 792.3383 1074.8533 890.8882 1.7668 0.7179 0.9863 1.7201 5.1140 29.3238 1.2987 0.4125
Pedestrian -1 -1 1.7008 350.4129 800.9090 382.4456 874.9351 1.7225 0.6627 0.5853 -14.6719 6.1080 36.8958 1.3250 0.4077
Pedestrian -1 -1 -1.2274 402.1263 804.8932 431.8975 869.3517 1.6059 0.5962 0.4892 -14.1442 6.3139 38.8709 -1.5724 0.2210
Cyclist -1 -1 -1.6732 1220.6110 774.1520 1282.8036 905.1522 1.8057 0.8207 2.0319 4.6531 4.3135 24.0723 -1.4602 0.4264
Cyclist -1 -1 1.2908 1022.4628 793.8405 1073.6407 892.4008 1.7525 0.7372 1.1082 1.6939 5.1357 29.3287 1.3635 0.1631
Cyclist -1 -1 1.6707 521.3593 798.1591 573.8427 911.5876 1.8111 0.7508 1.9960 -7.7606 5.1905 28.1220 1.4035 0.1566
Cyclist -1 -1 -1.8853 1510.6799 772.3940 1596.2578 890.6191 1.6795 0.7831 2.0381 9.8365 4.2405 24.9159 -1.4794 0.1527
Cyclist -1 -1 -1.4831 720.0334 797.8270 758.1707 874.4830 1.8731 0.8741 1.9641 -6.2371 6.8538 42.0690 -1.6208 0.1237
Car -1 -1 1.7927 466.3973 809.9435 604.7535 914.8342 1.3820 1.7204 3.9687 -8.1256 5.2054 28.8742 1.5204 0.5043
Car -1 -1 -1.5208 789.9372 797.6592 889.6490 900.1860 1.5485 1.8397 3.9632 -2.4777 5.3979 31.3219 -1.5899 0.3114
Car -1 -1 -1.5378 694.2112 808.8038 766.6406 882.9059 1.4699 1.8446 4.0092 -6.4556 6.9107 42.1490 -1.6804 0.1108
