Pedestrian -1 -1 1.7087 357.9469 793.4143 391.9607 869.7106 1.7412 0.6823 0.6671 -14.2331 5.8788 36.3147 1.3375 0.5728
Pedestrian -1 -1 1.5890 1319.4407 777.4388 1357.5573 876.2043 1.6099 0.6160 0.6611 6.5691 4.3064 26.0309 1.8601 0.4328
Pedestrian -1 -1 -1.2837 409.2292 807.3032 437.7895 871.3586 1.5784 0.5822 0.4689 -13.8502 6.3076 38.5229 -1.6248 0.2773
Pedestrian -1 -1 1.0986 1023.7224 789.2881 1090.8234 890.6280 1.7034 0.7237 1.4208 1.8186 4.9250 28.5112 1.1776 0.2303
Cyclist -1 -1 -1.6647 1231.4430 772.3980 1292.5963 904.6768 1.7993 0.8082 2.0212 4.7536 4.2452 23.7447 -1.4446 0.4079
Cyclist -1 -1 0.9306 1025.2382 791.5540 1111.3497 896.8047 1.7217 0.7352 1.7689 2.0165 4.9923 28.4024 1.0171 0.2984
Cyclist -1 -1 -1.8431 1516.1567 776.9248 1598.8428 896.0439 1.6601 0.7848 2.1158 9.8389 4.2886 24.7545 -1.4347 0.2120
Cyclist -1 -1 -1.5621 770.7297 800.0660 799.5551 881.2464 1.9640 0.7566 1.9161 -4.8716 6.9346 41.4445 -1.6688 0.1650
Cyclist -1 -1 1.7701 496.8206 799.7285 562.3439 915.2575 1.7532 0.7426 2.0209 -7.7337 5.0157 26.8698 1.4908 0.1566
Cyclist -1 -1 -1.5160 722.0884 797.2042 758.3731 874.4429 1.8681 0.8764 1.9635 -6.1528 6.7908 41.7100 -1.6530 0.1166
Car -1 -1 1.8409 454.3872 804.8114 602.2701 910.5240 1.3798 1.6852 3.7923 -7.9821 4.9648 27.8964 1.5634 0.4002
Car -1 -1 -1.5318 789.9722 793.5798 891.0536 899.6545 1.5855 1.8753 3.9971 -2.4203 5.2903 30.8199 -1.6004 0.3412
