Pedestrian -1 -1 1.5459 1251.2267 789.3254 1285.2841 878.2506 1.6160 0.6397 0.6631 5.9509 4.8473 29.0001 1.7692 0.5667
Pedestrian -1 -1 1.5955 360.8410 798.9029 389.8729 871.9938 1.7710 0.6803 0.6300 -15.1215 6.3109 38.6058 1.2256 0.4928
Pedestrian -1 -1 -1.3333 402.0012 805.4788 431.4066 868.6330 1.5874 0.6105 0.5952 -14.4883 6.4325 39.7959 -1.6782 0.3193
Pedestrian -1 -1 1.4469 990.2530 792.0860 1034.3386 883.8461 1.6876 0.7478 1.6956 1.0648 5.3138 31.5619 1.4946 0.1669
Cyclist -1 -1 1.4469 990.2530 792.0860 1034.3386 883.8461 1.6876 0.7478 1.6956 1.0648 5.3138 31.5619 1.4946 0.4967
Cyclist -1 -1 -1.6877 1191.5341 770.8890 1250.4116 895.0856 1.7869 0.7777 2.0178 4.3186 4.3272 24.9858 -1.4957 0.4068
Cyclist -1 -1 -1.5621 798.1558 781.7965 842.0751 886.0660 1.8295 0.8525 2.0186 -2.8545 5.1283 30.4035 -1.6468 0.1365
Cyclist -1 -1 -1.4143 720.0093 791.5968 761.7494 866.0748 1.8495 0.8728 1.8475 -6.2126 6.6622 42.2422 -1.5509 0.1075
Car -1 -1 1.7618 492.7688 811.8844 613.1935 906.7742 1.4045 1.7580 4.0020 -8.7351 5.7001 32.2979 1.5017 0.6805
Car -1 -1 -1.5570 762.8870 793.4996 858.5151 899.0614 1.5771 1.8515 4.0535 -3.0805 5.3206 31.1129 -1.6467 0.1289
Car -1 -1 -1.5029 692.7248 800.6068 771.7838 877.1858 1.5472 1.8837 4.1560 -6.4032 6.7550 42.1820 -1.6441 0.1212
