Pedestrian -1 -1 1.7383 375.8680 788.1332 408.0001 856.0842 1.7494 0.7156 0.6692 -15.5302 6.2467 40.8040 1.3786 0.4823
Pedestrian -1 -1 1.8216 406.5604 792.3758 438.3112 857.1559 1.6895 0.6812 0.6473 -14.8347 6.3411 41.1822 1.4803 0.4317
Pedestrian -1 -1 1.5625 1214.0110 782.9493 1244.7720 865.1329 1.6177 0.6250 0.6275 5.5988 4.9554 31.2139 1.7594 0.4302
Pedestrian -1 -1 2.1513 0.0000 793.9857 22.1161 946.9127 1.7465 0.6252 0.6902 -11.9608 3.8450 18.2081 1.5501 0.4244
Cyclist -1 -1 1.3324 975.4479 785.9842 1028.2158 873.9598 1.7053 0.7822 1.9109 0.8992 5.4460 33.7132 1.3727 0.4421
Cyclist -1 -1 -1.7110 1168.1222 765.4800 1229.8743 887.7007 1.8252 0.8096 2.0358 4.0703 4.3419 25.7394 -1.5343 0.3798
Cyclist -1 -1 -1.4634 715.2109 789.8405 752.3079 863.2720 1.8380 0.8296 1.9404 -6.5045 6.6710 42.8350 -1.6048 0.1041
Car -1 -1 1.7703 512.1002 801.8224 619.3257 887.4744 1.4685 1.7234 3.8716 -9.3957 5.9368 35.7898 1.5188 0.7781
Car -1 -1 -1.5288 758.3043 784.3212 857.9728 882.6434 1.5254 1.8820 3.7396 -3.1435 5.0685 31.3216 -1.6201 0.6621
Car -1 -1 -1.5062 702.3786 793.9286 776.5616 865.6992 1.5346 1.8594 4.1287 -6.4903 6.7612 44.1152 -1.6428 0.2628
