Pedestrian -1 -1 2.2182 0.0000 789.0538 59.1413 933.5215 1.7422 0.6627 0.7828 -12.2721 3.9153 19.3841 1.6363 0.7117
Pedestrian -1 -1 1.7539 382.0520 789.5319 412.8095 853.3065 1.6834 0.6968 0.6431 -15.7548 6.3262 41.7964 1.3976 0.4940
Pedestrian -1 -1 -1.2513 419.0922 790.8342 449.3607 851.2892 1.6214 0.6438 0.6076 -14.8379 6.3283 42.1106 -1.5854 0.3697
Pedestrian -1 -1 1.7797 962.6647 792.7485 1006.3025 873.0604 1.6631 0.7184 1.4644 0.5538 5.6914 35.0932 1.8088 0.1223
Cyclist -1 -1 -1.7060 1166.2882 761.3411 1230.0680 883.5098 1.8408 0.8589 2.0530 4.0817 4.2997 25.9065 -1.5299 0.4611
Cyclist -1 -1 1.7997 961.6747 793.8282 1006.7235 874.1931 1.6696 0.7346 1.4440 0.5486 5.7341 35.1891 1.8286 0.2457
Cyclist -1 -1 -1.5230 718.1662 790.2487 751.9552 863.6117 1.8499 0.8563 2.0132 -6.5602 6.7689 43.4468 -1.6634 0.1174
Cyclist -1 -1 -1.4986 791.1350 777.4715 838.4859 870.7472 1.7552 0.8699 1.4844 -3.0576 5.0293 31.3413 -1.5871 0.1019
Car -1 -1 1.7421 532.6699 803.2512 630.1095 883.8772 1.4596 1.7299 3.8895 -9.5682 6.2211 37.9234 1.5011 0.6439
Car -1 -1 -1.5197 758.9281 787.1931 857.4438 882.2634 1.4785 1.8374 3.6107 -3.1519 5.0842 31.3830 -1.6111 0.5478
Car -1 -1 -1.5815 710.0460 795.6598 774.8032 867.9930 1.5411 1.8193 4.2131 -6.5183 6.8808 44.5458 -1.7172 0.2787
