Pedestrian -1 -1 1.5340 1338.7588 782.6760 1376.9608 883.9533 1.5985 0.6142 0.6383 6.6742 4.2963 25.1858 1.8179 0.5461
Pedestrian -1 -1 1.7855 351.7194 792.9958 388.0751 868.5584 1.6969 0.6810 0.6541 -14.0882 5.7452 35.6378 1.4109 0.5301
Pedestrian -1 -1 -1.3191 402.0329 804.4692 431.1166 870.2388 1.5905 0.5850 0.5061 -13.8268 6.1833 37.9691 -1.6647 0.4098
Pedestrian -1 -1 1.2021 1045.3158 782.5836 1105.6589 887.6515 1.7341 0.7164 1.2537 2.0891 4.7063 27.4865 1.2938 0.3563
Cyclist -1 -1 -1.6254 1246.8926 774.2292 1304.4254 907.9492 1.7902 0.8189 2.0232 4.9140 4.2407 23.4723 -1.3959 0.4025
Cyclist -1 -1 1.2138 1044.3962 784.8779 1107.1237 891.1718 1.7365 0.7309 1.3744 2.0915 4.7569 27.4749 1.3056 0.3374
Cyclist -1 -1 -1.9028 1530.2634 776.3331 1627.0941 901.4294 1.6783 0.8206 2.1724 9.8265 4.2107 23.8893 -1.4814 0.2110
Cyclist -1 -1 -1.4821 728.8459 799.4165 766.6804 876.9746 1.8635 0.8512 1.8745 -5.8678 6.7811 41.1839 -1.6141 0.1155
Car -1 -1 -1.5015 796.3633 793.4323 904.8356 898.5206 1.5632 1.8921 3.8791 -2.1823 5.2126 30.4356 -1.5632 0.3185
Car -1 -1 1.8447 446.4819 808.7310 604.0383 923.4385 1.4136 1.6988 3.7709 -7.5914 4.8888 26.3792 1.5650 0.2969
Car -1 -1 -1.5592 703.8733 807.2610 774.5050 883.5792 1.4837 1.8376 4.0436 -6.0896 6.7822 41.3292 -1.6961 0.1231
