Pedestrian -1 -1 1.3242 1056.7570 787.3275 1108.2864 893.9622 1.7503 0.7106 0.9918 2.1609 4.7143 26.7453 1.4210 0.6429
Pedestrian -1 -1 1.7307 353.4922 797.2803 388.6098 874.3188 1.6931 0.6681 0.6526 -13.8093 5.7726 35.0007 1.3567 0.5782
Pedestrian -1 -1 -1.2810 396.6858 806.7001 427.7538 875.0846 1.6409 0.6146 0.4992 -13.7915 6.2410 37.5718 -1.6292 0.4806
Pedestrian -1 -1 1.5822 1361.2583 777.2617 1403.8757 888.1683 1.6894 0.6437 0.7185 6.8863 4.2236 24.4319 1.8829 0.4263
Cyclist -1 -1 -1.6373 1256.2185 780.0029 1310.8871 913.4776 1.7592 0.7420 1.9823 4.9732 4.2697 23.1653 -1.4022 0.4183
Cyclist -1 -1 1.3450 1056.2632 789.2219 1108.3474 896.2134 1.7438 0.7194 1.0778 2.1555 4.7456 26.7381 1.4416 0.2383
Cyclist -1 -1 -1.4858 736.5658 802.7247 774.8386 882.0837 1.8801 0.8549 1.9545 -5.6067 6.8594 40.8798 -1.6124 0.1766
Cyclist -1 -1 -1.9053 1546.4719 774.4792 1647.0989 901.7221 1.6436 0.8020 2.2432 9.8154 4.0786 23.1888 -1.4726 0.1102
Cyclist -1 -1 -1.4927 831.1137 799.1913 879.3572 898.2460 1.7745 0.8415 1.5774 -2.1420 5.4089 30.3874 -1.5530 0.1066
Car -1 -1 1.7588 448.4967 806.7834 606.1912 938.9996 1.5427 1.8254 3.9893 -7.2060 4.8606 25.2104 1.4804 0.5201
Car -1 -1 -1.5169 795.1802 803.0008 894.6351 904.6899 1.5077 1.7991 3.8578 -2.3403 5.4194 30.9055 -1.5826 0.1191
