Pedestrian -1 -1 1.2668 1070.9752 786.8969 1127.8152 895.3618 1.7163 0.7197 1.0304 2.3892 4.5906 25.9579 1.3753 0.5705
Pedestrian -1 -1 1.6105 1374.0957 781.9911 1418.9304 896.2317 1.6836 0.6355 0.7633 6.9281 4.2319 23.7917 1.9206 0.5136
Pedestrian -1 -1 1.8104 354.5448 792.9542 391.9595 870.9933 1.6910 0.6622 0.6581 -13.5091 5.5948 34.3684 1.4373 0.4822
Pedestrian -1 -1 -1.2580 403.1005 800.1302 435.1692 871.0862 1.6894 0.6171 0.5274 -13.4935 6.0839 37.2294 -1.6023 0.4052
Pedestrian -1 -1 2.2951 215.6457 811.4786 275.4380 918.5903 1.6613 0.5555 0.7415 -12.0220 4.8506 25.1308 1.8431 0.1118
Pedestrian -1 -1 -1.3607 376.2730 800.0374 407.0269 872.8462 1.7123 0.6096 0.5448 -14.0907 6.0827 37.0017 -1.7216 0.1076
Cyclist -1 -1 -1.6577 1264.8661 776.4915 1322.2899 911.8199 1.7599 0.7302 1.9678 5.0423 4.1734 22.7805 -1.4158 0.4209
Cyclist -1 -1 1.2781 1070.8064 787.7114 1128.9066 898.1694 1.7368 0.7299 1.1005 2.3921 4.6241 25.9130 1.3869 0.2648
Cyclist -1 -1 -1.4474 745.0777 807.1129 786.9774 887.3606 1.8796 0.8703 1.9692 -5.2728 6.9336 40.4926 -1.5670 0.1296
Cyclist -1 -1 -1.9671 1562.2688 781.7723 1669.8795 908.9625 1.5924 0.7367 2.2675 9.9027 4.0955 22.7107 -1.5228 0.1002
Car -1 -1 1.7844 434.5633 802.9908 603.8105 941.3500 1.5712 1.8207 4.0757 -7.1171 4.7358 24.4767 1.5006 0.6290
Car -1 -1 -1.5938 797.9296 800.6325 893.1711 906.5219 1.5654 1.8515 4.0442 -2.4375 5.4747 31.1692 -1.6619 0.4467
