Pedestrian -1 -1 1.8178 317.5659 787.6913 360.7158 876.1143 1.7639 0.7046 0.6462 -13.1283 5.2410 31.5705 1.4232 0.5364
Pedestrian -1 -1 1.4531 1476.8099 786.4996 1531.1927 918.9478 1.6771 0.6386 0.7273 7.4063 3.9317 20.4295 1.8334 0.4273
Pedestrian -1 -1 1.2467 1113.2551 789.1039 1185.9120 919.7618 1.7770 0.7371 1.3268 2.8648 4.3664 22.8637 1.3905 0.2892
Pedestrian -1 -1 -1.1957 382.3375 800.4084 418.6982 879.7154 1.7831 0.6563 0.5087 -13.1351 5.9259 35.0379 -1.5519 0.1187
Pedestrian -1 -1 -1.6706 1214.2157 768.9736 1278.3983 934.5842 1.7618 0.6680 0.5478 3.1877 3.4064 16.7597 -1.4563 0.1034
Pedestrian -1 -1 -1.5179 0.0000 844.0406 40.3712 986.6158 1.5684 0.5686 0.6207 -11.5044 4.2851 18.1276 -2.1015 0.1003
Cyclist -1 -1 -1.8451 1288.1616 786.4208 1371.4335 925.0977 1.6974 0.6956 2.0134 5.3110 4.1465 21.6656 -1.5788 0.3950
Cyclist -1 -1 1.2387 1111.4949 792.1335 1186.4250 924.5866 1.7902 0.7437 1.3918 2.8547 4.4318 22.8680 1.3820 0.3561
Car -1 -1 1.8349 313.4607 801.5831 546.1232 976.4396 1.4698 1.7794 4.0078 -6.5268 3.9374 18.8175 1.4919 0.7525
Car -1 -1 -1.6127 820.2599 805.2734 914.0288 908.0704 1.4772 1.7830 3.8596 -1.9797 5.4027 30.5387 -1.6671 0.3879
Car -1 -1 -3.3427 1382.3320 813.6146 1513.7462 871.2905 1.5285 1.7453 3.7587 15.5835 7.7296 48.0266 -3.0095 0.1049
