Pedestrian -1 -1 1.4195 1550.8402 797.5333 1617.7297 949.5433 1.7141 0.6775 0.7271 7.6190 3.8792 18.3124 1.8511 0.5669
Pedestrian -1 -1 1.3347 1155.4109 796.5334 1225.5303 936.5033 1.7429 0.7236 1.1942 3.1680 4.1964 20.7583 1.5075 0.3804
Pedestrian -1 -1 1.9032 290.2900 787.8706 338.6201 882.5638 1.8047 0.7351 0.5939 -12.9457 5.1033 29.9432 1.4934 0.3127
Pedestrian -1 -1 1.6276 1606.5149 793.8309 1668.1841 946.4009 1.7643 0.6461 0.6107 8.4384 3.9204 18.6609 2.0905 0.1205
Pedestrian -1 -1 -1.9028 1462.3234 809.3453 1494.0271 864.7424 1.5681 0.6621 0.9520 15.9044 7.3047 46.0283 -1.5499 0.1163
Cyclist -1 -1 -1.8530 1301.1119 795.9174 1391.9211 938.8863 1.6955 0.7519 2.0480 5.4340 4.2388 21.2145 -1.5755 0.3407
Cyclist -1 -1 1.3255 1153.9932 797.1478 1225.0262 939.8155 1.7726 0.7198 1.2254 3.1541 4.2370 20.7575 1.4977 0.3029
Cyclist -1 -1 1.7767 461.1711 812.7446 505.9458 891.7650 1.7340 0.7483 1.6420 -12.0390 6.5803 37.7278 1.4729 0.2852
Car -1 -1 1.9371 162.7348 790.0626 497.2450 1011.3237 1.4733 1.8060 4.0045 -6.1193 3.3589 15.0360 1.5306 0.8896
Car -1 -1 -1.5749 843.4052 803.3104 937.7708 905.0064 1.4826 1.8109 3.8589 -1.4336 5.3744 30.6573 -1.6106 0.2395
Car -1 -1 -1.6300 737.8306 812.3762 818.6031 897.7913 1.5170 1.8601 4.2305 -4.7832 6.6439 38.6520 -1.7433 0.1238
Car -1 -1 -3.3791 1414.4747 810.1079 1561.8745 868.7084 1.4777 1.7479 3.9748 16.0868 7.2886 45.8128 -3.0210 0.1077
