Pedestrian -1 -1 1.8394 307.0139 794.6777 351.1675 886.8349 1.8078 0.7015 0.6308 -13.1066 5.3700 31.0172 1.4389 0.5335
Pedestrian -1 -1 1.4531 1509.2383 786.5995 1569.8473 924.8020 1.6768 0.6828 0.7672 7.6063 3.8566 19.6952 1.8561 0.4630
Pedestrian -1 -1 -1.7818 1438.1790 816.6249 1464.8519 869.9758 1.5574 0.6520 0.8678 15.5720 7.7095 47.5145 -1.4455 0.1354
Pedestrian -1 -1 -1.9227 1207.3108 764.9417 1282.1274 939.1411 1.7937 0.6639 0.5217 3.0635 3.3384 16.1912 -1.7089 0.1124
Cyclist -1 -1 1.2713 1125.7955 799.7068 1209.6108 940.9395 1.7830 0.7778 1.7181 3.0184 4.4638 22.0278 1.4275 0.4538
Cyclist -1 -1 -1.8770 1290.9089 791.9031 1379.1965 931.2792 1.6884 0.7035 2.0180 5.3655 4.2129 21.5847 -1.6073 0.3449
Cyclist -1 -1 1.9021 479.8643 810.8137 532.5696 883.0514 1.7076 0.7834 2.0010 -12.6407 7.0056 41.5988 1.6134 0.1168
Car -1 -1 1.8641 279.2886 798.8631 534.0729 983.2508 1.4412 1.7438 3.9776 -6.3462 3.7239 17.5816 1.5057 0.7237
Car -1 -1 -1.6086 830.2422 797.7384 922.2703 900.1008 1.5286 1.8060 3.9892 -1.8389 5.3929 31.3695 -1.6566 0.5050
Car -1 -1 -1.6387 742.3669 805.2944 821.0960 888.2987 1.5554 1.8463 4.2447 -4.8611 6.6606 40.0683 -1.7495 0.1667
Car -1 -1 -3.3954 1386.7792 810.6903 1529.1501 867.4467 1.4959 1.7400 3.9722 15.6409 7.4939 47.2410 -3.0559 0.1354
