Pedestrian -1 -1 1.5818 1430.3937 789.0031 1479.6190 910.2836 1.6464 0.6579 0.7024 7.2501 4.1038 21.9492 1.9305 0.5162
Pedestrian -1 -1 1.8190 335.9514 797.8359 375.5827 878.7190 1.6876 0.6784 0.6305 -13.3941 5.5559 33.0924 1.4352 0.4973
Pedestrian -1 -1 -1.2905 395.6712 808.9175 429.1883 883.0580 1.7010 0.6350 0.5293 -13.2140 6.1677 36.0139 -1.6390 0.4773
Pedestrian -1 -1 -1.5561 43.5969 832.3112 95.8851 965.1783 1.5793 0.5759 0.5900 -11.5801 4.3296 19.4287 -2.1089 0.2131
Pedestrian -1 -1 1.7110 1384.4515 785.3118 1434.2307 903.6833 1.6251 0.5965 0.7172 6.6591 4.0568 22.2149 2.0305 0.2092
Pedestrian -1 -1 0.8699 1085.9413 799.1207 1183.7379 922.7591 1.7320 0.8900 1.3861 2.7851 4.6350 24.0942 1.0033 0.1260
Pedestrian -1 -1 2.0121 374.9198 794.0820 414.5058 874.4468 1.6933 0.6255 0.5988 -12.5723 5.4853 33.1949 1.6513 0.1060
Cyclist -1 -1 1.2485 1089.4479 797.4620 1171.8132 925.8933 1.7730 0.8227 1.7936 2.7164 4.6740 24.1810 1.3785 0.5324
Cyclist -1 -1 -1.7055 1282.3140 781.1107 1347.6826 919.2971 1.7567 0.7371 1.9801 5.2667 4.1998 22.3612 -1.4492 0.3803
Cyclist -1 -1 -1.5315 834.1037 803.6301 878.3867 906.0873 1.8048 0.8092 1.7791 -2.1197 5.5420 30.3716 -1.5909 0.1148
Car -1 -1 1.8313 370.5415 803.4769 573.8741 958.9473 1.5294 1.8068 3.8714 -6.8138 4.3033 21.2473 1.5161 0.7744
Car -1 -1 -1.5703 808.6895 810.5539 903.0557 916.1781 1.5222 1.8065 3.9358 -2.1366 5.5793 30.6620 -1.6296 0.1157
