Pedestrian -1 -1 1.2988 1644.0497 792.0237 1737.4683 977.0186 1.7902 0.7192 0.8354 7.7119 3.6150 15.8408 1.7967 0.6656
Pedestrian -1 -1 1.3397 1204.6680 791.9497 1281.8979 948.0149 1.7392 0.7356 1.0100 3.4333 3.8378 18.2747 1.5503 0.5291
Pedestrian -1 -1 1.8155 467.8515 818.1703 508.7577 890.3970 1.6351 0.7116 1.1949 -11.9375 6.5964 37.7716 1.5145 0.2488
Pedestrian -1 -1 1.4605 1690.3870 793.7530 1769.3666 967.4127 1.7444 0.7253 0.6949 8.4091 3.6468 16.3854 1.9795 0.2450
Cyclist -1 -1 1.7798 444.7794 822.4954 494.4995 905.8355 1.6821 0.7693 1.7136 -11.5923 6.4652 35.3069 1.4669 0.3028
Cyclist -1 -1 -1.8036 1341.5374 800.2934 1428.8574 951.7606 1.6708 0.7176 2.0635 5.6367 4.1394 19.9931 -1.4998 0.2639
Cyclist -1 -1 1.8155 467.8515 818.1703 508.7577 890.3970 1.6351 0.7116 1.1949 -11.9375 6.5964 37.7716 1.5145 0.2358
Cyclist -1 -1 1.3413 1205.3625 789.7981 1281.5365 949.4495 1.7795 0.7195 1.0302 3.4340 3.8514 18.2679 1.5521 0.2302
Cyclist -1 -1 1.7707 504.7498 812.3766 541.9050 881.8475 1.7375 0.7200 1.4800 -12.3784 7.1367 42.3016 1.4927 0.2075
Car -1 -1 2.0396 0.0000 782.3311 421.9081 1094.4146 1.4877 1.8368 4.0982 -5.6737 2.8972 11.3084 1.5351 0.8812
