Pedestrian -1 -1 1.1330 1276.0099 783.0487 1379.8461 990.7761 1.8119 0.7119 0.7590 3.4548 3.3526 14.1359 1.4064 0.6392
Pedestrian -1 -1 1.9810 333.7190 789.5943 383.6443 881.3604 1.7474 0.7440 0.6137 -12.0546 5.0783 29.9286 1.5970 0.4870
Pedestrian -1 -1 1.9651 213.8891 776.1147 277.9253 886.2657 1.6620 0.7298 0.6529 -11.4092 4.1105 23.8665 1.5106 0.3705
Pedestrian -1 -1 1.3098 1907.5309 732.3668 1936.0000 1008.7224 1.9539 0.7685 0.9101 7.8659 2.8275 11.5857 1.9742 0.3474
Pedestrian -1 -1 -1.4810 610.2617 834.7635 635.3712 891.0989 1.5761 0.6754 0.6291 -10.1425 7.9166 44.8278 -1.6946 0.2107
Pedestrian -1 -1 1.8199 433.3112 810.4342 479.9912 892.9501 1.6093 0.6951 1.1522 -10.9454 5.7116 32.4650 1.4971 0.1955
Pedestrian -1 -1 1.8993 385.1275 799.6437 447.6595 895.1592 1.6959 0.7773 1.3343 -10.8060 5.2449 29.6968 1.5504 0.1907
Pedestrian -1 -1 1.2981 522.9672 818.9694 566.0135 883.1152 1.6524 0.9017 1.3649 -12.3471 7.5055 44.2846 1.0338 0.1046
Cyclist -1 -1 1.7164 509.3871 816.8104 546.4814 888.4432 1.6753 0.7232 1.6380 -11.7065 6.9748 40.4364 1.4411 0.3978
Cyclist -1 -1 -1.8708 1369.3860 801.7675 1470.9065 962.8163 1.6984 0.7239 2.0050 5.7974 4.0659 19.0056 -1.5436 0.3825
Cyclist -1 -1 1.8993 385.1275 799.6437 447.6595 895.1592 1.6959 0.7773 1.3343 -10.8060 5.2449 29.6968 1.5504 0.3750
Cyclist -1 -1 1.5747 528.4482 821.9315 559.3445 888.0753 1.6876 0.8626 1.5955 -12.3524 7.6394 44.2916 1.3105 0.3505
Cyclist -1 -1 1.7884 467.7979 804.8181 510.7027 880.7390 1.6482 0.6981 1.4896 -11.6337 6.1797 36.8933 1.4874 0.3240
Cyclist -1 -1 1.7984 431.3951 811.4902 477.9049 896.0077 1.6357 0.6960 1.2115 -10.9623 5.7562 32.3882 1.4744 0.2703
Car -1 -1 -1.6226 877.4700 809.0681 973.0628 909.3387 1.4680 1.8211 3.7529 -0.8025 5.5144 30.9243 -1.6366 0.5893
Car -1 -1 -1.6295 744.2427 809.1012 833.9384 903.6929 1.5323 1.8698 4.0788 -4.0654 6.0888 34.8257 -1.7364 0.4212
