Pedestrian -1 -1 -0.0538 1286.0771 774.5784 1374.9259 989.4767 1.8090 0.7094 0.7657 3.3527 3.2151 13.6185 0.2223 0.5861
Pedestrian -1 -1 1.9539 196.1744 778.3480 261.7146 893.4411 1.6938 0.7298 0.6513 -11.4055 4.1216 23.3067 1.4895 0.4336
Pedestrian -1 -1 1.9603 330.2556 789.9200 377.6554 879.8661 1.6992 0.7007 0.5844 -12.0240 5.0000 29.6195 1.5732 0.3349
Pedestrian -1 -1 1.8009 424.0887 805.6328 472.1762 891.3885 1.6297 0.7047 1.2182 -10.8884 5.5459 31.7625 1.4724 0.2221
Pedestrian -1 -1 1.7761 461.9895 806.6823 504.4964 884.7629 1.6852 0.7161 1.3542 -11.5897 6.1826 36.2887 1.4713 0.1340
Cyclist -1 -1 1.8725 374.9637 795.5126 440.3844 894.7263 1.6934 0.7548 1.6009 -10.7775 5.1140 29.1624 1.5180 0.4291
Cyclist -1 -1 1.7129 503.1975 817.0225 542.1724 891.4688 1.7018 0.7474 1.7218 -11.6470 6.9251 39.7534 1.4342 0.3572
Cyclist -1 -1 1.7761 461.9895 806.6823 504.4964 884.7629 1.6852 0.7161 1.3542 -11.5897 6.1826 36.2887 1.4713 0.3294
Cyclist -1 -1 -1.8069 1373.7565 805.2204 1468.2792 965.5640 1.6761 0.7388 2.1175 5.8584 4.1187 19.1682 -1.4794 0.3154
Cyclist -1 -1 1.8253 421.9366 803.7410 470.8604 889.4959 1.6290 0.6938 1.2184 -10.8983 5.4940 31.6845 1.4956 0.2883
Cyclist -1 -1 1.7168 522.0650 816.5474 558.8372 881.0416 1.6526 0.8196 1.4734 -12.2990 7.3583 43.7408 1.4501 0.2789
Car -1 -1 -1.6169 753.4644 813.9711 838.6313 909.6438 1.5372 1.8031 4.0180 -3.8675 6.1707 34.5278 -1.7188 0.2706
Car -1 -1 -1.6227 872.8937 806.5591 975.4930 908.0649 1.4684 1.9462 3.8440 -0.8251 5.4401 30.7132 -1.6377 0.1616
