Pedestrian -1 -1 1.2692 1260.7777 792.5995 1350.9679 983.3494 1.7823 0.7098 0.7483 3.4567 3.5135 15.0481 1.5261 0.5550
Pedestrian -1 -1 1.8815 215.4847 792.8486 275.4948 902.1133 1.6827 0.7258 0.6571 -11.7505 4.4840 24.5658 1.4283 0.4869
Pedestrian -1 -1 1.4163 1844.7473 761.3484 1936.0000 999.3529 1.8062 0.7259 0.8655 7.8558 2.9995 12.5290 2.0378 0.4838
Pedestrian -1 -1 1.9967 343.3717 797.8619 393.7688 889.1204 1.7669 0.7613 0.6406 -12.1132 5.3425 30.5761 1.6193 0.4595
Pedestrian -1 -1 1.7671 435.0891 814.6108 479.8521 900.0031 1.6719 0.6869 1.3482 -11.1586 5.9682 33.1544 1.4454 0.2185
Pedestrian -1 -1 1.2318 1889.5924 773.2406 1936.0000 983.5331 1.7378 0.6741 0.6067 8.7284 3.0955 13.2977 1.8718 0.2032
Pedestrian -1 -1 2.6418 1237.8860 795.6611 1314.7421 941.2839 1.6675 0.5714 0.7455 3.8663 3.8084 18.3746 2.8755 0.1365
Pedestrian -1 -1 1.8065 473.2352 810.9705 513.6306 884.1027 1.6477 0.6704 1.3771 -11.8799 6.4646 38.0051 1.5086 0.1241
Pedestrian -1 -1 1.1633 523.2214 822.5187 571.9963 887.6498 1.7082 0.8983 1.5477 -12.5861 7.8356 45.4818 0.9013 0.1003
Cyclist -1 -1 -1.9398 1359.6986 797.5284 1464.9342 948.2954 1.6033 0.6591 2.0349 5.7852 3.9501 19.2978 -1.6179 0.3504
Cyclist -1 -1 1.8415 401.7129 814.0648 464.6172 911.7443 1.7370 0.7910 1.7222 -10.8962 5.7587 30.9080 1.5042 0.3428
Cyclist -1 -1 1.8065 473.2352 810.9705 513.6306 884.1027 1.6477 0.6704 1.3771 -11.8799 6.4646 38.0051 1.5086 0.3227
Cyclist -1 -1 1.7671 435.0891 814.6108 479.8521 900.0031 1.6719 0.6869 1.3482 -11.1586 5.9682 33.1544 1.4454 0.3210
Cyclist -1 -1 1.5295 535.5859 827.3038 565.8337 891.8801 1.6662 0.8280 1.6706 -12.4374 7.9191 45.2782 1.2696 0.2870
Cyclist -1 -1 1.7398 508.9212 818.2437 544.8824 889.6582 1.6973 0.6639 1.7006 -11.9542 7.1369 41.1928 1.4640 0.1813
Car -1 -1 -1.5863 872.1872 815.4541 962.6843 912.2947 1.4669 1.8161 3.6720 -0.9399 5.7641 31.8582 -1.6039 0.3875
Car -1 -1 2.4768 0.0000 734.6389 67.7609 1216.0000 1.4598 1.8132 4.1010 -5.2989 2.0021 5.3295 1.5596 0.1522
