Pedestrian -1 -1 1.2736 1243.7754 796.0996 1325.7319 972.6935 1.7687 0.6879 0.7593 3.4833 3.6631 16.1491 1.5147 0.6234
Pedestrian -1 -1 1.2947 1787.1687 791.2321 1896.5513 1007.1121 1.7986 0.7129 0.7457 8.0135 3.3670 13.6379 1.8810 0.5814
Pedestrian -1 -1 1.8041 231.3332 787.9409 284.8730 895.1473 1.7207 0.7020 0.6403 -12.0146 4.5503 25.5667 1.3588 0.4509
Pedestrian -1 -1 1.4397 1838.8555 787.9744 1927.7550 998.1636 1.8419 0.6724 0.6181 8.7412 3.4369 14.1982 2.0455 0.1571
Pedestrian -1 -1 1.9963 278.7819 788.3484 336.2584 891.0752 1.6909 0.6720 0.7581 -11.4523 4.5978 26.2138 1.5797 0.1118
Cyclist -1 -1 -1.8907 1353.7438 805.9444 1449.4677 956.7900 1.6460 0.6652 1.9942 5.7731 4.1537 19.7150 -1.5761 0.3990
Cyclist -1 -1 1.7671 443.8042 823.8685 493.7400 913.7552 1.7630 0.7541 1.7461 -11.2732 6.4449 34.2772 1.4534 0.3451
Cyclist -1 -1 1.8609 487.5251 827.9803 530.6594 902.0416 1.7347 0.7066 1.4369 -11.9917 7.2228 39.6935 1.5740 0.2099
Cyclist -1 -1 1.5461 528.6963 834.5248 556.3578 896.9672 1.6287 0.7999 1.8071 -13.0460 8.2936 46.5665 1.2814 0.1752
Cyclist -1 -1 -1.8523 1497.3606 828.7105 1545.7360 901.0308 1.6966 0.7481 2.2006 15.9389 7.6557 42.5924 -1.4731 0.1387
Car -1 -1 2.2756 0.0000 761.8311 235.0714 1216.0000 1.4455 1.7141 3.8608 -5.3521 2.2973 7.3618 1.5595 0.8765
Car -1 -1 -1.5482 860.3179 812.1599 952.7042 912.8443 1.5289 1.8032 3.6476 -1.0905 5.6791 31.3189 -1.5713 0.4033
Car -1 -1 -0.7123 0.0000 443.1299 551.8959 1216.0000 1.6769 1.8593 4.0083 -2.3920 1.5079 3.4038 -1.5811 0.1256
Car -1 -1 2.3542 0.0000 769.4183 134.7560 934.2425 1.5439 1.7582 4.0978 -13.3045 3.6856 19.9893 1.7490 0.1149
