Pedestrian -1 -1 1.3610 1607.6836 798.1202 1690.4431 972.4268 1.7801 0.7154 0.8031 7.6712 3.7712 16.7085 1.8332 0.6324
Pedestrian -1 -1 1.5645 1651.1750 798.4097 1722.4144 958.3445 1.7002 0.7211 0.6713 8.4313 3.7699 17.3726 2.0581 0.3291
Pedestrian -1 -1 1.3110 1190.4349 801.9758 1269.8971 952.2910 1.7068 0.7342 1.2124 3.4160 4.0408 19.0843 1.5120 0.2514
Pedestrian -1 -1 -1.1135 351.9927 834.9933 403.2273 922.1320 1.7434 0.7639 0.7874 -12.6382 6.3547 32.3975 -1.4832 0.1174
Cyclist -1 -1 1.3117 1188.4648 802.0339 1267.7277 955.2217 1.7344 0.7205 1.2638 3.3903 4.0731 19.0922 1.5112 0.3527
Cyclist -1 -1 -1.8418 1324.7261 805.5918 1417.2883 956.4520 1.6890 0.7355 2.0454 5.5145 4.2595 20.2434 -1.5477 0.3220
Cyclist -1 -1 1.7373 454.6328 831.4108 499.2339 914.0990 1.7284 0.7580 1.7136 -11.8608 6.9158 36.6634 1.4297 0.3140
Cyclist -1 -1 1.7576 473.0235 826.9953 514.0616 900.2536 1.6068 0.7032 1.6440 -11.9913 6.9087 38.3771 1.4604 0.2083
Cyclist -1 -1 1.7854 504.6005 814.2225 539.9788 880.3863 1.7032 0.7035 1.3278 -12.6439 7.2465 43.1012 1.5070 0.1158
Cyclist -1 -1 -1.4734 890.3169 823.6865 938.6622 926.0386 1.7439 0.7774 1.7915 -0.9243 5.8534 29.9915 -1.4923 0.1031
Car -1 -1 1.9706 18.0509 780.7925 455.4176 1066.5132 1.5576 1.8788 4.1841 -5.8104 3.0991 12.6405 1.5092 0.8346
