Pedestrian -1 -1 1.3297 1215.2845 797.0388 1295.6401 957.2244 1.7254 0.7428 0.9535 3.4565 3.8111 17.6346 1.5492 0.6193
Pedestrian -1 -1 1.2513 1682.6819 796.0109 1782.8347 989.3580 1.7862 0.7056 0.8193 7.7866 3.5708 15.1244 1.7744 0.5917
Pedestrian -1 -1 1.4647 1739.6938 789.2225 1824.6721 977.4252 1.8268 0.7479 0.6706 8.6534 3.6126 15.7880 2.0134 0.2338
Pedestrian -1 -1 -2.4509 1503.8911 827.5596 1562.6219 886.2126 1.4443 0.7691 1.4319 16.5353 7.4163 43.2551 -2.0646 0.1057
Cyclist -1 -1 1.8094 496.9958 817.0380 537.2941 887.2646 1.7103 0.7174 1.5527 -12.3266 7.1494 41.5421 1.5275 0.2931
Cyclist -1 -1 1.7923 440.9995 826.2677 494.0060 911.4491 1.6541 0.7779 1.7669 -11.3042 6.3942 34.2860 1.4778 0.2779
Cyclist -1 -1 -1.8773 1345.5104 807.1021 1442.2119 957.0410 1.6297 0.6808 2.1065 5.7140 4.1793 19.8712 -1.5680 0.2551
Cyclist -1 -1 -2.4576 1501.2607 826.7722 1564.0422 886.6374 1.4643 0.7894 1.5602 16.5509 7.4336 43.3459 -2.0718 0.2314
Cyclist -1 -1 1.3391 1217.6537 794.5944 1295.8981 958.4388 1.7653 0.7200 0.9754 3.4696 3.8208 17.6228 1.5595 0.2025
Cyclist -1 -1 1.7813 454.2907 822.5850 504.2791 903.9849 1.6546 0.7618 1.8957 -11.6312 6.5615 36.1389 1.4746 0.1480
Cyclist -1 -1 -2.3691 261.2967 812.4056 373.1362 920.3043 1.7394 0.6949 1.9173 -11.6655 5.2189 27.0855 -2.7785 0.1280
Car -1 -1 2.1125 0.0000 778.4254 379.3436 1135.5718 1.4618 1.8133 4.0452 -5.5205 2.6888 9.9125 1.5527 0.8751
Car -1 -1 -1.5989 861.6641 830.2948 951.6642 932.1302 1.4547 1.7587 3.7917 -1.1682 5.9970 31.1307 -1.6246 0.1281
