Pedestrian -1 -1 1.2829 1233.4858 797.5248 1313.0771 964.8098 1.7347 0.6878 0.8211 3.4993 3.7261 16.8222 1.5154 0.6839
Pedestrian -1 -1 1.2837 1750.4170 793.4213 1852.9945 997.9529 1.7914 0.7063 0.7093 7.9970 3.4473 14.2566 1.8469 0.5528
Pedestrian -1 -1 1.8413 267.8476 800.5754 318.6223 905.5507 1.7303 0.6529 0.7166 -11.7889 4.8798 26.4061 1.4172 0.4917
Pedestrian -1 -1 1.5024 1794.0237 790.2804 1876.3182 991.4500 1.8376 0.6928 0.6557 8.6747 3.5318 14.8644 2.0816 0.2881
Pedestrian -1 -1 -3.4379 1523.0177 836.0698 1566.5253 889.8546 1.4014 0.7379 0.9926 16.6315 7.4813 42.6409 -3.0446 0.1480
Cyclist -1 -1 1.8175 448.9272 824.0022 501.5530 908.8829 1.6987 0.7664 1.7167 -11.3407 6.4681 34.9417 1.5080 0.3575
Cyclist -1 -1 1.7915 495.8617 817.2177 533.9078 889.1421 1.7386 0.6872 1.4513 -12.1936 7.0921 40.8824 1.5081 0.2406
Cyclist -1 -1 -1.8455 1349.9602 810.7825 1441.4905 959.9402 1.6078 0.6653 2.1477 5.7506 4.2173 19.9090 -1.5351 0.2389
Cyclist -1 -1 1.2968 1234.4374 796.7537 1312.6852 965.0057 1.7442 0.6728 0.8624 3.5091 3.7324 16.8562 1.5295 0.1286
Car -1 -1 2.1751 0.0000 771.2396 318.4335 1165.7750 1.4332 1.7355 3.8096 -5.4339 2.4795 8.7737 1.5552 0.9303
Car -1 -1 -1.4847 870.3920 819.3599 969.3150 914.7150 1.4468 1.7709 3.5477 -0.8299 5.8463 32.0002 -1.4986 0.2688
Car -1 -1 -0.8327 0.0000 547.4305 607.3010 1216.0000 1.6548 1.9297 4.0146 -2.3775 1.5528 3.9778 -1.5731 0.2584
