Pedestrian -1 -1 1.2908 1258.1248 789.1867 1345.5021 972.7494 1.7582 0.7097 0.7724 3.5019 3.4964 15.4268 1.5445 0.6606
Pedestrian -1 -1 1.4820 1820.6329 770.9113 1922.5953 1004.3139 1.8172 0.7244 0.8628 7.8280 3.1299 12.8905 2.0867 0.5211
Pedestrian -1 -1 1.8469 226.2129 788.6722 282.4437 897.3182 1.7000 0.6999 0.6480 -11.7740 4.4708 24.9218 1.3988 0.4220
Pedestrian -1 -1 1.7903 436.5002 815.6500 482.1212 900.7117 1.6714 0.6693 1.4244 -11.2187 6.0337 33.4569 1.4699 0.2047
Pedestrian -1 -1 1.3169 1868.3145 777.2397 1936.0000 989.4544 1.7851 0.6992 0.6401 8.7255 3.2156 13.6162 1.9440 0.1493
Pedestrian -1 -1 -0.5878 1208.8344 794.8426 1284.2854 941.8552 1.6976 0.6113 0.7065 3.5517 3.8627 18.6384 -0.3746 0.1492
Pedestrian -1 -1 -1.1186 349.5224 785.9553 396.5337 876.8405 1.7858 0.7002 0.6300 -12.1637 5.1542 30.9347 -1.4937 0.1317
Pedestrian -1 -1 1.8252 478.8141 815.9947 520.7365 889.7205 1.6812 0.6894 1.4300 -11.9029 6.7073 38.6041 1.5317 0.1062
Cyclist -1 -1 -1.8802 1364.4491 800.2674 1462.7870 949.8017 1.5979 0.6903 2.0030 5.8186 3.9845 19.3457 -1.5574 0.3514
Cyclist -1 -1 1.8444 409.3228 811.2550 469.8872 906.7348 1.7496 0.7593 1.7951 -11.1116 5.8402 31.9072 1.5114 0.3165
Cyclist -1 -1 1.8252 478.8141 815.9947 520.7365 889.7205 1.6812 0.6894 1.4300 -11.9029 6.7073 38.6041 1.5317 0.3062
Cyclist -1 -1 1.8416 436.7238 814.1006 485.0576 897.4056 1.6407 0.6618 1.4432 -11.2095 5.9770 33.5370 1.5221 0.2802
Cyclist -1 -1 1.7201 519.5732 830.6707 556.6882 893.4588 1.6565 0.8535 1.6057 -12.9649 8.0831 45.8577 1.4528 0.2776
Cyclist -1 -1 1.7336 512.6712 823.0603 549.9783 895.6281 1.7541 0.7225 1.7394 -12.0610 7.4381 41.9906 1.4611 0.2492
Car -1 -1 2.3721 0.0000 760.6551 135.8914 1216.0000 1.4548 1.7087 3.8407 -5.3231 2.1953 6.2219 1.5536 0.8301
Car -1 -1 -1.5808 872.7175 815.7772 963.5456 911.7415 1.4550 1.8214 3.6242 -0.9133 5.7500 31.8135 -1.5976 0.4140
