Pedestrian -1 -1 -0.1508 1344.4011 779.8582 1464.7241 1035.9181 1.7343 0.6835 0.7826 3.2526 2.9192 11.0281 0.1819 0.6095
Pedestrian -1 -1 2.0207 109.4704 761.0498 187.8900 892.8148 1.7298 0.7339 0.6897 -11.2693 3.6530 20.7574 1.5087 0.5696
Pedestrian -1 -1 -0.3290 1300.5367 790.7667 1366.1969 943.8781 1.7485 0.5591 0.6305 4.4774 3.7799 18.0181 -0.0564 0.3882
Pedestrian -1 -1 -1.2738 326.3832 781.3799 371.3828 875.5608 1.6836 0.6466 0.5617 -11.4914 4.6536 28.0736 -1.6652 0.3599
Pedestrian -1 -1 1.9198 379.5691 795.2432 438.7092 887.0276 1.5580 0.6375 1.3504 -10.5362 4.8899 28.5738 1.5654 0.1712
Pedestrian -1 -1 1.7659 441.9595 805.1099 488.9808 891.8218 1.6820 0.7059 1.4958 -10.9477 5.7604 33.0583 1.4488 0.1104
Cyclist -1 -1 -1.7928 1425.5812 803.8547 1514.6498 966.8017 1.6092 0.6558 1.9857 6.1132 3.8930 18.0564 -1.4323 0.4131
Cyclist -1 -1 1.7659 441.9595 805.1099 488.9808 891.8218 1.6820 0.7059 1.4958 -10.9477 5.7604 33.0583 1.4488 0.3524
Cyclist -1 -1 1.8801 331.2754 789.4442 408.9673 900.7655 1.6788 0.7272 1.9404 -10.4424 4.7020 26.4821 1.5013 0.3166
Cyclist -1 -1 1.7426 484.4893 812.2104 527.8972 893.8841 1.7061 0.7159 1.7097 -11.0082 6.3541 36.2173 1.4524 0.3151
Cyclist -1 -1 1.9825 379.2785 792.9260 440.9101 883.9341 1.5489 0.6360 1.3097 -10.5303 4.8387 28.6065 1.6285 0.2103
Cyclist -1 -1 -1.5838 927.3406 820.1207 967.9344 917.7846 1.8201 0.8523 1.7554 -0.2944 6.1487 32.2762 -1.5801 0.1609
Cyclist -1 -1 1.7783 514.0240 813.0203 559.5646 886.8454 1.6813 0.7934 1.8389 -11.2834 6.8069 39.8027 1.5084 0.1412
Cyclist -1 -1 -0.1598 1336.6937 776.9260 1472.7688 1035.0994 1.7402 0.6910 0.8848 3.2392 2.8996 10.9873 0.1729 0.1133
Cyclist -1 -1 1.6256 1109.2986 835.8731 1142.5516 913.4782 1.5209 0.6551 1.7396 3.8840 6.6154 35.1964 1.7521 0.1068
Car -1 -1 -1.6746 890.2833 820.6802 993.2980 922.9887 1.5076 1.8462 3.9852 -0.4827 5.9790 32.0749 -1.6771 0.1016
