Pedestrian -1 -1 2.1576 0.0000 755.6532 66.8429 913.2343 1.7158 0.7248 0.6935 -10.8603 3.2505 17.2056 1.5708 0.5939
Pedestrian -1 -1 -1.1918 315.7350 776.1740 364.3676 875.7295 1.6406 0.6050 0.5828 -10.7312 4.2851 25.8448 -1.5904 0.1705
Pedestrian -1 -1 1.8570 399.8949 798.9316 450.2461 883.4624 1.4530 0.5782 1.3061 -10.4328 4.9207 29.1284 1.5125 0.1085
Cyclist -1 -1 1.9443 198.0311 766.7664 297.9558 904.6390 1.6699 0.7044 1.6733 -9.8688 3.7203 20.7515 1.4879 0.4232
Cyclist -1 -1 1.8610 371.5941 793.5596 438.8429 897.5412 1.6940 0.7364 1.6592 -10.3845 4.9458 27.9800 1.5042 0.3832
Cyclist -1 -1 -0.4807 1480.8213 842.5970 1915.2173 1193.6720 1.5985 0.7715 1.8769 3.7730 2.7957 7.7873 0.0549 0.3551
Cyclist -1 -1 1.8129 425.4373 798.9473 473.9743 886.4337 1.5619 0.5851 1.5521 -10.4800 5.2249 30.6741 1.4846 0.3337
Cyclist -1 -1 -1.6844 1502.0890 825.6815 1585.4100 1012.1165 1.7112 0.7330 2.0882 6.6733 4.1706 17.2124 -1.2774 0.3313
Cyclist -1 -1 1.8752 283.9808 777.1210 362.9931 897.8328 1.6224 0.6557 1.7103 -9.8779 4.0757 23.2163 1.4652 0.3183
Cyclist -1 -1 1.7189 496.4496 811.4773 542.3082 897.6152 1.6794 0.7454 1.7286 -10.0299 6.0333 33.9904 1.4362 0.2402
Cyclist -1 -1 -1.6029 947.7460 838.0908 984.6193 925.2508 1.7296 0.8241 1.7010 0.1036 6.8023 34.7255 -1.5865 0.1479
Car -1 -1 -1.4998 753.9989 801.5881 864.6986 919.4847 1.6962 1.8459 3.8481 -2.9022 5.3845 29.2753 -1.5897 0.6893
Car -1 -1 -1.6463 923.0378 830.8519 1010.2411 923.4557 1.4741 1.7804 3.9183 0.0693 6.5369 34.7521 -1.6310 0.1169
