Pedestrian -1 -1 2.1661 0.0000 749.0090 87.3704 904.6307 1.7407 0.7138 0.6883 -10.8685 3.2338 17.6394 1.5913 0.5167
Pedestrian -1 -1 -1.1810 320.4417 775.3950 368.8399 872.0882 1.6121 0.5991 0.6080 -10.7945 4.2787 26.1912 -1.5767 0.2098
Pedestrian -1 -1 1.8864 380.9870 790.0059 445.3030 889.1165 1.6667 0.7106 1.5382 -10.4417 4.9034 28.5343 1.5345 0.1480
Pedestrian -1 -1 1.9019 293.4181 781.0858 365.9878 890.5147 1.5175 0.5965 1.5679 -10.0476 4.0911 23.8374 1.4960 0.1113
Pedestrian -1 -1 1.7494 435.4407 798.4461 478.3298 879.6956 1.4642 0.5797 1.5524 -10.5181 5.1813 31.2198 1.4256 0.1057
Cyclist -1 -1 1.8797 381.8504 790.5554 445.5050 889.3831 1.6603 0.7031 1.5553 -10.4446 4.9128 28.5700 1.5281 0.4155
Cyclist -1 -1 1.8460 432.8387 793.1049 482.7976 877.1603 1.5291 0.5726 1.6109 -10.5227 5.1414 31.2975 1.5227 0.3897
Cyclist -1 -1 2.6465 1416.3606 837.6459 1822.4009 1160.3336 1.5937 0.7882 1.9141 3.6113 2.8356 8.3245 3.1304 0.3801
Cyclist -1 -1 1.9537 215.9481 772.0092 313.9034 905.6584 1.6612 0.6713 1.7902 -9.9886 3.8678 21.5158 1.5081 0.3767
Cyclist -1 -1 -1.6638 1501.7104 832.4813 1580.9691 1021.1812 1.7181 0.7291 2.1090 6.6365 4.2585 17.1857 -1.2583 0.3707
Cyclist -1 -1 1.9687 291.9145 773.9148 368.1798 885.3998 1.5677 0.5782 1.5379 -10.0522 4.0223 23.8619 1.5628 0.2662
Cyclist -1 -1 -1.5526 944.3082 836.6527 982.8031 925.8411 1.7583 0.8334 1.7183 0.0635 6.7667 34.4981 -1.5373 0.1426
Cyclist -1 -1 1.8050 486.2896 806.9161 537.0153 888.7319 1.6066 0.7095 1.8098 -10.3248 5.9050 34.3932 1.5174 0.1154
Car -1 -1 -1.5268 758.0400 804.1625 862.5560 919.0706 1.6570 1.8547 3.8768 -2.9309 5.4563 29.7162 -1.6161 0.5478
Car -1 -1 -1.6547 920.4763 831.1642 1007.6056 923.2332 1.4779 1.7594 3.8620 0.0103 6.5660 34.9011 -1.6411 0.1146
