Pedestrian -1 -1 -0.0793 1324.2769 766.6126 1431.9346 1015.2023 1.8249 0.7385 0.8000 3.3130 2.9996 11.9444 0.2327 0.6715
Pedestrian -1 -1 2.0103 143.5739 772.3171 215.7269 895.4510 1.6901 0.7162 0.6688 -11.3469 3.8667 21.7262 1.5166 0.4961
Pedestrian -1 -1 -1.2823 339.1464 783.0075 381.9005 874.3331 1.6678 0.6246 0.5766 -11.5345 4.7383 28.7245 -1.6664 0.2915
Pedestrian -1 -1 1.8551 394.7624 797.9045 447.7016 887.8953 1.5916 0.6493 1.3017 -10.7110 5.1042 29.6934 1.5088 0.1064
Cyclist -1 -1 1.9164 349.6534 791.8483 426.0749 899.2742 1.7018 0.7354 1.8354 -10.5180 4.8744 27.4929 1.5490 0.4217
Cyclist -1 -1 -1.8437 1406.4335 805.6400 1503.5548 968.1881 1.6496 0.6757 2.0320 6.0826 4.0143 18.5262 -1.4937 0.3787
Cyclist -1 -1 1.7503 450.1579 803.0802 493.0002 885.7748 1.6675 0.6684 1.5409 -11.2679 5.8681 34.4463 1.4375 0.3291
Cyclist -1 -1 1.7644 487.9286 810.5153 530.7339 889.6304 1.7070 0.6902 1.7685 -11.3082 6.4701 37.4620 1.4765 0.2959
Cyclist -1 -1 1.7198 520.3522 822.6151 559.0562 892.9287 1.6583 0.7650 1.7680 -11.6538 7.2516 41.3829 1.4523 0.1540
Cyclist -1 -1 1.8548 400.4521 801.2315 454.7351 890.9772 1.5844 0.6716 1.3286 -10.6103 5.1748 29.7666 1.5126 0.1405
Cyclist -1 -1 2.8495 1094.0173 832.0024 1178.8093 899.6001 1.4970 0.6810 1.9503 4.2831 6.6359 36.6158 2.9826 0.1153
Car -1 -1 -1.5926 750.0395 817.3766 839.0672 916.2186 1.5110 1.8314 3.8992 -3.6886 6.0073 32.8857 -1.6950 0.6326
Car -1 -1 -1.6343 909.7751 810.2722 1005.2015 913.1004 1.6062 1.8938 4.0885 -0.1470 5.9562 32.9997 -1.6258 0.2859
