Pedestrian -1 -1 2.8272 1297.0752 772.5433 1405.7977 992.9449 1.7776 0.7058 0.7428 3.3548 3.0876 12.9068 3.1189 0.6852
Pedestrian -1 -1 1.9746 171.0986 768.5966 242.0686 888.5939 1.7171 0.7565 0.6804 -11.4199 3.9285 22.6465 1.4968 0.5022
Pedestrian -1 -1 1.9518 327.7932 780.7966 374.0940 873.0648 1.7071 0.6503 0.6162 -11.8426 4.7657 29.0292 1.5623 0.3466
Pedestrian -1 -1 1.8130 412.9553 797.0443 461.3889 883.1055 1.5939 0.6669 1.2379 -10.8306 5.2293 30.9339 1.4770 0.2686
Pedestrian -1 -1 1.7593 454.1389 800.7281 497.6231 882.1484 1.6982 0.7000 1.5372 -11.5023 5.9638 35.4740 1.4494 0.1117
Cyclist -1 -1 1.8606 361.8470 788.3061 430.7099 892.4886 1.7124 0.7364 1.8229 -10.7274 4.9235 28.4510 1.4987 0.4434
Cyclist -1 -1 1.7593 454.1389 800.7281 497.6231 882.1484 1.6982 0.7000 1.5372 -11.5023 5.9638 35.4740 1.4494 0.3908
Cyclist -1 -1 1.7538 492.4703 806.9715 533.0132 883.8220 1.7237 0.6947 1.7074 -11.5710 6.5334 38.6195 1.4682 0.3261
Cyclist -1 -1 1.6254 524.9176 817.0048 555.8445 884.8797 1.6851 0.7556 1.5367 -11.9980 7.2720 42.6606 1.3584 0.3099
Cyclist -1 -1 1.8130 412.9553 797.0443 461.3889 883.1055 1.5939 0.6669 1.2379 -10.8306 5.2293 30.9339 1.4770 0.2976
Cyclist -1 -1 -1.8774 1388.0164 802.2566 1493.5808 963.6188 1.6676 0.7159 2.1307 6.0220 4.0367 18.8990 -1.5370 0.2765
Cyclist -1 -1 -1.4243 922.6887 818.5817 973.0026 920.8019 1.8363 0.7760 1.8507 -0.2686 6.0455 31.5262 -1.4200 0.1186
Car -1 -1 -1.5567 748.6092 816.2886 835.1138 912.8485 1.5291 1.8299 3.9237 -3.7750 6.1129 33.7817 -1.6585 0.7751
