Pedestrian -1 -1 2.0186 79.5997 759.8345 163.4621 900.3607 1.7299 0.7316 0.6913 -10.9400 3.5233 19.5014 1.4902 0.5818
Pedestrian -1 -1 -1.2603 308.6927 778.9645 360.7835 876.6847 1.6808 0.7137 0.6382 -11.3794 4.5167 27.1760 -1.6608 0.5110
Pedestrian -1 -1 -0.0651 1351.5254 795.5091 1558.1403 1078.5902 1.6935 0.6667 1.2798 3.3059 2.9008 10.0717 0.3050 0.2651
Pedestrian -1 -1 -3.3582 1340.6295 818.0375 1401.2666 974.1718 1.6449 0.5175 0.5688 4.5780 3.8422 16.7320 -3.0592 0.2601
Pedestrian -1 -1 1.8300 360.9193 790.0232 415.5045 890.4025 1.6410 0.6458 1.1781 -10.3772 4.7029 27.1100 1.4618 0.1838
Pedestrian -1 -1 1.7024 415.0414 802.3398 459.8389 892.3885 1.6261 0.6881 1.4208 -10.7725 5.3699 30.7868 1.3668 0.1711
Cyclist -1 -1 1.9162 289.8931 781.3807 372.6502 899.1454 1.6494 0.6917 1.7467 -10.1735 4.2758 24.2080 1.5121 0.3970
Cyclist -1 -1 1.7123 412.2479 803.7079 457.8093 894.1093 1.6246 0.6861 1.4186 -10.7751 5.3810 30.6535 1.3752 0.3585
Cyclist -1 -1 -3.3947 1345.7203 792.1980 1603.4492 1078.3468 1.7231 0.7798 1.5128 3.4092 2.9019 10.0536 -3.0136 0.3094
Cyclist -1 -1 1.7337 467.8490 809.2059 510.8983 893.3757 1.6821 0.6903 1.5767 -10.8250 6.0168 34.3426 1.4322 0.3084
Cyclist -1 -1 -1.8119 1458.1895 822.8118 1552.8601 997.3026 1.6334 0.6306 2.0503 6.3213 4.0845 17.4616 -1.4289 0.2964
Cyclist -1 -1 2.5281 1055.3623 844.8580 1147.5153 928.1372 1.6002 0.8176 1.9637 3.1867 6.7178 33.9617 2.6379 0.2711
Cyclist -1 -1 1.8637 355.8076 787.4899 411.3703 886.7507 1.6134 0.6125 1.2199 -10.4220 4.6188 27.0102 1.4925 0.1950
Cyclist -1 -1 -1.4875 933.6893 825.6615 981.8724 923.3376 1.7895 0.8648 1.9385 -0.0611 6.2928 32.5383 -1.4762 0.1855
Cyclist -1 -1 1.7473 513.4707 821.5209 557.4992 899.3463 1.6842 0.7649 1.7651 -10.7775 6.7877 37.9004 1.4763 0.1272
Car -1 -1 -1.5241 748.9709 806.6082 851.2184 913.5067 1.6070 1.9004 3.8813 -3.2965 5.6413 31.2160 -1.6202 0.3156
