Pedestrian -1 -1 -1.2542 314.1014 782.5394 364.1545 879.0708 1.6818 0.6964 0.6033 -11.4171 4.6108 27.4569 -1.6518 0.5549
Pedestrian -1 -1 2.0063 97.7850 764.4808 178.9681 898.9680 1.7041 0.7418 0.6818 -11.0439 3.6137 20.0886 1.4879 0.4824
Pedestrian -1 -1 -0.0264 1344.3301 785.4846 1532.1511 1066.3898 1.7351 0.7055 1.2015 3.3047 2.9058 10.3723 0.3327 0.3940
Pedestrian -1 -1 -3.1753 1334.6537 805.0365 1388.4805 956.7321 1.6158 0.5177 0.5833 4.5553 3.7058 17.0256 -2.8826 0.2657
Pedestrian -1 -1 1.8347 373.3611 791.8619 426.0955 889.5002 1.6408 0.6472 1.1199 -10.4032 4.8028 27.7327 1.4740 0.1792
Pedestrian -1 -1 1.7288 422.7960 799.2014 467.9261 887.6942 1.6436 0.6819 1.4215 -10.8633 5.4061 31.5226 1.3983 0.1544
Cyclist -1 -1 1.8701 307.6537 784.8839 385.8984 900.3214 1.6474 0.7124 1.7890 -10.1778 4.4024 24.8279 1.4758 0.3826
Cyclist -1 -1 -1.8819 1439.4879 815.7282 1547.5183 990.2859 1.6543 0.6611 2.0104 6.1688 4.0101 17.4370 -1.5065 0.3481
Cyclist -1 -1 1.7288 422.7960 799.2014 467.9261 887.6942 1.6436 0.6819 1.4215 -10.8633 5.4061 31.5226 1.3983 0.3396
Cyclist -1 -1 2.6677 1044.6991 844.7413 1135.6503 921.6763 1.5099 0.8325 1.9053 2.9534 6.6570 34.2786 2.7696 0.2708
Cyclist -1 -1 0.4925 1313.1953 787.0906 1552.1534 1073.2854 1.6861 0.7860 1.3903 3.2817 2.9071 10.4767 0.8458 0.2663
Cyclist -1 -1 1.7877 473.9425 810.0095 518.6962 892.6249 1.6917 0.6730 1.5734 -10.8907 6.1328 35.0676 1.4908 0.2596
Cyclist -1 -1 1.8628 359.7036 792.4017 416.6680 890.9581 1.6041 0.6223 1.3133 -10.4581 4.7406 27.3242 1.4949 0.1991
Cyclist -1 -1 -1.5757 930.0852 818.3358 972.1055 913.2798 1.8103 0.9075 1.8545 -0.2184 6.2279 33.2239 -1.5693 0.1604
Cyclist -1 -1 1.7799 514.6439 820.9945 559.7378 894.8826 1.6588 0.7896 1.6866 -11.0560 6.8907 39.0336 1.5102 0.1589
Car -1 -1 -1.6143 755.7009 805.1841 856.6984 911.8180 1.5570 1.9483 4.0297 -3.2952 5.5718 31.1719 -1.7106 0.2561
