Pedestrian -1 -1 -0.2634 1321.9558 769.7866 1445.9523 1016.7107 1.7840 0.7217 0.7887 3.2724 2.9481 11.6338 0.0535 0.6999
Pedestrian -1 -1 2.0105 131.2626 763.8741 206.5381 891.3492 1.7249 0.7369 0.6768 -11.3194 3.7453 21.3806 1.5104 0.5388
Pedestrian -1 -1 -1.2741 324.1496 782.8647 368.5750 877.7601 1.7221 0.6562 0.5258 -11.6761 4.7537 28.4071 -1.6667 0.4032
Pedestrian -1 -1 1.8840 392.5330 803.1953 447.3478 895.0585 1.6057 0.6528 1.2567 -10.5799 5.1705 29.2601 1.5369 0.1383
Pedestrian -1 -1 1.7512 443.7577 804.2695 487.0143 888.3234 1.6725 0.6739 1.4509 -11.1914 5.8163 33.7838 1.4342 0.1375
Pedestrian -1 -1 -1.0392 401.2548 779.3969 464.6223 921.2353 1.8125 0.6091 0.5556 -7.1162 3.9289 20.1557 -1.3868 0.1053
Cyclist -1 -1 1.9233 338.2104 793.6387 414.9431 901.8632 1.6786 0.7188 1.7745 -10.4868 4.8127 26.8807 1.5487 0.4093
Cyclist -1 -1 -1.7282 1420.2982 798.0208 1500.4459 960.5563 1.6368 0.6870 2.0097 6.0976 3.8835 18.3549 -1.3742 0.3929
Cyclist -1 -1 1.7512 443.7577 804.2695 487.0143 888.3234 1.6725 0.6739 1.4509 -11.1914 5.8163 33.7838 1.4342 0.3372
Cyclist -1 -1 1.7907 488.1620 815.3800 532.7643 894.0409 1.6767 0.7019 1.6410 -11.0801 6.4710 36.7977 1.5033 0.2985
Cyclist -1 -1 1.8840 392.5330 803.1953 447.3478 895.0585 1.6057 0.6528 1.2567 -10.5799 5.1705 29.2601 1.5369 0.2229
Cyclist -1 -1 1.6803 525.4964 820.7704 562.2648 893.7234 1.6947 0.7620 1.7867 -11.3587 7.1539 40.7383 1.4153 0.2186
Cyclist -1 -1 1.7053 1105.0199 833.8455 1143.3357 914.2448 1.6120 0.6588 1.6913 3.8846 6.7085 35.5741 1.8306 0.1805
Car -1 -1 -1.5426 745.1872 815.2360 836.6278 914.1697 1.5173 1.8321 3.8808 -3.6577 5.9273 32.6453 -1.6449 0.6261
Car -1 -1 -1.6856 889.3669 822.4358 992.1893 923.1688 1.4987 1.8280 3.9361 -0.5075 6.0507 32.3986 -1.6887 0.1433
Car -1 -1 -1.5220 797.9297 811.6503 878.0706 889.0572 1.4564 1.8737 3.8206 -3.1943 6.6151 39.3790 -1.5920 0.1039
