Pedestrian -1 -1 2.0693 37.8127 757.9713 127.8542 909.1710 1.7474 0.7308 0.6460 -10.6957 3.3996 18.2260 1.5184 0.5063
Pedestrian -1 -1 1.9292 301.6751 775.8593 351.2289 872.4557 1.6097 0.6371 0.5801 -11.1080 4.2832 26.1793 1.5228 0.2559
Pedestrian -1 -1 1.8557 392.0508 791.1913 452.0008 887.4209 1.6500 0.7006 1.5129 -10.4785 4.9726 29.1028 1.5096 0.1524
Pedestrian -1 -1 1.9439 333.6913 782.1232 397.1157 882.2273 1.5349 0.6086 1.2056 -10.1233 4.2731 25.4389 1.5604 0.1489
Pedestrian -1 -1 1.9768 344.2234 775.6542 393.8183 869.2646 1.5664 0.5959 0.6870 -10.4915 4.2738 26.5056 1.5958 0.1012
Cyclist -1 -1 1.8557 392.0508 791.1913 452.0008 887.4209 1.6500 0.7006 1.5129 -10.4785 4.9726 29.1028 1.5096 0.4346
Cyclist -1 -1 1.9635 252.0333 774.5662 344.3889 897.9222 1.6191 0.6583 1.7941 -10.0533 3.9855 22.7374 1.5383 0.3680
Cyclist -1 -1 -3.5679 1387.3977 807.9414 1753.2766 1129.5203 1.6928 0.7734 1.8260 3.5118 2.8132 8.7454 -3.1178 0.3669
Cyclist -1 -1 -1.7804 1467.7705 830.2067 1563.9008 1011.6505 1.6901 0.7016 2.0682 6.4379 4.2347 17.4545 -1.3912 0.3643
Cyclist -1 -1 1.9663 315.9457 773.9568 390.8156 882.3405 1.6020 0.6320 1.5018 -10.1136 4.1616 24.9265 1.5752 0.3306
Cyclist -1 -1 1.7882 455.6387 796.4091 501.1719 880.9348 1.6149 0.6206 1.5580 -10.5267 5.4506 32.6399 1.4786 0.3107
Cyclist -1 -1 1.5857 516.8670 812.9846 551.0724 895.3470 1.7017 0.7602 1.7714 -10.3339 6.3751 36.2047 1.3129 0.2163
Cyclist -1 -1 -1.5788 955.3515 832.6898 995.4785 925.3209 1.7480 0.8631 1.7431 0.3174 6.4606 33.0379 -1.5556 0.1545
Car -1 -1 -1.6583 920.8961 828.4105 1010.3003 921.6395 1.4723 1.7568 3.7949 0.0440 6.3811 34.1145 -1.6438 0.1756
