Pedestrian -1 -1 2.0129 51.6792 753.5128 137.1985 898.5226 1.7260 0.7137 0.6858 -10.9135 3.3793 18.8467 1.4689 0.6459
Pedestrian -1 -1 1.8863 301.4873 778.4012 354.2085 874.3472 1.6277 0.7134 0.6244 -11.3500 4.4150 26.8107 1.4814 0.4756
Pedestrian -1 -1 1.7191 408.9775 792.6025 455.9975 886.8263 1.6607 0.6802 1.4340 -10.5471 5.0958 29.8626 1.3797 0.1448
Pedestrian -1 -1 -1.1448 1871.9169 817.8137 1936.0000 964.5223 1.5047 0.6798 0.8096 11.0149 3.7803 17.1433 -0.5269 0.1404
Pedestrian -1 -1 2.0137 367.7961 774.1665 419.4263 861.6989 1.6494 0.7054 0.7734 -11.3824 4.6854 30.0026 1.6499 0.1367
Pedestrian -1 -1 1.8868 343.2761 786.1510 409.0413 887.7703 1.5565 0.6453 1.4728 -10.1775 4.4473 26.0546 1.5105 0.1176
Pedestrian -1 -1 1.9289 362.6885 780.7001 415.0593 875.2290 1.6012 0.6268 0.8688 -10.4077 4.4818 27.2115 1.5607 0.1036
Cyclist -1 -1 1.9454 276.2592 779.7067 363.0694 897.2941 1.5991 0.6645 1.7762 -10.1016 4.1359 23.6057 1.5337 0.3883
Cyclist -1 -1 -3.4884 1343.8615 798.1285 1686.2285 1109.2312 1.7381 0.8318 1.8474 3.4101 2.8766 9.3553 -3.0785 0.3641
Cyclist -1 -1 1.7191 408.9775 792.6025 455.9975 886.8263 1.6607 0.6802 1.4340 -10.5471 5.0958 29.8626 1.3797 0.3568
Cyclist -1 -1 -1.6984 1471.6407 833.4329 1548.7906 1008.9928 1.6157 0.6536 2.0798 6.3731 4.1992 17.4384 -1.3123 0.3428
Cyclist -1 -1 1.7084 466.9458 801.6986 507.5967 884.0771 1.6071 0.6584 1.5315 -10.5943 5.6586 33.4597 1.4048 0.3360
Cyclist -1 -1 1.9326 339.5390 780.5192 406.2618 882.5565 1.5747 0.6227 1.4109 -10.1968 4.3499 25.9574 1.5541 0.3331
Cyclist -1 -1 2.3703 1075.8796 845.8376 1162.7770 927.9437 1.5314 0.7483 1.9590 3.5568 6.6229 33.5728 2.4925 0.2622
Cyclist -1 -1 1.6473 512.4346 811.0598 549.0521 890.5623 1.6985 0.7352 1.7299 -10.6926 6.4415 37.1804 1.3727 0.1912
Cyclist -1 -1 -1.5763 944.0537 831.9167 985.3792 927.5986 1.7905 0.8832 1.8257 0.0830 6.4679 32.8713 -1.5604 0.1583
Car -1 -1 -1.5423 759.8340 815.0412 856.9086 923.8880 1.5852 1.8276 3.8419 -3.0696 5.7332 30.6495 -1.6328 0.4675
Car -1 -1 1.3211 1425.9927 838.0335 1638.9476 1018.2505 1.3993 1.6469 3.5218 6.6945 4.2119 17.8739 1.7150 0.1070
