Pedestrian -1 -1 1.9766 242.6892 780.4315 307.0197 890.9659 1.6201 0.6836 0.7304 -10.7116 4.0883 23.3546 1.5381 0.4668
Pedestrian -1 -1 1.8403 361.8820 814.0167 421.4775 918.3909 1.5772 0.6331 1.3244 -9.8082 4.9256 25.7875 1.4741 0.1838
Pedestrian -1 -1 1.9072 282.0109 800.7231 359.9623 920.6564 1.6058 0.6754 1.4145 -9.7837 4.3836 22.8956 1.4961 0.1502
Cyclist -1 -1 -1.8887 1516.5623 823.4314 1634.1893 1011.2678 1.6605 0.6625 2.0306 6.7243 3.9865 16.4751 -1.4616 0.4762
Cyclist -1 -1 2.0065 0.0000 754.1922 141.1463 942.2020 1.6933 0.6955 1.9205 -9.4534 3.1487 15.8370 1.4420 0.4175
Cyclist -1 -1 1.7877 447.1498 821.4754 507.2292 923.2381 1.6635 0.7545 1.6417 -9.2385 5.5342 28.5934 1.4766 0.4088
Cyclist -1 -1 1.8794 361.3600 808.6649 423.6649 913.8463 1.6013 0.6331 1.3360 -9.8154 4.8614 25.8455 1.5136 0.3584
Cyclist -1 -1 1.9072 282.0109 800.7231 359.9623 920.6564 1.6058 0.6754 1.4145 -9.7837 4.3836 22.8956 1.4961 0.3552
Cyclist -1 -1 1.9082 425.2072 838.8956 469.2505 909.4755 1.8236 0.7151 1.6845 -15.3265 8.3305 44.6241 1.5849 0.3380
Cyclist -1 -1 2.0075 134.3958 779.0484 244.6795 929.2703 1.6136 0.6519 1.4954 -9.4658 3.5888 18.3974 1.5150 0.2182
Cyclist -1 -1 1.3395 484.2848 852.0962 528.1192 924.5961 1.5899 0.7540 1.6604 -11.9949 7.7125 39.3925 1.0509 0.2167
Car -1 -1 -1.5365 764.7955 815.4976 884.2108 946.2300 1.6381 1.9130 3.7223 -2.3191 5.2183 26.1883 -1.6159 0.6757
Car -1 -1 -1.4797 813.4907 826.3091 914.9675 923.6138 1.4840 1.8248 3.6799 -2.0440 6.1058 32.4414 -1.5317 0.5206
Car -1 -1 -1.7201 929.9515 834.1282 1030.1913 930.4291 1.5293 1.8167 4.1068 0.3785 6.7611 35.2438 -1.6957 0.1347
