Pedestrian -1 -1 2.1385 0.0000 752.7192 38.6393 927.5832 1.8098 0.7166 0.6913 -10.6600 3.2388 16.3599 1.5351 0.4140
Pedestrian -1 -1 1.8131 425.0095 808.9288 471.0750 894.3142 1.5174 0.6007 1.1922 -10.2410 5.2693 29.8685 1.4835 0.1763
Pedestrian -1 -1 1.8539 362.5646 798.7640 431.5973 905.7142 1.6817 0.7657 1.5330 -10.1272 4.9006 26.8921 1.4916 0.1226
Pedestrian -1 -1 -1.2740 290.2915 779.3818 338.8091 882.8635 1.6383 0.6078 0.5576 -10.7725 4.2451 24.9218 -1.6882 0.1125
Cyclist -1 -1 1.8539 362.5646 798.7640 431.5973 905.7142 1.6817 0.7657 1.5330 -10.1272 4.9006 26.8921 1.4916 0.4391
Cyclist -1 -1 1.9325 161.1848 769.9112 268.6396 916.5550 1.6629 0.7035 1.7731 -9.7988 3.6625 19.7001 1.4563 0.4337
Cyclist -1 -1 -1.7237 1506.7623 826.5921 1594.4728 1005.4584 1.6092 0.6911 2.0752 6.6704 4.0502 17.0074 -1.3121 0.4046
Cyclist -1 -1 1.8992 256.9210 779.8185 342.3437 906.7433 1.6343 0.6682 1.6750 -9.8127 4.0274 22.2349 1.4744 0.3185
Cyclist -1 -1 -0.4390 1534.7073 850.2895 1936.0000 1216.0000 1.5639 0.7615 1.9258 3.8230 2.7149 7.1157 0.1514 0.3055
Cyclist -1 -1 1.6933 497.3141 810.3631 544.2187 899.9008 1.6957 0.7816 1.7269 -9.7136 5.9049 33.0254 1.4111 0.2878
Cyclist -1 -1 1.8497 425.8710 805.1318 473.1716 890.8513 1.5377 0.5948 1.1761 -10.2432 5.2212 29.9612 1.5210 0.2593
Cyclist -1 -1 -1.5495 955.8234 834.5320 991.2659 922.9899 1.8066 0.7836 1.7440 0.3026 6.9272 35.6404 -1.5273 0.1247
Car -1 -1 -1.5347 752.6755 808.5469 861.5344 928.5806 1.6491 1.8808 3.7796 -2.8590 5.3771 28.4178 -1.6262 0.3534
