Pedestrian -1 -1 -1.1345 265.3983 772.3503 325.5913 879.0845 1.6772 0.7287 0.5822 -10.9500 4.1327 24.6088 -1.5602 0.2203
Pedestrian -1 -1 1.7572 402.0479 803.4620 449.7820 899.4246 1.6246 0.6365 1.2371 -10.1697 5.0991 28.4375 1.4133 0.1971
Pedestrian -1 -1 1.9023 339.6489 791.8778 415.5668 901.2972 1.6566 0.7615 1.5557 -10.0718 4.6325 25.8577 1.5273 0.1409
Pedestrian -1 -1 1.9818 223.9198 777.9296 317.4484 905.6368 1.5784 0.6498 1.5435 -9.7371 3.8216 21.1387 1.5387 0.1143
Cyclist -1 -1 1.9407 114.6047 762.2915 234.2664 921.2899 1.6868 0.6995 1.8989 -9.7244 3.4824 18.5574 1.4403 0.4784
Cyclist -1 -1 1.9023 339.6489 791.8778 415.5668 901.2972 1.6566 0.7615 1.5557 -10.0718 4.6325 25.8577 1.5273 0.4467
Cyclist -1 -1 -1.7443 1512.8340 820.3217 1605.0278 996.3356 1.5742 0.6896 2.0846 6.7203 3.9257 16.9002 -1.3274 0.3542
Cyclist -1 -1 1.9597 225.8459 778.0238 319.3030 905.1257 1.5622 0.6526 1.6127 -9.7302 3.8155 21.1845 1.5178 0.3412
Cyclist -1 -1 1.7465 479.6999 813.2592 532.3690 907.4232 1.6957 0.7591 1.7733 -9.5890 5.7865 31.5537 1.4546 0.3412
Cyclist -1 -1 -3.5757 1619.9623 800.4553 1936.0000 1216.0000 1.6079 0.7411 1.8532 3.8114 2.4066 6.2271 -2.9066 0.3023
Cyclist -1 -1 1.7753 401.8103 798.1572 449.9929 893.8564 1.6325 0.6321 1.2082 -10.1847 5.0063 28.4781 1.4311 0.2667
Cyclist -1 -1 -1.6101 958.9262 841.3670 996.4618 929.5945 1.7836 0.8423 1.7040 0.3770 7.0178 35.3016 -1.5856 0.1628
Cyclist -1 -1 1.9523 437.2504 824.6909 482.9883 891.4905 1.8133 0.7648 1.7047 -15.6405 8.1708 46.7098 1.6367 0.1524
Car -1 -1 -1.5272 760.3391 808.8172 874.8965 935.3171 1.7155 1.9118 3.7453 -2.5919 5.3624 27.7436 -1.6114 0.3559
