Pedestrian -1 -1 -1.1041 253.8308 778.1791 317.8811 888.2679 1.6606 0.6919 0.7094 -10.8074 4.1525 23.9453 -1.5358 0.2390
Pedestrian -1 -1 1.8100 384.7268 821.7281 437.5795 916.5805 1.4941 0.6150 1.2551 -9.9014 5.1277 26.9481 1.4565 0.1292
Pedestrian -1 -1 1.9356 308.5514 797.2115 388.7408 915.3586 1.6956 0.7235 1.5256 -10.0115 4.6065 24.4894 1.5425 0.1181
Cyclist -1 -1 1.9498 71.7203 765.0945 198.1438 931.8643 1.6596 0.6696 1.9030 -9.6481 3.3965 17.5364 1.4263 0.4729
Cyclist -1 -1 1.7534 470.3199 820.2851 525.9188 920.3563 1.7403 0.7843 1.6366 -9.3414 5.7999 30.2139 1.4562 0.4382
Cyclist -1 -1 -1.9424 1514.9006 819.7823 1640.8505 1003.0503 1.6095 0.6482 2.0116 6.6905 3.8710 16.3312 -1.5136 0.4025
Cyclist -1 -1 1.9250 315.8844 801.2106 394.6975 918.7009 1.6795 0.7217 1.5027 -9.8799 4.6499 24.4317 1.5359 0.3557
Cyclist -1 -1 1.8628 384.7745 817.8461 441.5330 912.3792 1.4967 0.6182 1.2968 -9.9056 5.0740 27.0605 1.5105 0.2544
Cyclist -1 -1 1.9206 194.0733 785.1255 290.2371 920.6115 1.5533 0.6363 1.7068 -9.6455 3.8034 20.1177 1.4603 0.2347
Cyclist -1 -1 -0.1587 1711.1284 763.1124 1936.0000 1216.0000 1.5878 0.7483 1.7589 3.8097 2.1745 5.5497 0.5852 0.2302
Cyclist -1 -1 -1.5787 959.6260 844.6772 997.1463 936.8606 1.8163 0.8499 1.8331 0.4037 7.0655 34.7940 -1.5532 0.1560
Car -1 -1 -1.5142 771.4534 816.2535 889.9968 943.3060 1.6682 1.9017 3.8026 -2.3100 5.4111 27.3326 -1.5891 0.3584
Car -1 -1 -1.4875 807.0323 826.9908 904.7292 923.4108 1.5261 1.8315 3.7247 -2.2979 6.3024 33.4583 -1.5451 0.2916
Car -1 -1 -1.6520 936.5427 838.8787 1022.4731 931.9108 1.5157 1.7772 3.8918 0.3788 6.8844 35.5270 -1.6276 0.1311
