Pedestrian -1 -1 2.2159 0.0000 751.4742 37.5969 925.9014 1.7865 0.7176 0.6788 -10.5682 3.1861 16.1831 1.6108 0.2649
Pedestrian -1 -1 1.7848 410.7618 807.6810 458.1759 899.0601 1.5691 0.6156 1.2428 -10.1892 5.1881 28.9542 1.4465 0.1817
Pedestrian -1 -1 1.8733 347.9815 794.3255 421.3678 902.8496 1.6525 0.7506 1.6393 -10.0992 4.7217 26.2471 1.5030 0.1169
Pedestrian -1 -1 1.9514 135.1071 758.8812 247.2981 910.8760 1.6829 0.7063 1.7014 -9.7516 3.4646 19.0019 1.4605 0.1023
Cyclist -1 -1 1.8733 347.9815 794.3255 421.3678 902.8496 1.6525 0.7506 1.6393 -10.0992 4.7217 26.2471 1.5030 0.4682
Cyclist -1 -1 1.9378 137.1012 760.6446 248.7317 912.7767 1.6814 0.7125 1.7271 -9.7470 3.4911 19.0363 1.4479 0.4110
Cyclist -1 -1 -1.8123 1498.2267 821.0583 1601.4542 1000.0611 1.6175 0.6795 2.0833 6.6428 3.9861 16.9734 -1.4013 0.3611
Cyclist -1 -1 -0.4969 1567.6338 837.2023 1936.0000 1216.0000 1.5311 0.7552 1.8581 3.8221 2.5626 6.7776 0.1220 0.3570
Cyclist -1 -1 1.9201 246.7398 774.5950 335.4647 902.5900 1.6320 0.6864 1.6026 -9.7570 3.8997 21.8273 1.4897 0.2965
Cyclist -1 -1 1.8193 407.6323 801.5945 455.5638 893.9934 1.5952 0.5925 1.2087 -10.2090 5.0786 28.8524 1.4790 0.2816
Cyclist -1 -1 1.7221 488.3940 809.0655 540.1748 901.7026 1.7025 0.7937 1.8731 -9.6578 5.8096 32.3685 1.4356 0.2562
Cyclist -1 -1 -1.5742 957.7541 844.7760 991.7206 931.8175 1.7711 0.7917 1.7329 0.3308 7.1517 35.7204 -1.5511 0.1462
Car -1 -1 -1.5138 771.2828 804.4726 890.4532 931.2036 1.7592 1.9850 3.9366 -2.3949 5.4046 28.3722 -1.5886 0.1683
Car -1 -1 -1.5055 814.8971 816.5970 910.8325 910.8462 1.5567 1.9209 3.9258 -2.2214 6.2590 34.7084 -1.5583 0.1460
