Pedestrian -1 -1 1.8374 367.3271 820.6618 425.9373 920.8960 1.5185 0.6147 1.4088 -9.8930 5.0491 26.2399 1.4747 0.1602
Pedestrian -1 -1 1.9860 287.7863 785.8320 356.3250 899.5793 1.6927 0.7182 0.8809 -10.2265 4.3176 23.9486 1.5758 0.1518
Pedestrian -1 -1 1.8916 458.9067 838.7838 500.3003 908.9731 1.7007 0.7298 1.1597 -13.0014 7.5614 40.3909 1.5868 0.1410
Cyclist -1 -1 -1.9410 1511.8485 821.5783 1636.4298 1007.8512 1.6623 0.6547 2.0009 6.7241 3.9676 16.5111 -1.5148 0.4432
Cyclist -1 -1 1.7858 459.2925 826.7629 517.1100 926.8170 1.6839 0.7492 1.6383 -9.2977 5.7730 29.4438 1.4821 0.4421
Cyclist -1 -1 1.9105 366.8624 817.4617 432.0524 918.1163 1.5304 0.6179 1.4841 -9.8825 5.0196 26.3493 1.5496 0.3786
Cyclist -1 -1 1.9731 36.0571 760.7238 176.2614 941.6602 1.7294 0.6831 1.9823 -9.5962 3.3547 16.8666 1.4333 0.3710
Cyclist -1 -1 1.9677 308.8730 809.3235 390.6662 925.7532 1.6378 0.7072 1.4863 -9.8507 4.7067 24.1402 1.5753 0.3615
Cyclist -1 -1 1.8764 431.4264 836.6573 473.9411 906.3022 1.8107 0.7133 1.7319 -15.3081 8.3130 45.0487 1.5564 0.3212
Cyclist -1 -1 -3.1835 1783.0387 712.1128 1936.0000 1216.0000 1.7093 0.7778 1.8204 3.8902 2.0567 5.0409 -2.3635 0.2132
Cyclist -1 -1 1.9477 171.9418 782.3748 268.8813 919.3506 1.5248 0.6253 1.4968 -9.4894 3.6289 19.2056 1.4734 0.1979
Cyclist -1 -1 1.9445 454.9806 836.7435 500.6305 906.8591 1.6841 0.7783 1.2109 -13.0386 7.4905 40.3584 1.6384 0.1272
Cyclist -1 -1 -1.6453 959.0623 858.8696 999.2516 954.5224 1.8313 0.8095 1.9355 0.3992 7.3744 34.4431 -1.6196 0.1010
Car -1 -1 -1.5284 768.6365 819.0593 886.8617 947.8695 1.6436 1.9025 3.7327 -2.3091 5.3570 26.7028 -1.6054 0.6453
Car -1 -1 -1.4910 816.1365 831.4321 914.7728 929.1230 1.5144 1.8377 3.7143 -2.0558 6.3358 33.0275 -1.5420 0.3162
Car -1 -1 -1.7507 930.2791 842.0537 1034.6646 940.8041 1.5412 1.7835 4.1095 0.4306 6.9437 35.0379 -1.7246 0.1499
