Pedestrian -1 -1 -1.9892 648.2452 917.7269 724.3519 1081.8629 1.7509 0.6992 0.6583 -3.3289 5.3857 18.0942 -2.1687 0.7664
Pedestrian -1 -1 -1.7812 22.4267 739.2419 264.1118 1216.0000 1.7350 0.6727 0.7674 -3.3782 2.2459 6.1730 -2.3822 0.6260
Pedestrian -1 -1 -1.8741 1514.2986 685.5688 1694.2753 1044.3053 1.8860 0.7660 0.8531 3.6313 2.2512 8.5136 -1.3962 0.5738
Pedestrian -1 -1 1.8261 595.9155 877.1506 648.3788 997.7220 1.7149 0.6352 0.6921 -5.2373 5.6752 23.1212 1.6063 0.4889
Pedestrian -1 -1 -2.3067 93.5173 824.7245 160.6187 951.5192 1.8129 0.7237 0.5544 -12.9184 4.9663 23.1690 -2.8240 0.2792
Pedestrian -1 -1 3.3205 134.6498 811.8477 228.8567 959.1801 1.6041 0.6173 0.9078 -9.2760 3.8864 17.8218 2.8232 0.2667
Pedestrian -1 -1 -1.3663 0.0000 827.6770 43.7988 960.9956 1.7615 0.6823 0.5553 -13.5236 4.7027 21.3076 -1.9443 0.1516
Pedestrian -1 -1 2.3274 1292.5713 839.2983 1358.4552 962.0145 1.5545 0.6051 0.6588 5.0827 4.6091 20.8761 2.5923 0.1067
Car -1 -1 -2.2588 1015.6212 514.3911 1936.0000 1216.0000 1.7951 1.9426 4.3831 1.5862 1.6510 4.2833 -1.7563 0.4134
Car -1 -1 -2.1372 1339.2853 730.6895 1936.0000 1167.2625 1.6758 1.6855 3.7572 3.6502 2.4245 8.6343 -1.6645 0.1112
