Pedestrian -1 -1 -1.4090 1050.2129 836.4153 1110.1458 988.9125 1.8054 0.6591 0.6757 1.5359 4.5871 19.2558 -1.3118 0.6314
Pedestrian -1 -1 0.9317 1278.5377 881.1136 1376.4982 1082.2987 1.6882 0.6369 0.6475 3.4287 4.1625 14.0255 1.2046 0.6158
Pedestrian -1 -1 1.7053 755.1603 843.8938 796.6633 958.3226 1.6062 0.5419 0.5703 -2.7713 4.9275 22.3903 1.5884 0.5786
Pedestrian -1 -1 0.0570 1409.5891 892.5215 1487.1957 1088.9663 1.6226 0.5485 0.6288 4.4844 4.1521 13.7572 0.4116 0.4424
Pedestrian -1 -1 -1.2142 608.2423 860.2834 796.1708 1216.0000 1.8481 0.7073 1.1974 -1.4628 3.3098 8.6360 -1.3988 0.3919
Pedestrian -1 -1 -1.1110 675.7980 998.0891 784.6390 1216.0000 1.6833 0.5450 0.9745 -1.9655 5.0168 12.8112 -1.2633 0.1181
Pedestrian -1 -1 1.7159 647.6356 883.5626 707.2369 1047.7944 1.5774 0.5359 0.5525 -2.9471 4.3182 15.5580 1.5264 0.1108
Cyclist -1 -1 -1.1870 600.9072 844.4921 807.3921 1216.0000 1.8607 0.7372 1.3409 -1.4427 3.2345 8.6254 -1.3696 0.2850
Cyclist -1 -1 -1.1110 675.7980 998.0891 784.6390 1216.0000 1.6833 0.5450 0.9745 -1.9655 5.0168 12.8112 -1.2633 0.1097
Car -1 -1 -1.4229 482.5771 864.3934 871.0901 1216.0000 1.4432 1.7489 3.4777 -1.4634 3.1511 8.8993 -1.6017 0.2570
