Pedestrian -1 -1 -1.4566 621.2401 874.0987 753.3221 1216.0000 1.7686 0.6458 0.8875 -1.5158 3.2442 8.3863 -1.6552 0.6826
Pedestrian -1 -1 -1.3888 1045.7548 853.6402 1110.1014 1009.1296 1.8152 0.6808 0.8316 1.5201 4.8585 19.4029 -1.2930 0.6554
Pedestrian -1 -1 1.1835 1251.2607 922.8008 1332.1436 1117.5363 1.7021 0.5989 0.5673 3.1710 4.6311 14.3807 1.4311 0.6083
Pedestrian -1 -1 1.7832 747.4694 850.6502 790.7846 965.5837 1.6521 0.5539 0.5479 -2.9471 5.1639 22.9655 1.6621 0.5043
Pedestrian -1 -1 0.1822 1347.2909 917.0981 1475.9359 1119.8882 1.6468 0.5835 1.0636 4.2585 4.5106 14.1421 0.5114 0.1940
Pedestrian -1 -1 1.5911 1166.5171 905.8650 1226.9977 1110.8826 1.7821 0.5451 0.6380 2.2685 4.5516 14.3735 1.7735 0.1052
Cyclist -1 -1 0.1728 1343.8579 909.2812 1498.9611 1112.9393 1.6179 0.6429 1.2964 4.3495 4.4206 14.1419 0.5083 0.1927
Cyclist -1 -1 -1.4345 621.1203 866.6939 759.2473 1216.0000 1.7485 0.6523 0.9945 -1.5045 3.1951 8.4312 -1.6306 0.1316
Cyclist -1 -1 -1.3629 1046.3837 845.3644 1113.1505 1005.1885 1.8531 0.6765 0.8973 1.5389 4.7809 19.3300 -1.2658 0.1000
Car -1 -1 -1.5045 489.1133 839.8679 867.5316 1216.0000 1.6541 1.7035 3.8234 -1.5150 3.1975 8.7347 -1.6938 0.1729
