Pedestrian -1 -1 -1.4860 1051.0533 796.7083 1111.9814 942.5079 1.7527 0.7140 0.8105 1.5773 4.0499 19.5324 -1.3880 0.7828
Pedestrian -1 -1 1.6275 753.3550 812.6137 795.1511 928.8111 1.5864 0.5673 0.6047 -2.7178 4.3589 21.7680 1.5085 0.6857
Pedestrian -1 -1 -3.1370 1469.4391 863.0917 1541.2469 1066.6393 1.6358 0.5187 0.5704 4.8003 3.7917 13.1861 -2.7439 0.6237
Pedestrian -1 -1 1.2416 1316.2820 847.7181 1404.9668 1056.6245 1.7430 0.6228 0.6038 3.5843 3.7942 13.4546 1.5381 0.6176
Pedestrian -1 -1 1.6670 917.1458 790.8685 940.8428 847.3308 1.6312 0.6539 0.6907 -0.9853 6.7519 45.7669 1.6580 0.5705
Pedestrian -1 -1 -1.1185 612.8026 809.6967 806.4231 1186.9418 1.8600 0.6836 1.1426 -1.4250 3.0076 8.6445 -1.2995 0.4651
Pedestrian -1 -1 1.5459 776.8331 786.1875 797.2981 836.2475 1.5115 0.6370 0.5344 -5.5272 6.6605 47.4345 1.4401 0.2211
Pedestrian -1 -1 -1.0332 724.5755 893.7534 826.9185 1104.7800 1.5620 0.5069 0.8482 -1.5792 3.9529 12.8087 -1.1563 0.1519
Pedestrian -1 -1 0.1301 737.7352 824.7968 771.4530 878.6988 1.2172 0.7001 0.7302 -5.0712 6.1728 36.7226 0.0018 0.1395
Pedestrian -1 -1 -1.4590 1091.2914 790.5062 1144.9960 931.7426 1.7778 0.6357 0.7040 2.1255 4.0627 20.2166 -1.3356 0.1151
Cyclist -1 -1 -1.0844 596.1585 797.3004 824.1741 1184.3777 1.8704 0.7477 1.4132 -1.4204 2.9656 8.7135 -1.2632 0.2599
Cyclist -1 -1 3.3001 631.1664 784.1996 706.8231 849.0076 1.7946 0.8751 2.0759 -8.6188 6.5481 44.1589 3.1157 0.1274
Cyclist -1 -1 -1.4757 1050.3949 792.3262 1112.8970 940.8438 1.7771 0.7186 0.8866 1.5800 4.0206 19.5344 -1.3777 0.1163
Car -1 -1 -1.3629 464.9902 832.1043 881.6771 1216.0000 1.4152 1.7440 3.4320 -1.4810 2.8916 8.9169 -1.5448 0.3026
