Pedestrian -1 -1 -1.5266 1053.2257 776.8483 1108.8230 918.6863 1.7385 0.6834 0.7067 1.5736 3.7686 19.5811 -1.4292 0.7728
Pedestrian -1 -1 1.6474 750.9987 801.0925 793.8864 919.4376 1.6046 0.5643 0.6358 -2.7213 4.1871 21.5891 1.5268 0.6014
Pedestrian -1 -1 -1.2284 633.8351 795.3355 793.2071 1147.5983 1.8044 0.6555 0.8939 -1.4094 2.8445 8.6322 -1.4085 0.6007
Pedestrian -1 -1 0.8198 1330.9622 828.2890 1425.7828 1046.7834 1.7699 0.5742 0.5684 3.6774 3.6168 13.2002 1.1294 0.5664
Pedestrian -1 -1 1.6001 923.4771 783.2614 945.9029 840.0849 1.6479 0.6564 0.6477 -0.8073 6.5067 45.5501 1.5949 0.5475
Pedestrian -1 -1 -3.3815 1482.6053 845.6102 1571.8384 1049.7794 1.6328 0.5272 0.6325 4.8908 3.5900 12.9482 -2.9745 0.4265
Pedestrian -1 -1 1.1897 777.2670 777.0350 801.3591 827.1770 1.5004 0.6096 0.5252 -5.4507 6.3603 47.3960 1.0853 0.1253
Pedestrian -1 -1 -1.8309 1272.0625 836.3230 1346.5828 1043.4568 1.6789 0.5244 0.5147 2.9973 3.5400 12.9059 -1.5682 0.1133
Pedestrian -1 -1 -1.5029 1097.1139 777.7051 1147.2837 913.8832 1.7318 0.6217 0.6377 2.1809 3.8368 20.2275 -1.3767 0.1046
Car -1 -1 -1.4233 488.5117 799.2906 873.7604 1212.1980 1.5305 1.7196 3.6501 -1.4391 2.7903 8.9541 -1.5995 0.1964
