Pedestrian -1 -1 -1.4846 1052.8412 804.8302 1109.0702 948.1084 1.7461 0.6691 0.6573 1.5715 4.1476 19.5746 -1.3871 0.8072
Pedestrian -1 -1 -1.2733 635.8677 852.9107 783.3346 1215.4237 1.8596 0.6472 0.7807 -1.4353 3.2404 8.6314 -1.4547 0.6469
Pedestrian -1 -1 1.6472 753.6220 832.0012 794.1614 946.5568 1.5851 0.5484 0.5714 -2.7606 4.6819 22.0643 1.5285 0.6459
Pedestrian -1 -1 1.6186 916.3044 799.1362 938.0873 855.1389 1.6358 0.6335 0.6394 -1.0476 7.0426 46.0744 1.6084 0.5997
Pedestrian -1 -1 0.9197 1294.7399 859.3326 1393.1000 1071.8103 1.7644 0.6332 0.6167 3.5010 3.9757 13.7049 1.2046 0.5467
Pedestrian -1 -1 0.5680 1433.6031 881.7914 1522.7803 1081.4745 1.6076 0.5214 0.5564 4.6267 3.9730 13.3915 0.9426 0.3832
Pedestrian -1 -1 3.2525 747.8246 842.3101 780.9761 894.5158 1.1802 0.6686 0.7373 -4.8620 6.6028 36.9610 3.1312 0.2063
Pedestrian -1 -1 -1.2351 678.4795 920.3264 788.7971 1148.2654 1.6159 0.5782 1.2031 -1.9463 4.2949 12.9166 -1.3865 0.1300
Pedestrian -1 -1 -1.9187 1428.2931 865.1525 1521.9608 1097.9031 1.7494 0.5647 0.6165 4.1850 3.7616 12.2085 -1.5434 0.1060
Cyclist -1 -1 -1.1640 667.5878 906.1522 794.8950 1140.1370 1.6237 0.5813 1.4025 -1.9641 4.1981 12.9367 -1.3170 0.1785
Cyclist -1 -1 3.2427 638.7339 803.1856 709.2555 866.6484 1.7485 0.7998 1.9785 -8.5108 7.0944 44.3626 3.0620 0.1303
Car -1 -1 -1.4433 502.4787 827.3735 873.8853 1216.0000 1.5212 1.7224 3.6615 -1.4185 2.9974 9.0368 -1.6140 0.2383
