Pedestrian -1 -1 1.1862 1294.5973 855.5599 1388.5758 1064.9862 1.7739 0.6624 0.6325 3.4961 3.9534 13.7821 1.4691 0.7282
Pedestrian -1 -1 1.5500 758.7072 839.3646 795.1092 954.3215 1.5925 0.5296 0.5969 -2.7508 4.8363 22.2871 1.4333 0.6615
Pedestrian -1 -1 -1.4566 1049.8247 823.3295 1108.1974 969.7949 1.7569 0.6727 0.6779 1.5347 4.3882 19.4289 -1.3603 0.6561
Pedestrian -1 -1 -1.2690 623.3702 858.1530 785.1417 1216.0000 1.8541 0.6780 0.9586 -1.4629 3.2836 8.6490 -1.4533 0.6098
Pedestrian -1 -1 0.3001 1430.9205 874.2092 1509.8647 1078.9832 1.6722 0.5381 0.5245 4.5958 3.9844 13.4957 0.6696 0.5256
Pedestrian -1 -1 1.6798 923.2515 802.7715 945.1743 858.5341 1.6214 0.5996 0.6733 -0.8335 7.1583 46.1846 1.6745 0.3456
Pedestrian -1 -1 -1.7198 1413.4965 857.2570 1497.8884 1095.8403 1.8027 0.6035 0.5411 4.0465 3.7598 12.2675 -1.3573 0.2301
Pedestrian -1 -1 0.3094 746.4987 867.3026 781.8041 918.9221 1.1388 0.6397 0.6990 -4.8657 7.1874 36.9361 0.1884 0.1726
Pedestrian -1 -1 1.6755 652.7531 869.1550 708.9344 1037.1843 1.6099 0.5178 0.5592 -2.9010 4.1906 15.5005 1.4880 0.1456
Cyclist -1 -1 -1.1630 669.4340 959.7762 790.7563 1197.8530 1.6041 0.5406 1.3345 -1.9549 4.6297 12.7978 -1.3158 0.2563
Cyclist -1 -1 -1.2292 613.4151 847.1606 797.2445 1216.0000 1.8805 0.7179 1.1586 -1.4563 3.2662 8.6942 -1.4117 0.1720
Car -1 -1 -1.4454 497.1044 847.9052 864.9124 1216.0000 1.4891 1.7186 3.5599 -1.4652 3.1049 9.0136 -1.6220 0.3005
