Pedestrian -1 -1 -1.4489 617.3426 890.9872 749.3307 1216.0000 1.7809 0.6484 0.8046 -1.5421 3.3513 8.3988 -1.6501 0.6885
Pedestrian -1 -1 -1.4090 1047.1735 851.2623 1107.1702 1004.5275 1.8124 0.6567 0.7280 1.5094 4.8158 19.4063 -1.3138 0.6703
Pedestrian -1 -1 0.8454 1249.1398 906.3161 1339.6906 1108.8088 1.7238 0.6003 0.5953 3.1706 4.4810 14.2501 1.0953 0.5213
Pedestrian -1 -1 0.1158 1372.5327 893.0385 1462.1505 1087.6329 1.6348 0.5456 0.7326 4.2979 4.2328 14.0844 0.4494 0.5037
Pedestrian -1 -1 1.7592 746.6727 846.7036 789.6235 959.5925 1.6066 0.5508 0.5543 -2.9324 5.0224 22.7357 1.6371 0.4469
Pedestrian -1 -1 1.7135 804.7728 850.0606 835.3223 933.0715 1.5647 0.5349 0.5373 -2.8316 6.1261 30.0115 1.6293 0.1464
Pedestrian -1 -1 3.0065 724.1165 866.5259 753.9371 926.6591 1.3423 0.6445 0.6540 -5.4982 7.3820 36.9821 2.8687 0.1159
Pedestrian -1 -1 1.5071 1202.0237 927.8032 1258.2571 1124.5276 1.7105 0.5089 0.5733 2.5662 4.6732 14.3071 1.7121 0.1126
Cyclist -1 -1 0.0997 1364.1058 888.4710 1469.2578 1084.3308 1.6275 0.5908 0.8754 4.2952 4.1913 14.0946 0.4329 0.1004
Car -1 -1 -1.4693 482.9232 846.7382 850.4777 1216.0000 1.6292 1.6830 3.7729 -1.5202 3.2268 8.8178 -1.6570 0.1684
