Pedestrian -1 -1 -3.1021 1361.5671 690.1931 1551.8511 1026.6678 1.6618 0.7234 0.9062 2.6937 2.0382 8.1036 -2.7139 0.7703
Pedestrian -1 -1 -1.8093 1707.2733 727.2642 1784.4810 883.8470 1.6952 0.6687 0.6630 8.9838 2.8970 17.1437 -1.2813 0.6114
Pedestrian -1 -1 1.6429 1245.4408 703.8759 1336.3920 935.2739 1.6996 0.6253 0.6576 2.5803 2.3380 11.6766 1.8973 0.5810
Pedestrian -1 -1 1.5523 1206.3439 760.0745 1232.2045 844.4390 1.7175 0.5395 0.6458 5.5164 4.6409 31.9764 1.7421 0.3272
Pedestrian -1 -1 1.8186 1244.6124 763.7450 1277.0631 844.6342 1.6011 0.5303 0.5822 6.2679 4.5408 31.2826 2.0365 0.1913
Pedestrian -1 -1 1.5367 1180.9734 762.8121 1206.6718 847.6840 1.7409 0.5365 0.6479 5.0034 4.7430 32.1953 1.7092 0.1342
Pedestrian -1 -1 -1.5359 1202.2153 744.8251 1238.6198 851.4509 1.7342 0.5787 0.6037 4.4200 3.8073 25.4908 -1.3435 0.1233
Cyclist -1 -1 -3.0634 1355.8330 686.8811 1539.7853 1017.0732 1.6396 0.7597 0.8527 2.6622 1.9995 8.1543 -2.6816 0.1098
Car -1 -1 1.5379 1235.9294 783.4736 1316.7670 871.2004 1.6247 1.8869 4.0245 7.8961 5.8451 37.6448 1.7637 0.3446
Car -1 -1 -1.9622 1229.3636 731.5125 1741.4520 1115.7468 1.4814 1.6289 3.4346 2.6760 2.2086 8.4647 -1.5941 0.1401
