Pedestrian -1 -1 1.5247 1426.7247 709.3236 1530.6124 993.2592 1.8140 0.6540 0.8293 3.5815 2.4266 10.3519 1.9125 0.7139
Pedestrian -1 -1 -3.2527 1609.7025 702.5471 1778.8950 1066.2114 1.6660 0.6427 0.7311 3.6535 2.0778 7.4866 -2.7066 0.6375
Pedestrian -1 -1 1.4943 1703.0903 760.6051 1738.0092 852.0211 1.7237 0.5908 0.7526 15.2470 4.4920 30.0411 1.9936 0.3825
Pedestrian -1 -1 1.5517 1384.3517 763.5150 1411.7908 855.1966 1.7409 0.5254 0.7799 8.8228 4.5821 30.2026 1.8596 0.3433
Pedestrian -1 -1 -1.8320 1922.4677 736.5229 1936.0000 917.2176 1.8103 0.6368 0.6687 10.6928 3.0322 15.9413 -1.1893 0.2595
Pedestrian -1 -1 1.4101 1414.9972 768.9427 1446.6346 854.1578 1.6145 0.5169 0.6893 9.4189 4.5422 30.0117 1.7387 0.2008
Pedestrian -1 -1 1.4711 1670.5751 759.0510 1704.8241 849.4691 1.7292 0.5755 0.7247 14.7418 4.4924 30.3589 1.9521 0.1239
Pedestrian -1 -1 1.7124 1759.6967 749.6801 1825.6591 874.9427 1.7060 0.6634 1.1704 12.4310 3.6262 22.3504 2.2576 0.1083
Pedestrian -1 -1 1.3747 1737.5275 761.8599 1774.1661 848.2433 1.6305 0.5509 0.6155 15.8338 4.3954 29.8095 1.8933 0.1046
Car -1 -1 1.6188 1407.0812 779.6804 1502.2797 870.1669 1.5972 1.8996 3.9045 11.9161 5.5452 35.9773 1.9613 0.1614
Car -1 -1 -1.8610 1317.7852 730.8661 1703.8286 1076.8279 1.6768 1.6044 3.8426 3.5848 2.5584 10.4538 -1.4770 0.1112
